22.5502223737401
0.994959058846462
5.48792035842371
1.61905838049438
20.0042344635876
0.648432251560735
0.624099321024687
0.000346401757042258
1.61905837928771
1.00509544390798
0.995008432528039
0.635005903423007
5.85032466915436e-10
0.0770059776489234
1.4142642612569e-10
1.30226301997254
0.624099322442135
8.46966941026039e-10
0.994959057978349
1.61905837838049
1.61905837937729
4.13706402468961e-09
20.7513280958415
20.59974009906
0.62409932181572
20.686376324516
21.6840929439841
20.0486610866433
21.0290087623823
1.61905837869335
