278.389781809885,250.604254626994,264.162501329804,167.273503037503,124.729762862995,279.356080424342,276.904834752183,199.466204004074,274.1402308652,291.843538179311,255.962069243869,115.289886348972,256.367027169154,111.62870295451,107.884498183303,258.297279105841,286.825410329126,285.722005719305,119.101902850298,274.187516458011,262.775927365215,206.264810863565,263.353124485746,249.463873769736,108.758493581147,251.513705158195,301.750573531037,259.643549875076,321.925931377925,274.16360312511
257.413609780266,244.273873370701,237.664449490298,167.273503037503,124.729762862995,265.120479162078,254.530497569212,199.466204004074,257.160541103859,251.071750656695,235.946314600814,100.972723013977,245.133548033339,101.97400643969,101.645611295092,258.297279105841,242.591966379812,250.591918822445,101.087624023722,254.482664361064,250.408819884513,206.264810863565,251.592474560982,237.762605908636,101.148121951613,231.769790341491,247.320204861041,242.990477199118,248.455889357657,248.413333223278
250.745619494012,226.598249242186,237.664449490298,167.273503037503,124.729762862995,227.356185523596,246.118151068129,199.466204004074,248.163229817686,247.698302528659,235.946314600814,100.896855642651,243.121867060282,100.692070992047,100.967886759984,245.382017507995,242.591966379812,247.138254159854,101.087624023722,254.482664361064,250.408819884513,206.264810863565,234.705801489773,237.762605908636,100.941953109927,231.769790341491,247.320204861041,239.529328866022,241.51480063669,248.16028215328
249.074409361409,206.239251613105,226.871521441231,167.273503037503,124.729762862995,227.356185523596,233.343054941195,199.466204004074,230.086206843095,244.967575616805,205.738039984061,100.719107798071,212.12997171449,100.672017237593,100.55799560138,233.024377789317,236.141696480044,237.191451314153,100.633963284445,227.708881145682,223.124815338627,206.264810863565,210.221620586783,207.360397051328,100.531650190799,207.057175539277,236.362675300797,208.734034091285,241.51480063669,243.666963097377
206.36254502157,205.403385584804,205.027563369689,167.273503037503,124.729762862995,209.091571315735,207.146384148104,199.466204004074,206.622002658947,204.983587532382,204.615314863875,100.418762939868,206.842030718028,100.326831165984,100.377682209193,203.895896390204,209.631015137917,205.071318270352,100.474450135195,205.776953679239,204.816187422978,206.264810863565,209.999032452552,206.902835361889,100.425021765201,207.001063397603,211.288062004512,207.240077023264,204.669798094588,205.782206972303
205.483582129674,205.403385469987,205.027561974074,167.273503037503,124.729762862995,207.97453763952,203.723712396223,199.466204004074,205.94099110289,204.336647729712,204.615314817153,100.327562733176,206.84203025923,100.265283891157,100.290979084233,203.723710038045,209.442532871707,205.027561975971,100.324613588398,205.767820443455,204.72826432628,206.264810863565,209.999032423812,206.902835289694,100.314883725644,207.001063387017,207.693742999496,207.240076855762,204.05239050512,205.446007362826
205.483582048088,205.403385469987,205.027561974074,167.273503037503,124.729762862995,207.974537544097,203.723708740577,199.466204004074,205.940990956843,204.336647684355,204.615314817153,100.321100608269,206.84203025923,100.24629780439,100.276721336729,203.723708740548,209.442532866312,205.027561974074,100.283613369321,205.767820435994,204.728264311402,206.264810863565,209.999032423812,206.902835289694,100.28682986022,207.001063387017,207.693742683457,207.240076855762,204.052388132822,205.446005780705
205.483582048088,205.403385469987,205.027561974074,167.273503037503,124.729762862995,207.974537544097,203.723708740545,199.466204004074,205.940990956843,204.336647684355,204.615314817153,100.318839237004,206.84203025923,100.242359515702,100.274159130606,203.723708740545,209.442532866312,205.027561974074,100.276557967862,205.767820435994,204.728264311402,206.264810863565,209.999032423812,206.902835289694,100.282738073411,207.001063387017,207.693742683457,207.240076855762,204.052388132814,205.446005780694
205.483582048088,205.403385469987,205.027561974074,167.273503037503,124.729762862995,207.974537544097,203.723708740545,199.466204004074,205.940990956843,204.336647684355,204.615314817153,100.318468659306,206.84203025923,100.241669579703,100.273193149593,203.723708740545,209.442532866312,205.027561974074,100.27254167712,205.767820435994,204.728264311402,206.264810863565,209.999032423812,206.902835289694,100.282435688218,207.001063387017,207.693742683457,207.240076855762,204.052388132814,205.446005780694
205.483582048088,205.403385469987,205.027561974074,167.273503037503,124.729762862995,207.974537544097,203.723708740545,199.466204004074,205.940990956843,204.336647684355,204.615314817153,100.318186052547,206.84203025923,100.241663267202,100.273103418295,203.723708740545,209.442532866312,205.027561974074,100.271782900918,205.767820435994,204.728264311402,182.787773723634,209.999032423812,206.902835289694,100.28242161002,207.001063387017,207.693742683457,207.240076855762,204.052388132814,205.446005780694
205.483582048088,205.403385469987,205.027561974074,167.273503037503,124.729762862995,207.974537544097,203.723708740545,199.466204004074,205.940990956843,204.336647684355,204.615314817153,100.318186052547,206.84203025923,100.241640762411,100.273079242647,203.723708740545,209.442532866312,205.027561974074,100.271782900918,205.767820435994,204.728264311402,182.787773723634,209.999032423812,206.902835289694,100.282310734044,207.001063387017,207.693742683457,207.240076855762,204.052388132814,205.446005780694
205.483582048088,205.403385469987,205.027561974074,167.273503037503,124.729762862995,207.974537544097,203.723708740545,199.466204004074,205.940990956843,204.336647684355,204.615314817153,100.318174135471,206.84203025923,100.241612699183,100.273034893542,203.723708740545,209.442532866312,205.027561974074,100.271714849206,205.767820435994,204.728264311402,182.787773723634,209.999032423812,206.902835289694,100.282279099355,207.001063387017,207.693742683457,207.240076855762,204.052388132814,205.446005780694
205.483582048088,205.403385469987,205.027561974074,167.273503037503,124.729762862995,207.974537544097,203.723708740545,199.466204004074,205.940990956843,204.336647684355,204.615314817153,100.318156187554,206.84203025923,100.241606370215,100.273032719056,203.723708740545,209.442532866312,205.027561974074,100.2717075797,205.767820435994,204.728264311402,182.787773723634,209.999032423812,206.902835289694,100.282273598965,207.001063387017,207.693742683457,207.240076855762,204.052388132814,205.446005780694
205.483582048088,205.403385469987,205.027561974074,167.273503037503,124.729762862995,207.974537544097,203.723708740545,199.466204004074,205.940990956843,204.336647684355,204.615314817153,100.318152117861,206.84203025923,100.241604785146,100.273029884983,203.723708740545,209.442532866312,205.027561974074,100.271702827867,205.767820435994,204.728264311402,182.787773723634,209.999032423812,206.902835289694,100.282271514477,207.001063387017,207.693742683457,207.240076855762,204.052388132814,205.446005780694
