83.3987962282597,77.7207986469019,88.4104967796981,84.7747385715943,82.2637335743731,57.3725325570855,83.9320998383248,89.3005141549988,91.1492100675252,105.70441150201,97.4282620835388,69.3602049595364,76.040764250464,99.2389849979688,77.0915827394359,73.2449593626826,83.4391885661489,80.5097280294154,72.6469714587532,74.810040300855,56.5654199089877,104.558291155613,87.1452729590472,68.7677949569497,76.3638432280114,68.3288337528039,78.6484637089952,76.5932373795648,83.6697676453445,107.260656671455
83.3987962282597,53.2659487279257,79.9600570391534,84.7747385715943,77.6287720607108,57.3725325570855,63.9773359684457,56.4980343924688,91.1492100675252,96.4990800867625,88.0719838826608,69.3602049595364,64.4743720326319,67.8767423949151,62.8595673531613,73.2449593626826,83.4391885661489,80.5097280294154,66.0722417078098,72.1249106059987,56.5654199089877,99.8950530082529,85.998920469621,68.7677949569497,66.7634073454732,68.3288337528039,78.6484637089952,76.5932373795648,81.4887766680363,92.3242912381284
83.3987962282597,53.2659487279257,77.0601138063141,80.9218085278256,77.6287720607108,57.3725325570855,63.9773359684457,56.4980343924688,91.1492100675252,81.7087824970981,71.9621120314115,67.1439269593304,64.4743720326319,67.8767423949151,62.8595673531613,73.2449593626826,81.3926798541521,80.3336420041904,66.0722417078098,67.023712916836,56.5654199089877,54.9146865240317,75.3361010310161,68.7677949569497,66.7634073454732,58.299238518779,67.9230884740438,60.8699023163592,81.4887766680363,67.8301120149185
62.6916728209812,53.2659487279257,56.864549099124,57.8813549982688,62.2184201100587,57.3725325570855,60.9216887940538,50.2591110965799,79.3770509325836,58.7332903134838,60.8633692060528,67.1439269593304,64.4743720326319,65.3235900666091,62.8595673531613,67.7553555596863,70.3048168353213,67.4983968040218,59.8140031471382,33.1360679890919,56.5654199089877,54.9146865240317,75.3361010310161,53.3021601418496,66.7634073454732,58.299238518779,67.9230884740438,60.8699023163592,65.9220850940354,67.8301120149185
62.6916728209812,53.1371142379143,37.3121012110439,56.2282603428963,62.2184201100587,57.3725325570855,51.3327355315794,50.2591110965799,65.0649203852079,47.5686512829041,46.4509403939129,45.5971130869551,45.7676291337696,53.1489046506119,58.9956255974632,58.2313004925327,68.3839919280159,55.8084272882344,40.3818101987746,33.1360679890919,56.5654199089877,53.9812085561043,53.2768753185359,53.3021601418496,56.77952285702,50.1875526749486,58.2630707364915,44.7550087213808,58.3046158229281,53.5160385004165
43.7609369798345,47.1770526746365,37.3121012110439,56.2282603428963,35.1957663561592,49.9840427272088,44.6896072001098,35.142297325494,65.0649203852079,47.5686512829041,46.4509403939129,45.5971130869551,42.3943834562781,49.5939797067085,28.4448018279332,50.258165492228,37.1894689357812,41.0326183375985,40.3818101987746,33.1360679890919,52.7924363717472,12.1046359169502,47.8732668376367,47.662386567863,36.7150439515103,48.8460509596495,43.8619767678236,43.7228050234163,41.3854073577028,52.0870229162564
39.5777648784904,25.7984147455551,29.4038855908183,47.9830860352259,35.1957663561592,28.1007638805359,44.6896072001098,35.142297325494,51.8694133967139,46.6771951975524,46.4509403939129,35.5534793911029,42.3943834562781,43.2418316785474,28.4448018279332,42.604422324388,37.1894689357812,36.4684760510532,40.3818101987746,33.1360679890919,43.1833799022077,12.1046359169502,45.8833645346878,45.0001393850722,36.7150439515103,48.8460509596495,25.3777636861803,43.7228050234163,41.3854073577028,43.2141031052259
39.5777648784904,25.7984147455551,29.4038855908183,47.7021372392519,30.3355090380363,26.0334152866322,44.1918462068601,34.0680843326353,48.8151919929909,28.8748376399387,43.1930844897677,34.9599666364287,39.0594833840032,32.390788219606,28.4448018279332,41.6626963230269,32.1714055933553,36.4684760510532,35.3391482922672,33.1360679890919,43.1833799022077,12.1046359169502,35.5498577904398,36.6484876059652,27.575604874685,37.6346616734525,25.3777636861803,35.3961193398441,40.8372461132016,31.1826141879943
32.7156671830257,25.7984147455551,26.763194481203,33.0548564142446,30.3355090380363,26.0334152866322,44.1918462068601,34.0680843326353,36.3059683517633,28.8748376399387,24.0016654916813,34.9599666364287,28.3487711909777,29.4036572453108,28.4448018279332,37.772636968143,27.9616839242043,25.3168373935356,35.3391482922672,17.4657468946907,31.0359701481507,12.1046359169502,21.9826180851998,35.4908556803848,27.575604874685,26.7601198531169,25.3777636861803,29.8447376874251,40.8372461132016,31.1826141879943
17.8034667117993,23.8044407945963,25.9454309968402,30.8468310960887,30.3355090380363,16.7885795868747,16.700825880448,27.7047490449124,31.4625742149108,24.4678905746048,24.0016654916813,32.4665278649588,28.3487711909777,28.2137818918518,15.3282001624408,14.51071911486,24.4650967290253,25.3168373935356,22.679181217439,15.3215270983692,31.0359701481507,12.1046359169502,12.5029010770899,32.9617741838246,16.0776140301241,17.5979791954154,25.3777636861803,22.9055302987455,31.991220140388,30.7882058865237
0.996796391874,3.9818066828343,0.995153553298792,2.98501033018044,8.54189494545369,1.99003390276221,0.995205599414135,1.9927299429072,14.3528022849939,3.02819390388447,4.00747165577206,3.09445596189812,5.97065931246448,3.12032456674888,12.3769920016628,2.98499241407183,0.998469016118861,25.3168373935356,2.98636617382374,3.98950537525491,28.0429003175913,3.28442742964842,0.99500987235831,28.1513039145045,3.97987975239619,1.99022083120417,2.99258402430075,4.97766897793031,3.17018364408682,4.28412019156008
0.994959057099777,3.97983622839763,0.994959057095912,2.98487717128137,3.97983625038626,1.98991811418728,0.99495905709523,1.98991811420922,3.07695629394243,2.98487717201056,3.97983622852439,0.99495907537505,5.96975434256228,2.98487717156286,0.994959118367433,2.98487717128,0.994959057113874,3.97983625829431,2.98487717130502,3.97983622840854,3.97988033662546,2.9848771726156,0.994959057093524,3.97983640111215,3.97983622837341,1.98991811419171,2.98487717132059,4.97479528547615,2.98487717478031,1.98991811918552
0.994959057093297,3.97983622837319,0.994959057093297,2.98487717127989,3.97983622837319,1.98991811418659,0.994959057093297,1.98991811418659,2.98487720915477,2.98487717127989,3.97983622837319,0.994959057093297,5.96975434255978,2.98487717127989,0.994959057093297,2.98487717127989,0.994959057093297,3.97983622837319,2.98487717127989,3.97983622837319,3.97983622837319,2.98487717127989,0.994959057093297,3.97983622837319,3.97983622837319,1.98991811418659,2.98487717127989,4.97479528546648,2.98487717127989,1.98991811418659
0.994959057093297,3.97983622837319,0.994959057093297,2.98487717127989,3.97983622837319,1.98991811418659,0.994959057093297,1.98991811418659,2.98487717127989,2.98487717127989,3.97983622837319,0.994959057093297,5.96975434255978,2.98487717127989,0.994959057093297,2.98487717127989,0.994959057093297,3.97983622837319,2.98487717127989,3.97983622837319,3.97983622837319,2.98487717127989,0.994959057093297,3.97983622837319,3.97983622837319,1.98991811418659,2.98487717127989,4.97479528546648,2.98487717127989,1.98991811418659
0.994959057093297,3.97983622837319,0.994959057093297,2.98487717127989,3.97983622837319,1.98991811418659,0.994959057093297,1.98991811418659,2.98487717127989,2.98487717127989,3.97983622837319,0.994959057093297,5.96975434255978,2.98487717127989,0.994959057093297,2.98487717127989,0.994959057093297,3.97983622837319,2.98487717127989,3.97983622837319,3.97983622837319,2.98487717127989,0.994959057093297,3.97983622837319,3.97983622837319,1.98991811418659,2.98487717127989,4.97479528546648,2.98487717127989,1.98991811418659
0.994959057093297,3.97983622837319,0.994959057093297,2.98487717127989,3.97983622837319,1.98991811418659,0.994959057093297,1.98991811418659,2.98487717127989,2.98487717127989,3.97983622837319,0.994959057093297,5.96975434255978,2.98487717127989,0.994959057093297,2.98487717127989,0.994959057093297,3.97983622837319,2.98487717127989,3.97983622837319,3.97983622837319,2.98487717127989,0.994959057093297,3.97983622837319,3.97983622837319,1.98991811418659,2.98487717127989,4.97479528546648,2.98487717127989,1.98991811418659
