62888711.0597547,2347017.54786493,12170595.2380661,12383987.2097144,20632046.7162422,42735588.7219747,37799445.6536694,23780337.2952048,3540388.92732192,6641718.74778076,11192512.3564104,10346848.0449119,17462034.6818179,28347616.3515051,22115294.3208923,4617989.99798477,15135450.1869664,11382636.5748052,11879651.2429825,10972993.9742815,28580859.0396179,31817364.8368246,9080176.5563459,6556614.93201293,8251964.18803161,30112046.4561594,12560373.0540725,117159566.438984,9616543.18528804,18868564.3557061
740204.596739769,161381.233338921,2454756.18397464,240696.240327044,545392.043378978,652191.10663185,1479283.78241435,484072.70453442,259262.444133887,1705366.88154895,1053305.03311228,436462.921031278,621830.61596606,1994991.62826804,2436450.46961018,749542.060871821,511469.342744915,1092245.3293146,1184225.62439457,3435147.91139907,958310.748776583,277145.48824634,3322072.33747089,737588.411955937,467106.6383945,2725348.35707996,616100.617687437,2258880.60713066,584964.092790389,2619066.4507914
252753.751343198,27873.4372041514,114568.152978639,53648.664389011,91899.753806466,92855.9441638508,209729.57090366,322434.061390025,94595.637432581,72706.2968714591,211209.462404023,42055.8672089988,112346.984057172,61143.9871706894,49186.7943089055,192068.913586707,24541.8288993258,35905.0439567449,30945.5712661517,445991.649995172,17378.7863316845,277145.48824634,368826.614246308,183521.922429431,81713.057176069,32687.2822707312,181149.584097094,144856.405321039,159020.056994975,34892.9129278934
3086.71870895279,202.953378278305,3510.60027648114,171.180539577233,1975.90498559243,1021.9264136155,3804.38173292025,909.308800713927,2239.69594027253,1048.94590871868,284.723872791905,1525.87371534987,562.513312671325,1326.83692098587,1378.05489965115,1160.72724249383,406.067646438554,2221.1980759262,1023.96626509809,1217.95952849688,247.050562775374,1228.88059913769,900.200882914075,638.370374080419,508.883410585144,499.418152159792,423.58026885462,2088.1041577113,940.243533386073,1405.2615731197
4.22164231235979,4.37528271921201,26.4445843190936,10.4930317409312,28.1811496329703,4.35888919522677,27.5966331428376,30.2614939762323,44.8237023303252,10.4299748429805,11.7781396777993,4.44667635667156,8.43816519920142,32.6270028409251,15.6932943078029,16.0688091965665,6.55980995722371,4.49357290330204,52.3066278847534,21.8940367732382,9.47125051933472,26.6538938131002,1.60918738472969,1.63480622521161,8.41320254177799,21.9439604053057,4.24277892807095,11.1800581471489,53.6018703170089,3.1194358469852
2.1357302866827,1.18983491714243,1.15969225653816,5.0333136713457,0.0619403608493485,2.08830180796417,4.19350155146708,8.00126897371729,5.07441472408755,2.15501571626692,5.13683678055031,4.03933542219556,1.14846150656399,2.1554445066779,2.10514589091758,2.29898129035587,1.24702203323841,4.00734806629544,8.08990109045226,9.1687850540975,4.15843873887934,25.9295304182215,1.07735791088567,0.336250106747684,1.30491502376799,10.1095422359247,2.19101467335963,9.0211542034483,5.1617583034872,1.1510262983038
2.13073941647917,1.18826647831588,1.10468463780148,5.02489789531637,0.0452900254135784,2.08225359022072,4.1837307010444,7.98435239671039,5.06684201231269,2.14900520905599,5.12848100124415,4.03688901409305,1.14311447476916,2.15148226723613,2.09866591040054,2.29502740322414,1.24346315698449,4.00586296557208,8.08088282998256,9.16479124999455,4.15376521780104,25.9267557316455,1.07306765559656,0.333316654450755,1.30116118325145,10.1009229994531,2.18872622265235,9.01853382972195,5.15320856288326,1.14784505922557
2.13065530654444,1.18823158654186,1.10375244302418,5.02482174572037,0.0449804555798892,2.08217156427872,4.18363461505032,7.98392900419003,5.0666977346682,2.14891145168644,5.12841373963875,4.03686088989707,1.1430733571442,2.15139948893989,2.09860394154111,2.29497546849302,1.24338541268958,4.00582795274931,8.0807294769952,9.16468273952023,4.15370502578116,25.9267084065677,1.07302692994722,0.33329380599821,1.30111882842152,10.1006828266641,2.18869917053803,9.01849027657613,5.15311836514911,1.14781580644012
2.13065462460622,1.1882311760794,1.10373710840418,5.02482015710166,0.044974266993222,2.08217065848089,4.18363348140178,7.98392541143835,5.06669547533465,2.14891035883147,5.12841228338925,4.0368604296682,1.14307195442598,2.15139733177261,2.09860271641014,2.2949744625621,1.24338409818688,4.00582689287694,8.08072796070564,9.16468126053178,4.15370456380629,25.9267077683955,1.07302508094222,0.333293588065544,1.30111835012053,10.1006795064895,2.1886987588141,9.018489842289,5.15311529290489,1.14781540939725
2.13065457885295,1.18823104370449,1.10373688780578,5.02482013838903,0.0449741820734744,2.0821706484162,4.18363344817931,7.98392534335903,5.06669545725299,2.14891032880109,5.12841222496536,4.0368604103362,1.14307194717981,2.15139730612987,2.09860267234876,2.2949744278967,1.24338404268815,4.00582687856308,8.08072792400662,9.16468122869674,4.15370454571462,25.9267077539475,1.07302507020904,0.333293544749949,1.30111826691382,10.100679474953,2.18869872463142,9.01848983879086,5.15311526713867,1.14781531683138
2.13065452325145,1.1882309429393,1.10373687846231,5.02482012936071,0.0449741639761214,2.08217062812878,4.18363340375231,7.98392534255436,5.06669541231554,2.14891029173441,5.1284121348383,4.03686039278659,1.14307193715831,2.15139728838267,2.09860260218261,2.29497441695457,1.24338396952953,4.00582685392101,8.08072790712185,9.16468120442005,4.15370452143475,25.9267077409913,1.07302506795031,0.333293528452486,1.30111820783509,10.1006794674261,2.18869870134586,9.01848981795456,5.15311522631714,1.14781520904967
2.13065446913151,1.18823081582127,1.10373686735511,5.02482012522432,0.0449741445900145,2.08217059039703,4.18363337130586,7.98392534255436,5.0666953636412,2.14891026402665,5.12841206243252,4.03686036191129,1.14307192639058,2.15139727326618,2.09860254617888,2.29497440819659,1.24338390451362,4.00582683133734,8.08072790174356,9.16468118676994,4.15370449508805,25.9267077342274,1.07302506712927,0.333293528326067,1.30111812393307,10.1006794514155,2.18869868519255,9.01848979839929,5.15311518875842,1.14781508353599
2.13065440613582,1.18823068373922,1.10373685595187,5.02482011504367,0.0449741249631188,2.08217056890498,4.18363331881096,7.98392534255436,5.06669530268164,2.14891022223082,5.12841200345861,4.03686033382405,1.14307190601039,2.15139726794087,2.09860248201426,2.29497440505043,1.24338383559984,4.00582680928505,8.08072790131632,9.16468115156022,4.15370447883129,25.9267077059599,1.0730250638353,0.333293528326067,1.30111807245862,10.1006794378391,2.18869866214527,9.01848977339046,5.1531151622296,1.14781498141042
2.13065436547095,1.18823056541464,1.10373684977162,5.0248201011068,0.0449741052264017,2.08217055116347,4.18363325006044,7.98392534255436,5.06669524287645,2.14891018073126,5.1284119345155,4.03686031375332,1.14307189057058,2.15139725724794,2.09860244082643,2.29497440371574,1.24338373919545,4.00582679164154,8.08072790083565,9.16468110354549,4.15370444296514,25.9267076956951,1.07302505856978,0.333293528234663,1.3011180350195,10.1006794196753,2.1886986352788,9.01848973989809,5.15311512968083,1.14781489365828
