283.152196935033,278.784821084234,102.379946796048,277.699380943011,111.170983264514,258.663902998087,240.941467928354,108.314874272553,266.700898159886,261.911350935808,255.834530198109,112.7774787234,269.870666382376,301.28769395367,259.173084009174,270.547745517742,205.483582048088,111.009889725348,114.566775773461,296.709874972119,204.49481448289,271.153299641832,254.672950205734,112.041538598703,295.626991711111,263.279350023893,246.695577552142,205.053848956137,103.824894213742,250.460087249437
252.641564948766,258.672420977065,101.516224232977,254.86020819028,102.341123672354,254.000360241489,240.777251793057,101.584657525521,247.843233335411,245.480435167872,239.310576538073,102.304453102165,254.197870811749,249.900463472171,242.490261474812,257.876529475205,205.483582048088,101.255004772033,101.753731286764,249.753486229243,204.49481448289,265.081008642757,238.690654756441,101.106881872251,252.593508448781,242.270342385655,246.695577552142,205.053848956137,101.553914644147,224.128910902317
247.484516262946,232.127730454183,100.880469490695,240.458554210895,100.739662117951,254.000360241489,234.082665881964,100.646730519199,240.222931190932,245.480435167872,226.339453467277,100.822214241461,246.166962929583,237.595772003608,222.517959261419,254.580986366223,205.483582048088,101.077226149068,100.644950049629,247.409589720649,204.49481448289,249.222402828714,238.690654756441,100.789039781245,233.792296624089,228.790002457805,237.512481106701,205.053848956137,100.665039160388,224.128910902317
243.566262190341,232.127730454183,100.580620837088,240.458554210895,100.540809405321,244.549364901246,207.480954889939,100.524704155649,207.015154861052,238.755169109496,223.028440100622,100.664499601714,235.027170117318,237.595772003608,207.547998732148,233.107593408167,205.483582048088,100.676419214072,100.644950049629,236.885118218863,204.49481448289,249.222402828714,200.697121664945,100.73005842661,226.670010028693,204.914952267321,206.249227499803,205.053848956137,100.604955244755,207.340042608085
215.787011322969,203.924081495594,100.448958774284,205.808870539141,100.383900635745,205.655553780375,207.3990355648,100.410589129414,206.781047972082,210.559184263258,205.403386447066,100.389830661908,209.035087650683,210.924552090023,207.513590281695,207.485985653008,205.483582048088,100.444158230957,100.359675281322,206.227830777433,204.49481448289,206.804253380464,200.000064369264,100.336585160235,204.438622581329,204.87979734572,205.322526337131,204.086358152332,100.420811420486,206.594400095789
204.999909883341,203.723709082609,100.4056864251,205.320443927194,100.265142865485,205.403385487286,207.399035534471,100.284228958276,206.78104794476,208.832444995069,205.403385469987,100.309277045098,208.658064789826,206.5555624126,207.513590278395,207.104850182485,205.483582048088,100.3780485256,100.25848120213,205.446009274153,204.49481448289,206.612447964482,200.000000000005,100.320024731636,204.160722842355,204.879797333172,205.32252610864,204.052388322302,100.361681228033,206.594399952596
204.999909307886,203.723708740546,100.378804668186,205.320443909559,100.233752931458,205.403385469987,207.399035534471,100.274573884479,206.78104794476,208.832444928263,205.403385469987,100.296946788705,208.658064740957,206.555561811223,207.513590278395,207.104848851268,205.483582048088,100.357201419727,100.257968254641,205.446005780701,204.49481448289,206.612447956453,200,100.310488600599,204.160722262751,204.879797333172,205.32252610864,204.052388132816,100.347704816279,206.594399952596
204.999909307886,203.723708740545,100.373203073683,205.320443909559,100.231153143759,205.403385469987,207.399035534471,100.270948904684,206.78104794476,208.832444928263,205.403385469987,100.290673017392,208.658064740957,206.555561811223,207.513590278395,207.104848851262,205.483582048088,100.354392113283,100.251106986353,205.446005780694,204.49481448289,206.612447956453,200,100.30586340351,204.160722262749,204.879797333172,205.32252610864,204.052388132814,100.342719099072,206.594399952596
204.999909307886,203.723708740545,100.372222130954,205.320443909559,100.23003904521,205.403385469987,207.399035534471,100.270259568736,206.78104794476,208.832444928263,205.403385469987,100.290360898984,208.658064740957,206.555561811223,207.513590278395,207.104848851262,180.799656167741,100.353143030547,100.250323977934,205.446005780694,204.49481448289,206.612447956453,200,100.305209064327,204.160722262749,204.879797333172,205.32252610864,204.052388132814,100.34101529445,206.594399952596
204.999909307886,203.723708740545,100.371880273672,205.320443909559,100.229609022773,205.403385469987,207.399035534471,100.270063314146,206.78104794476,208.832444928263,205.403385469987,100.289847064036,208.658064740957,206.555561811223,207.513590278395,207.104848851262,180.799656167741,100.352833123159,100.249912531347,205.446005780694,204.49481448289,206.612447956453,200,100.304893367345,204.160722262749,204.879797333172,205.32252610864,204.052388132814,100.340814557243,206.594399952596
204.999909307886,203.723708740545,100.371724426375,205.320443909559,100.229458690965,205.403385469987,207.399035534471,100.270048139766,206.78104794476,208.832444928263,205.403385469987,100.28969548171,208.658064740957,206.555561811223,207.513590278395,207.104848851262,180.799656167741,100.352706173202,100.249850555699,205.446005780694,204.49481448289,206.612447956453,200,100.30486001159,204.160722262749,204.879797333172,205.32252610864,204.052388132814,100.340802997832,206.594399952596
204.999909307886,203.723708740545,100.37169082772,205.320443909559,100.229427311861,205.403385469987,207.399035534471,100.270045324325,206.78104794476,208.832444928263,205.403385469987,100.289636299568,208.658064740957,206.555561811223,207.513590278395,207.104848851262,180.799656167741,100.352677639354,100.249817649149,205.446005780694,204.49481448289,206.612447956453,200,100.304845398977,204.160722262749,204.879797333172,205.32252610864,204.052388132814,100.340794575072,206.594399952596
204.999909307886,203.723708740545,100.371683555151,205.320443909559,100.229425608,205.403385469987,207.399035534471,100.270039025341,206.78104794476,208.832444928263,205.403385469987,100.289623492323,208.658064740957,206.555561811223,207.513590278395,207.104848851262,180.799656167741,100.35266259983,100.249807349843,205.446005780694,204.49481448289,206.612447956453,200,100.304842146619,204.160722262749,204.879797333172,205.32252610864,204.052388132814,100.340794575072,206.594399952596
204.999909307886,203.723708740545,100.371680648457,205.320443909559,100.229424438844,205.403385469987,207.399035534471,100.270035760933,206.78104794476,208.832444928263,205.403385469987,100.289620912753,208.658064740957,206.555561811223,207.513590278395,207.104848851262,180.799656167741,100.35265762578,100.249805766362,205.446005780694,204.49481448289,206.612447956453,200,100.304840698796,204.160722262749,204.879797333172,205.32252610864,204.052388132814,100.340794575072,206.594399952596
