1378.24536750828,984.652039439509,1304.42841791286,1371.90320326075,1116.48169207838,1417.57780141233,811.546044617625,1934.85946855697,2020.14209897372,1182.09371686246,3453.11537933649,1061.75595580759,2604.38277201988,2215.73660893538,1965.72100561003,2038.18680210031,1851.81173559846,834.654509663145,1848.26922063841,903.31051186109,1171.99345865308,1433.94774055567,1733.52143202552,795.764158183664,1580.7465580969,586.018867279976,485.90197487522,992.800560538213,1690.45581509029,2704.4873586546
1378.24536750828,984.652039439509,1304.42841791286,1371.90320326075,1116.48169207838,1417.57780141233,611.345357613402,1934.85946855697,2020.14209897372,1182.09371686246,1912.86789495592,570.722958487989,1673.39596662671,1386.35548055375,1965.72100561003,1293.32828193308,1520.63833780287,834.654509663145,1715.42928124136,643.799176303729,1091.07409668107,1433.94774055567,1733.52143202552,622.743426620208,1580.7465580969,520.790836922053,485.90197487522,442.482511718044,1690.45581509029,2704.4873586546
1047.52753930795,984.652039439509,678.609855171601,1371.90320326075,1116.48169207838,1062.73228917197,371.437011028387,967.842604500876,979.806620330908,590.907159907678,1912.86789495592,547.470163065166,1024.00283360711,1057.92890390406,1103.49467776008,548.353771730401,1274.12577852878,587.239825257924,1715.42928124136,265.224469006814,628.459390246487,1433.94774055567,771.107707494212,519.108488513532,691.555781596607,317.766964245755,485.90197487522,302.388803193292,904.498336812495,1534.52502806082
1047.52753930795,529.166437169472,678.609855171601,368.697818968853,762.303093052697,973.5720270307,194.67116558596,796.979107609227,650.202692723112,518.737817922117,1514.46311220808,171.310063445746,385.278512044547,507.391038869923,1103.49467776008,548.353771730401,1253.2297227329,300.316299475243,661.358899858542,252.059001599078,385.075106305127,753.650094750029,771.107707494212,476.426994645009,691.555781596607,317.766964245755,477.325905994678,278.065184272937,591.982819402728,982.386513784365
705.982708972595,414.9642620018,392.982234597333,227.19088670823,695.798629538815,320.891766926454,85.2548314865555,495.204200335466,513.746645124697,164.092492381507,649.151966859406,79.0113930496245,62.6977404114878,207.279012803982,530.857776153774,182.076612612848,532.675141709989,239.970435366411,608.431613101601,112.001933094507,116.706374531998,516.530771802695,338.19539709033,476.426994645009,185.43214363831,136.976111004376,311.455748814076,51.7000284817871,591.982819402728,751.677523808436
236.160882330035,106.809269511939,392.982234597333,227.19088670823,424.221167357807,100.978845265059,46.4930562175424,147.113602048775,467.801884169096,125.419482978344,330.266386365762,13.0742972673,42.8205170917789,115.802914688653,271.887505851559,46.129556756168,238.76070983682,25.5789523562395,372.89088709753,25.7366649432722,14.7205174535441,272.76086185347,121.019242746246,112.347742433644,87.28181780737,33.9566598188765,95.3004211106201,13.2696140573667,257.565274675422,191.690338803301
58.5599373451734,30.5904580195165,149.11520773073,82.2460640420809,212.613717882714,84.7828327209736,8.75625782501265,55.7347284881881,250.098983538201,97.3774755244254,98.2492544629142,9.00472637967846,4.91307153256423,32.9797371038843,70.808745226601,2.88285429633186,43.8763537377416,3.252518075225,208.433641233602,9.83381017743113,4.61888079224366,53.7781098654343,28.4511768249779,21.0823455692253,87.28181780737,6.45095630360879,35.1155173308842,4.62599709258575,105.186988987504,43.2854916486835
18.2816042878028,4.35942208101142,17.7332867266433,17.0108437796924,35.1582565061663,12.240540716759,0.188578914475329,15.5723058029988,63.2967182395184,16.8121169511492,20.9595989267688,0.456480365072935,1.2716695631982,19.4985052355379,21.8748580561368,0.398130082505304,18.1820249998274,0.586662433666675,44.5847520827851,1.36963817476646,0.342195967491421,17.0230331454835,6.94434769798772,21.0823455692253,22.9078001273645,0.203906513642778,11.9703126366136,0.331184319675799,19.569068650713,5.60064982127778
0.66952643104969,1.09629548844759,2.49408010216962,2.01021045240407,2.32205758892871,0.958870121740688,0.00834219288719851,1.25512096756097,1.03969067361959,1.52635737156334,1.95143549240379,0.0247998270090193,0.0204276231137328,2.34301597891135,2.3867840801696,0.00956726054948831,3.53178593621305,0.0070954360800215,2.80841172915439,0.0190484718365269,0.00960321159698196,2.91933222869852,1.32177951887957,1.44211318564453,1.46303401456214,0.00353554243781673,0.732821582658289,0.0147145115535068,1.17381585978615,0.746796687387587
0.194810769550941,0.208858911017273,0.234063698998511,0.298888383203689,0.290616597332587,0.198930070008373,2.46406557380396e-06,0.173891686097136,0.28746343152784,0.208014384212674,0.185203448155448,3.70968155039009e-06,3.8069978245403e-06,0.199939831789266,0.209339017363277,3.63467233910342e-06,0.306179723604146,4.60610795016692e-06,0.210579488164171,8.29532962143276e-06,5.39250527253898e-06,0.166973268158699,0.135375927756854,0.217720679001218,0.186357822125274,2.40627116454561e-06,0.147217738351515,3.48266814853559e-06,0.220748969412625,0.190521456916485
0.000353876874555681,0.000179765059328929,0.000290074125700812,0.000399974050992569,0.000257856110920329,0.000330029597648718,1.34150468511507e-11,0.000309742506715338,0.000276885295761531,0.000279863097830457,0.000327694811630863,2.67164068645798e-11,2.04636307898909e-11,0.000346357218973026,0.000328693422034121,6.17319528828375e-11,0.000446221685365344,5.87760951020755e-11,0.000691926606805282,9.03810359886847e-11,1.03682396002114e-10,0.000360975574380973,6.62609821802107e-05,0.000877554159956162,0.000261004155845512,7.38964445190504e-12,0.000352573784311971,1.07775122160092e-10,0.000271951706508844,0.000310543885234438
5.98513452132465e-08,2.5176291273965e-08,1.40547626870102e-08,2.60209844782366e-08,3.54315261574811e-08,1.47944092532271e-08,0,9.85403403319651e-09,3.14066710416228e-08,2.07967332244152e-08,5.11548705617315e-08,0,0,2.87822103928193e-08,1.55465613715933e-08,0,4.05772198064369e-08,0,4.30048885391443e-08,0,0,1.59936917043524e-08,3.8693315218552e-09,9.85990027402295e-08,2.66667257164954e-08,0,2.32510046771495e-08,0,1.90606215255684e-08,1.78411028173286e-08
0,0,0,0,0,0,0,0,0,0,0,0,0,0,0,0,0,0,0,0,0,0,0,0,0,0,0,0,0,0
0,0,0,0,0,0,0,0,0,0,0,0,0,0,0,0,0,0,0,0,0,0,0,0,0,0,0,0,0,0
0,0,0,0,0,0,0,0,0,0,0,0,0,0,0,0,0,0,0,0,0,0,0,0,0,0,0,0,0,0
0,0,0,0,0,0,0,0,0,0,0,0,0,0,0,0,0,0,0,0,0,0,0,0,0,0,0,0,0,0
