182.969903304037,186.521403988742,207.229528405181,158.683220019421,286.302226155912,201.605401511852,237.454933832447,236.837573593807,180.313501575473,142.809292737487,253.974967293123,180.369445558231,131.899544576582,181.718496125717,184.534304330019,245.653521404841,184.613723372845,224.751798053982,216.296352743696,217.811595468953,231.629103616658,194.996982668532,218.04405570158,186.413312804722,183.47680200249,272.145685463945,169.871693463137,99.385646927959,261.928553186995,224.810904334569
182.969903304037,186.521403988742,207.229528405181,137.196495177207,286.302226155912,121.619545608051,174.527759979993,236.837573593807,180.313501575473,142.809292737487,153.778310755944,180.369445558231,131.899544576582,181.718496125717,157.80187490169,189.547956346162,126.405079658739,182.663920917169,216.296352743696,117.087924499224,231.629103616658,142.015906091965,218.04405570158,186.413312804722,183.47680200249,236.750742063291,169.871693463137,92.8011727291318,261.928553186995,111.080023193181
182.224036806873,153.141575970539,197.278663539342,136.291715174604,121.318160743072,121.619545608051,160.739099012693,169.064943898689,180.313501575473,142.809292737487,153.778310755944,180.369445558231,131.899544576582,181.718496125717,157.80187490169,162.906746986331,97.653975847506,156.490094213686,216.296352743696,117.087924499224,148.8419477987,142.015906091965,218.04405570158,186.413312804722,171.843455967551,48.9176041293722,152.765629017407,92.8011727291318,109.119841644077,111.080023193181
178.206062662676,145.285457934371,114.099434682687,136.291715174604,121.318160743072,121.619545608051,160.739099012693,169.064943898689,180.313501575473,142.809292737487,153.447716911973,180.369445558231,131.899544576582,181.037636792577,157.80187490169,162.906746986331,95.4702347637594,156.490094213686,207.934167420982,117.087924499224,132.505229558284,142.015906091965,188.768908531524,140.267365357745,152.64423655952,48.9176041293722,143.012223385138,92.8011727291318,109.119841644077,111.080023193181
107.198623449195,129.517405521301,114.099434682687,84.8346173081763,113.902556605132,121.619545608051,119.880072853513,85.5255165235812,145.986918215934,132.671100845448,104.846287095767,126.781253291178,126.911355340721,162.312105201205,127.99889233315,117.878646344896,80.1198395492952,148.721813807604,138.490225829251,117.087924499224,132.505229558284,108.91021781567,176.941266485577,140.267365357745,145.533406166473,48.9176041293722,143.012223385138,92.8011727291318,97.5206273803042,111.080023193181
107.198623449195,103.774852998724,81.1226745892191,84.8346173081763,113.258521929922,113.682218613487,119.880072853513,85.5255165235812,111.136825461288,132.671100845448,87.0365122611047,126.781253291178,109.407558701962,142.16832712979,127.99889233315,117.878646344896,80.1198395492952,108.339984978317,90.2570103486028,117.087924499224,88.0863823739596,83.0701978284919,126.325771853251,130.138845373283,119.274646052393,48.9176041293722,119.819344829057,92.8011727291318,97.5206273803042,110.031145813064
92.3713954378127,99.7276591829641,81.1226745892191,84.8346173081763,111.346903535958,87.0190766543469,111.713387428291,85.5255165235812,77.8100456786619,74.4221503929639,76.3368526645195,100.799161696304,90.0186590865615,55.5796183310722,106.982270481445,85.2231247717291,56.2489110906367,70.6634839745011,72.7511457943097,93.4637215519397,88.0863823739596,57.9234874113172,99.3192714694724,104.933757912008,81.5370615872603,48.9176041293722,80.9810339207656,86.3977609811905,91.5699435096635,88.5940371072384
52.473178888431,90.668928570401,81.1226745892191,84.8346173081763,64.6945783733177,84.7275155981633,75.940719158104,85.5255165235812,77.8100456786619,58.512016677365,76.3368526645195,87.3358605254384,72.3158071829671,55.5796183310722,93.5900378015936,65.1595811465036,56.2489110906367,70.6634839745011,72.7511457943097,79.7333285459481,87.9749859005583,57.9234874113172,66.955031106666,94.3455013711591,81.5370615872603,48.9176041293722,69.083342879379,83.2559300839844,87.0310195760017,56.6649511627293
52.473178888431,74.6300943818587,55.1804468461819,83.2308611860303,62.5617988758295,74.3370918412738,56.0725080416119,61.7538533384959,66.774658742735,58.512016677365,59.4922739896438,63.9345493051219,48.3807005549011,55.5796183310722,60.3926434241093,65.1595811465036,56.2489110906367,68.1559472310846,72.7511457943097,56.4540074000065,82.6430461639097,53.1567105343051,66.955031106666,70.8073301752597,73.2947707661324,48.9176041293722,65.8170431297599,47.6234613112861,70.0820293286401,46.3828276309464
52.473178888431,61.8509048800011,47.3828912554682,47.4132151459601,44.470644131748,58.7267854473621,56.0725080416119,46.0004174666285,54.1570422549785,55.5017377711956,23.9211940519069,63.9345493051219,33.2866789137136,55.0157832724217,52.2816446032916,54.6468891634236,47.372045433583,38.2806960499915,42.0098635830782,56.4540074000065,34.2154049591277,49.6750778525934,30.7943364703406,68.6718890948232,57.3012541496742,48.9176041293722,34.6281750480114,47.6234613112861,38.6181851298031,46.3828276309464
45.1129653010307,25.4555309752566,13.6718189368569,28.7344205537195,35.3182920109268,28.0771455172767,46.4285144803871,28.0811175952138,27.0525310338821,29.4730462485584,3.45970785762006,48.3006049807182,25.4636653192345,23.3987387405646,29.6522601155705,33.6730217125155,27.0243415492646,21.6271299110467,26.0565346870233,38.7871717020791,18.7022951080783,36.7605040084875,24.5335996227086,46.5349164668482,21.4657332893116,43.054218753364,29.3507915209202,36.4485311460714,27.3726887591386,28.4906293916936
26.5401533317786,5.70161196575918,5.22899467874481,8.09784909563632,24.7382906537102,1.85853828417794,36.459955902614,24.5172736574748,21.1920725928319,23.39819044772,3.45970785762006,17.9490928564251,23.1441227556236,2.66280699418803,6.17472108551851,23.275793052338,23.3042935162264,0.560665959181279,6.77983306532838,23.0801122456901,3.54497412304772,36.7605040084875,4.97676561811295,9.87819577917458,5.54437500157519,13.1538216039958,25.3103647618352,15.8685177786567,22.4512735345179,23.6617761159018
21.8990293847564,0.0997830633320973,0.995637341042311,0.625711856331009,22.916346098448,0.995744152083034,9.36901132987282,22.610216172571,21.0124671615094,20.178927641432,3.45970785762006,2.16573430331687,21.5762148391477,1.70176579605049,1.62045492019342,21.6433929581913,21.8710338755297,0.000324753674021849,3.20100557689534,3.85137107671994,1.27081626101244,0.997125373814242,0.0086258921364788,1.62370619087073,1.05796260635316,2.81393689175889,24.0483938939376,0.0144655149265418,22.1402336439376,23.2106043532835
20.1549808376114,7.57012912799837e-07,0.994959064727936,0.624099329575529,22.916346098448,0.994959062563112,0.994997549678601,22.1905759890071,21.0124671615094,20.1028178557758,3.45970785762006,0.000205171598736342,21.2386281456888,1.48806338434724,1.61905838328062,21.6433929581913,21.8710338755297,2.37741915043443e-09,0.994991524560191,0.707786331366151,1.27081626101244,0.624102176541783,1.12129100671154e-07,1.61905843294358,7.18268847776926e-06,1.50319218367872,23.6994865315435,3.73613602278056e-08,21.6808989972915,22.7657640180469
20.0612481581584,1.43427314469591e-09,0.99495905934964,0.624099322580832,22.4597280058185,0.994959057607048,0.9949590590561,21.5746476293195,1.54643560108525e-05,20.0366056803521,2.65102822412655,1.19007381726988e-09,21.01182929181,0.926623516163772,1.61905838082203,21.3175254649857,21.8710338755297,4.5588421926368e-10,0.994959057863753,0.664372232791266,1.18822723183325,0.624099321928952,1.69643499248195e-09,1.6190583795676,3.80327946913894e-09,1.34529558904774,23.4637763239164,6.31189323030412e-10,1.37790693008651,22.3984806214455
20.0460985827592,1.43427314469591e-09,0.994959057316919,0.624099322488973,21.7786577224219,0.994959057607048,0.994959057638198,21.4072612235234,2.26714291784447e-09,20.0366056803521,1.07391040812809,4.73164618597366e-10,0.0044056801161787,0.926623516163772,1.61905837813333,21.3175254649857,21.7479610136099,3.14685166813433e-10,0.994959057665938,0.577959799342352,1.00631344383487,0.624099321447147,3.15822035190649e-10,1.61905837842528,2.52612153417431e-10,1.11592138749552,23.1436545591273,2.6170710043516e-10,1.19646696641939,9.16579456920954
