107.198623449195,103.774852998724,81.1226745892191,84.8346173081763,113.258521929922,113.682218613487,119.880072853513,85.5255165235812,111.136825461288,132.671100845448,87.0365122611047,126.781253291178,109.407558701962,142.16832712979,127.99889233315,117.878646344896,80.1198395492952,108.339984978317,90.2570103486028,117.087924499224,88.0863823739596,83.0701978284919,126.325771853251,130.138845373283,119.274646052393,48.9176041293722,119.819344829057,92.8011727291318,97.5206273803042,110.031145813064
91.7904106173937,99.7276591829641,81.1226745892191,84.8346173081763,97.4031996976582,87.0190766543469,85.9657322501853,85.5255165235812,77.8100456786619,74.4221503929639,76.3368526645195,96.8301971297724,89.2809737700663,55.5796183310722,106.982270481445,85.2231247717291,56.2489110906367,70.6634839745011,72.7511457943097,79.7333285459481,88.0863823739596,57.9234874113172,66.955031106666,97.5013873744579,81.5370615872603,48.9176041293722,80.9810339207656,86.3977609811905,91.5699435096635,82.9778368218194
52.473178888431,74.6300943818587,60.823031065031,84.8346173081763,64.6945783733177,84.7275155981633,75.940719158104,75.772130696545,72.7919994085182,58.512016677365,61.3619824114085,87.3358605254384,72.3158071829671,55.5796183310722,86.822064245443,65.1595811465036,56.2489110906367,70.108308428993,72.7511457943097,79.5834956757521,87.9749859005583,54.7158419082252,66.955031106666,70.8073301752597,81.5370615872603,48.9176041293722,69.083342879379,83.2559300839844,82.506380927241,56.6649511627293
52.473178888431,61.8509048800011,55.1804468461819,71.6866152725461,44.470644131748,62.8047955140032,56.0725080416119,55.1342616920383,61.8984075502585,58.512016677365,43.7341841765958,63.9345493051219,46.2241360758781,55.5796183310722,60.3926434241093,54.6468891634236,56.2489110906367,60.1759045317722,71.0605149755684,56.4540074000065,46.8132796768277,53.1567105343051,65.3077543132094,70.8073301752597,62.3127055708956,48.9176041293722,48.633304102078,47.6234613112861,63.7027100456808,46.3828276309464
45.1129653010307,25.4555309752566,13.6718189368569,28.7344205537195,35.3182920109268,28.0771455172767,46.4285144803871,28.0811175952138,27.0525310338821,29.4730462485584,3.45970785762006,48.3006049807182,25.4636653192345,23.3987387405646,29.6522601155705,33.6730217125155,27.0243415492646,21.6271299110467,26.0565346870233,38.7871717020791,18.7022951080783,36.7605040084875,24.5335996227086,46.5349164668482,21.4657332893116,43.054218753364,29.3507915209202,36.4485311460714,27.3726887591386,28.4906293916936
25.8875663939928,2.26142731431378,1.05950013363918,0.723490276723396,24.2961360273171,1.03335188475103,18.9127474100028,24.162389939934,21.0124671615094,20.4576278647355,3.45970785762006,7.7054588126839,22.1221274499346,2.66280699418803,1.74128018294937,21.6433929581913,22.5819321081995,0.0158482211693354,3.30333106054627,5.60221489659216,2.32260783028391,22.3404807647432,0.941815180730146,2.0146697865016,3.15329359048201,4.42835103676316,25.1306856095721,2.08076195115973,22.1402336439376,23.642673294645
20.1568272359823,0.000975651934140842,0.994976949193187,0.624140946904618,22.916346098448,0.994976654505081,1.08847547483242,22.1905759890071,21.0124671615094,20.178927641432,3.45970785762006,1.08225290461314,21.5762148391477,1.48806338434724,1.6190873040423,21.6433929581913,21.8710338755297,9.90012472357193e-06,1.02141899759408,1.84518043508547,1.27081626101244,0.626850141288742,0.000247088588139377,1.61919166517237,0.0129425459024333,1.94171090885447,24.0476811497113,0.000330957712549207,22.1402336439376,22.8572665243137
20.1549808376114,7.57012912799837e-07,0.994959060609517,0.624099329575529,22.916346098448,0.994959062563112,0.994996779121038,22.1905759890071,21.0124671615094,20.1028178557758,3.45970785762006,0.000157407006554422,21.2386281456888,1.48806338434724,1.61905838328062,21.6433929581913,21.8710338755297,2.37741915043443e-09,0.994983369255806,0.707786331366151,1.27081626101244,0.624102176541783,9.91919932857854e-08,1.61905839206861,5.2889809012413e-06,1.50319218367872,23.6994865315435,3.73613602278056e-08,21.6808989972915,22.7657640180469
20.1098586958583,2.03340277948882e-09,0.99495905934964,0.624099322718166,22.5527926644124,0.994959059084977,0.994959073930886,22.1905759890071,2.87434083815856,20.0520658244229,3.45970785762006,5.36044808541192e-08,21.01182929181,1.13473654438303,1.61905838089115,21.3175254649857,21.8710338755297,2.37741915043443e-09,0.994959063213855,0.707786331366151,1.19497107646748,0.624099321928952,4.2011834011646e-09,1.61905838174562,6.19365891907364e-09,1.50319218367872,23.4948365427822,1.65869096235838e-09,6.49646407068599,22.3984806214455
20.0612481581584,1.43427314469591e-09,0.99495905934964,0.624099322718166,22.4597280058185,0.994959057805772,0.9949590590561,21.5746476293195,0.000330944961433488,20.0520658244229,3.35574517482655,2.04863681574352e-09,21.01182929181,0.926623516163772,1.61905838089115,21.3175254649857,21.8710338755297,8.96534402272664e-10,0.994959057863753,0.707786331366151,1.18822723183325,0.624099321928952,1.69643499248195e-09,1.61905838164967,6.19365891907364e-09,1.34529558904774,23.4637763239164,6.31189323030412e-10,2.3097915329497,22.3984806214455
20.0612481581584,1.43427314469591e-09,0.99495905934964,0.624099322580832,22.4597280058185,0.994959057607048,0.9949590590561,21.5746476293195,1.58462853505625e-07,20.0366056803521,1.48549328700074,1.19007381726988e-09,20.7159155534489,0.926623516163772,1.61905838082203,21.3175254649857,21.8710338755297,4.5588421926368e-10,0.994959057863753,0.664372232791266,1.15501587388576,0.624099321928952,1.69643499248195e-09,1.61905837844597,3.80327946913894e-09,1.34529558904774,23.4318323619609,6.31189323030412e-10,1.37790693008651,22.3984806214455
20.0587160914035,1.43427314469591e-09,0.994959057545657,0.624099322580832,22.4597280058185,0.994959057607048,0.994959058100903,21.4944826739199,2.26714291784447e-09,20.0366056803521,1.19906079762768,8.43783709569834e-10,3.15237661236324,0.926623516163772,1.61905837981249,21.3175254649857,21.7479610136099,4.5588421926368e-10,0.994959057863753,0.664372232791266,1.01138934630171,0.624099321928952,1.499984136899e-09,1.61905837844597,3.80327946913894e-09,1.18736472842602,23.4318323619609,5.67297320230864e-10,1.3663800989716,22.3984806214455
20.0460985827592,1.43427314469591e-09,0.994959057316919,0.624099322488973,22.4597280058185,0.994959057607048,0.994959057638198,21.4263872745184,2.26714291784447e-09,20.0366056803521,1.07391040812809,5.3819348977413e-10,1.87707224899009,0.926623516163772,1.61905837813333,21.3175254649857,21.7479610136099,3.14685166813433e-10,0.994959057665938,0.577959799342352,1.00631344383487,0.624099321574249,3.15822035190649e-10,1.61905837844597,2.52612153417431e-10,1.11592138749552,23.1436545591273,2.6170710043516e-10,1.19646696641939,22.3984806214455
20.0460985827592,1.43427314469591e-09,0.994959057316919,0.624099322488973,21.7786577224219,0.994959057607048,0.994959057638198,21.4072612235234,2.26714291784447e-09,20.0366056803521,1.07391040812809,4.73164618597366e-10,0.0044056801161787,0.926623516163772,1.61905837813333,21.3175254649857,21.7479610136099,3.14685166813433e-10,0.994959057665938,0.577959799342352,1.00631344383487,0.624099321447147,3.15822035190649e-10,1.61905837842528,2.52612153417431e-10,1.11592138749552,23.1436545591273,2.6170710043516e-10,1.19646696641939,9.16579456920954
