230.231677080496,242.32303497432,96.1505272870695,467.543678279556,388.658494452552,401.528119788003,448.284196760338,400.242066736429,360.848070039334,66.6782662362125,170.27492089374,475.568929918539,479.157656150363,434.626285016483,98.9140469183717,203.061625379227,166.451535338915,110.058992879571,307.568170731045,197.006870599962,146.390757398789,92.8885484502603,163.123262152198,76.2826940349087,300.611213152223,277.116876096827,224.353397314816,331.176009187706,342.083863093733,272.731407390893
230.231677080496,242.32303497432,96.1505272870695,400.178250697398,388.658494452552,401.528119788003,298.486753254799,400.242066736429,360.848070039334,66.6782662362125,170.27492089374,211.953478526309,479.157656150363,404.136472457283,98.9140469183717,203.061625379227,166.451535338915,110.058992879571,96.440299877198,197.006870599962,146.390757398789,92.8885484502603,163.123262152198,76.2826940349087,54.9376722142219,277.116876096827,224.353397314816,121.815202153385,342.083863093733,80.2022021022726
120.368091982609,143.335518237438,96.1505272870695,293.401263572026,251.523417076191,274.315307581558,210.076376751369,186.106325959819,360.848070039334,66.6782662362125,38.7283004720985,200.335153720117,344.462645089257,287.817610801626,67.7768030381503,203.061625379227,166.451535338915,110.058992879571,96.440299877198,197.006870599962,146.390757398789,92.8885484502603,154.451937954826,72.2104190651039,54.9376722142219,277.116876096827,114.320525257482,121.815202153385,77.8483243922392,80.2022021022726
83.0557220579049,140.706014603802,96.1505272870695,224.65865645652,251.523417076191,114.603197262126,210.076376751369,186.106325959819,95.5700538214419,66.6782662362125,38.0404986192752,191.407128928839,344.462645089257,78.3171834028904,67.7768030381503,95.4028432664413,88.1032574253422,110.058992879571,96.440299877198,197.006870599962,146.390757398789,39.9649807372721,112.111533363357,72.2104190651039,54.9376722142219,251.567329060204,56.7978151673265,82.4449438252541,77.8483243922392,80.2022021022726
56.8556375390958,56.6110062389953,43.6256053680381,111.948335825396,251.523417076191,55.9468630106667,81.3146772436094,182.333184743697,69.5057098428219,66.6782662362125,38.0404986192752,50.7019096451277,58.5710803960569,78.3171834028904,46.0639192049198,47.6568630706356,40.9398694483243,72.0154729942196,96.440299877198,197.006870599962,42.9339593150021,39.9649807372721,41.3336606018584,72.2104190651039,51.1640481614104,51.7852914017249,43.2688381000612,62.6954819424132,35.2237717277412,53.1743277372898
56.8556375390958,47.9087892431489,40.4359655434655,64.8259704903844,52.5909558739281,55.9468630106667,58.4110360461982,98.2953056748811,68.1309526856853,54.9167829958055,38.0404986192752,37.0926092993832,42.3004585925614,43.4026348691473,41.2790197770942,47.6568630706356,40.9398694483243,44.4038459500489,56.9712982111309,58.261555996512,42.9339593150021,39.9649807372721,38.1619795880588,47.1886004535422,29.9159505491275,51.7852914017249,38.8013965465043,53.1719296212045,31.2131330846646,35.3288286453985
41.0187324870349,38.9209795982179,32.7670975274395,36.3952254808851,47.1527737675574,47.2181756085279,45.1976476799591,51.7955256535229,48.1175414266008,38.4083804194397,37.051812031189,37.0926092993832,33.7868191670113,40.3851605165064,32.1284143902262,47.6568630706356,33.834898720313,42.2807065984002,46.0535423326692,42.555614382482,36.534763635098,38.6521571717167,30.2978713092584,39.1394682603432,29.9159505491275,45.5057796137012,30.9006396745312,37.6071414340345,31.2131330846646,33.7332955041707
35.2237617684518,38.9209795982179,31.1890532580728,31.5921940048861,38.5362738382591,31.1773069193173,33.9716626405921,35.0331120180363,43.4664502855612,35.8481067099665,34.5016956671575,33.1337934296821,33.7868191670113,39.3480580623554,31.8296386336183,42.7280936916745,30.029297823794,29.2430433956824,43.512970149492,37.972831151078,33.2196138556073,34.3383550459225,30.2978713092584,32.1455429038906,28.9916825358928,40.99216705971,30.508788234421,34.1998538651387,30.2202803522273,33.7332955041707
32.327629345154,33.157064953848,31.0734792486096,30.9903642459694,30.5746518306519,31.1773069193173,33.6682997898065,30.1663837639876,31.1329833023615,33.3607738336486,29.3634639614907,33.1337934296821,30.0447169348849,34.1679804195028,31.7622460172233,31.3343236351984,29.050148141459,29.2430433956824,35.7019187928154,32.613325158205,33.2196138556073,34.3383550459225,30.1473704632012,32.1455429038906,28.9916825358928,31.5441311954582,30.508788234421,34.1998538651387,30.2202803522273,29.8980176586983
30.7442134680628,30.3253747237732,28.9948562780246,27.5723010750758,30.5746518306519,29.3655454983436,29.5301466104993,30.1663837639876,31.1329833023615,28.2823609438024,29.3634639614907,33.1337934296821,28.2148701003507,34.1679804195028,25.7010767592255,18.2480658068225,29.050148141459,29.2430433956824,31.2686387905719,19.8306212840735,32.9661320073146,33.0143384435301,28.6774526244799,29.4995551163934,28.9916825358928,31.5441311954582,30.508788234421,28.4636238023177,29.1039709402567,28.0431235810038
20.0503522485392,26.7214403495836,26.8643907766045,27.3943429927967,26.3521003535993,26.0203926434492,26.6186300416857,26.6700791899912,29.9228885413659,21.3346792603938,26.7200156039216,27.4888546171546,20.6809586921318,27.8245798906651,25.2252019747134,18.2480658068225,27.9200298756664,24.4283485490168,24.1874217636791,13.286253865218,26.3279385781807,28.2083971845864,28.2098211268803,25.710259347873,28.0906854190953,28.7576806121292,25.5445057241186,11.2777012198412,29.1039709402567,28.0431235810038
12.192991173577,26.3255976990113,26.8643907766045,25.6447586187555,24.0644103131244,20.9205063468321,26.3435386779283,9.71510926969995,23.1108974643967,21.3346792603938,23.5991058235004,26.1063786669188,8.48895649208453,24.8218379688697,23.984759259688,12.433496484744,14.0282738425253,13.7854247530722,18.1916446037258,9.86400549686641,25.095604826698,15.758491345237,27.9865822017123,25.5463116690589,26.4969168994371,26.8352896786896,25.1389812368384,11.2777012198412,25.8806600029802,27.6087721799172
7.57475977673994,21.9490994623743,26.8643907766045,12.2186786523989,24.0644103131244,8.48934796056074,25.1214889379598,7.67539173431715,23.1108974643967,21.3346792603938,11.7104501341228,24.5522574521174,8.48895649208453,24.40138560887,9.20220868550086,4.74567832756475,7.91743218537204,8.17574732796083,8.99107333761594,6.96697297483161,14.1303162117051,8.12711116578384,27.9865822017123,24.1689544586552,23.3551937274483,19.2459447504261,10.7995506517959,7.36450434788594,23.781609471062,27.6087721799172
6.28629338052269,21.9490994623743,26.8643907766045,6.88801811258372,24.0644103131244,7.34245136170557,13.6846525612104,5.24981207753217,23.1108974643967,6.72542239445738,4.04896428422899,24.5522574521174,4.90975060968458,22.6347464896958,6.19571232610861,0.053503155756971,4.90875006593433,5.66212533715679,4.86987990973876,4.88262360617773,14.1303162117051,5.80516104962135,24.6863749288063,24.0276702165697,13.7607587552316,6.28283028306305,10.7995506517959,6.41121726094889,23.781609471062,26.6402972278097
3.72319655846968,21.9490994623743,25.7018731761045,6.08575834781323,24.0644103131244,4.68763668355496,4.39363316578283,3.5068018463694,23.1108974643967,6.72542239445738,0.459190954837595,24.5522574521174,0.732095377552469,22.6347464896958,6.19571232610861,0.0139334977702674,4.65559153711729,4.39752133798993,3.99825618265368,4.81910069659352,10.8028848390759,4.96668308062362,23.4739259995272,24.0276702165697,13.7607587552316,3.36162420677056,10.7995506517959,6.22249099895998,23.5135950163967,23.7921976357652
3.72319655846968,21.9490994623743,24.3262194375561,3.7816660130452,23.820279525391,4.68763668355496,1.39639827264182,0.188535177817357,23.0338550062088,5.42714490510161,0.453413273910883,23.5495712015459,0.727068914604843,22.6347464896958,4.57686909398126,0.0138617199104374,2.38219193856685,3.89794675281064,1.64326026370918,4.81910069659352,5.22197220595035,4.96668308062362,21.0985318103121,24.0276702165697,5.49069153035043,0.740046788526342,3.62355239899534,4.52137803720825,23.0345595892741,23.7921976357652
