205.403385730348,254.171831784926,253.369574701106,206.414850572552,208.580833861337,204.912138359743,212.786946779743,101.902656029164,252.188139926002,249.094952029821,259.649001827057,247.073462536971,263.700219692833,262.465879633164,246.720279438435,267.192587309691,257.032218550461,101.524063534209,102.44423384734,100.851292475337,209.928204271167,247.196553073407,101.914752519503,101.517685148507,255.39896829282,204.061106429612,253.681295909683,249.547137547152,237.750055618073,252.59115495992
205.403385469987,246.906122360357,240.649542408838,206.414850294718,208.580833746758,204.912134981721,212.786946779743,100.616302987714,244.124342014633,245.844553709847,242.039399802559,239.867981174614,231.146893850101,240.81174145353,245.363654923628,256.3952878765,248.642245468599,100.876205947292,100.7045500144,100.733501924965,209.92820423615,230.471735277281,100.641478779034,100.843227354826,230.806581911064,203.723885316893,234.714273729665,238.231414520364,237.750055618073,251.163664815977
205.403385469987,220.966556343494,223.475662626071,206.414850294718,208.580833746758,204.912134981721,212.786946779743,100.600544286875,222.086330107566,245.844553709847,239.006158582047,235.69721383585,231.146893850101,226.118118580018,242.660988339381,246.431036097186,241.858741918093,100.504484872626,100.467216503736,100.619824436072,209.92820423615,230.471735277281,100.516809349242,100.741212609125,230.806581911064,203.72371310041,216.268940324248,229.634939943156,232.612591927519,242.977244663845
205.403385469987,204.815512398961,207.48735501065,206.414850294718,208.580833746758,204.912134981721,207.570959905557,100.600544286875,205.941198083071,237.136259895487,208.938318833161,206.814363261949,209.420212373361,206.080726884446,205.753996253907,245.955560242679,206.356677019603,100.44010326726,100.332825780198,100.619824436072,209.92820423615,206.964287341354,100.516809349242,100.589967999473,207.033396452859,203.723708953082,208.777790837115,211.818397530973,208.66300671286,210.058317517046
205.403385469987,204.728264404338,207.001064164125,206.414850294718,208.580833746758,204.912134981721,207.354759843711,100.600544286875,205.760308576756,203.848948361404,208.689968070828,206.695477367586,207.579118226996,205.121736966335,205.027562676432,204.388663431019,204.912136173692,100.44010326726,100.302531827864,100.619824436072,209.92820423615,206.781048020606,100.516809349242,100.589967999473,206.612448735352,203.723708740579,208.378418001937,206.695482989465,207.831662199274,205.668541814998
205.403385469987,204.728264311402,207.001063387017,206.414850294718,208.580833746758,204.912134981721,207.354759542557,100.600544286875,205.760308369387,203.684067936259,208.689967586761,206.695477088756,207.5791159128,205.121736874564,205.027561974074,204.347501178142,204.912134981721,100.44010326726,100.302531827864,100.619824436072,209.92820423615,206.78104794476,100.516809349242,100.589967999473,206.612447956453,188.84576046938,208.378417486201,206.695477088756,207.831661590099,205.668539161524
205.403385469987,204.728264311402,207.001063387017,206.414850294718,208.580833746758,204.912134981721,207.354759542557,100.600544286875,205.760308369387,203.684064976097,208.689967586761,206.695477088756,207.5791159128,205.121736874564,205.027561974074,204.347499155849,204.912134981721,100.44010326726,100.302531827864,100.466003310903,209.92820423615,206.78104794476,100.496018906669,100.589967999473,206.612447956453,188.84576046938,208.378417486201,206.695477088756,207.831661590099,205.668539161524
205.403385469987,204.728264311402,207.001063387017,206.414850294718,208.580833746758,204.912134981721,207.354759542557,100.600544286875,205.760308369387,203.68406497516,208.689967586761,206.695477088756,207.5791159128,205.121736874564,205.027561974074,204.347499155466,204.912134981721,100.44010326726,100.302531827864,100.466003310903,209.92820423615,206.78104794476,100.496018906669,100.589967999473,206.612447956453,188.84576046938,208.378417486201,206.695477088756,207.831661590099,205.668539161524
146.404408879736,204.728264311402,207.001063387017,158.873185246604,182.509935451681,204.912134981721,207.354759542557,100.600544286875,205.760308369387,203.68406497516,208.689967586761,206.695477088756,207.5791159128,205.121736874564,205.027561974074,204.347499155466,204.912134981721,100.44010326726,100.302531827864,100.466003310903,126.381741477249,206.78104794476,100.496018906669,100.589967999473,206.612447956453,188.84576046938,208.378417486201,206.695477088756,207.831661590099,205.668539161524
146.404408879736,204.728264311402,207.001063387017,139.056596133864,182.509935451681,192.384982136884,207.354759542557,100.232458010225,205.760308369387,203.68406497516,208.689967586761,206.695477088756,207.5791159128,205.121736874564,205.027561974074,204.347499155466,204.912134981721,100.286527966901,100.257577916387,100.353832423272,126.381741477249,206.78104794476,100.349879561929,100.446251477944,206.612447956453,188.84576046938,208.378417486201,206.695477088756,207.831661590099,205.668539161524
146.404408879736,204.728264311402,207.001063387017,139.056596133864,182.509935451681,192.384982136884,207.354759542557,100.218762664948,205.760308369387,203.68406497516,208.689967586761,206.695477088756,207.5791159128,205.121736874563,205.027561974074,204.347499155466,204.912134981721,100.272518368087,100.231759404556,100.342326364078,126.381741477249,206.78104794476,100.334627839524,100.414579042776,206.612447956453,188.84576046938,208.378417486201,206.695477088756,207.831661590099,205.668539161524
146.404408879736,204.728264311402,207.001063387017,139.056596133864,182.509935451681,192.384982136884,207.354759542557,100.21782780665,205.760308369387,203.68406497516,208.689967586761,206.695477088756,207.5791159128,205.121736874563,205.027561974074,204.347499155466,204.912134981721,100.27193414457,100.230314948763,100.340739634744,126.381741477249,206.78104794476,100.331896878997,100.413100276807,206.612447956453,188.84576046938,208.378417486201,206.695477088756,207.831661590099,205.668539161524
146.404408879736,204.728264311402,207.001063387017,139.056596133864,182.509935451681,192.384982136884,207.354759542557,100.217693633975,205.760308369387,203.68406497516,208.689967586761,206.695477088756,207.5791159128,205.121736874563,205.027561974074,204.347499155466,204.912134981721,100.271892964698,100.230182028539,100.340709973862,126.381741477249,206.78104794476,100.331778660127,100.412874842651,206.612447956453,188.84576046938,208.378417486201,206.695477088756,207.831661590099,205.668539161524
146.404408879736,204.728264311402,207.001063387017,139.056596133864,182.509935451681,192.384982136884,207.354759542557,100.217675453972,205.760308369387,203.68406497516,208.689967586761,206.695477088756,207.5791159128,205.121736874563,205.027561974074,204.347499155466,204.912134981721,100.271891475093,100.230167048073,100.340703390371,126.381741477249,206.78104794476,100.331778501205,100.412861024861,206.612447956453,188.84576046938,208.378417486201,206.695477088756,207.831661590099,205.668539161524
