200.187545077057,268.657387954248,196.167195785426,191.82116764078,181.412562039714,194.42656505857,199.574144325356,182.957844203619,190.441614609486,181.69193825511,180.774559107063,185.857423027402,179.709375971547,232.73411115132,188.876603383956,189.486834781871,178.848234338548,189.699771305703,185.65531532576,181.585782053089,204.126808134863,204.507812762068,181.172374686394,191.627056270879,201.561581885705,186.877447449941,189.735331540445,188.252357198286,200.318800706494,214.53472923818
171.388965329704,205.792389686695,167.839713713021,170.197985655846,168.095587454533,171.102666076869,169.952695618113,170.084769328549,173.190069060657,168.307003831922,166.718123061726,169.255023904412,169.694680783515,172.883393692963,169.260824521565,170.604997392924,171.729165250998,168.610770460464,168.877991504256,169.034249582083,170.994307737623,171.44061588806,167.157144789222,168.300862370359,169.197995802462,170.872620722142,171.050675361287,169.32113583327,171.383037404599,171.796238955809
165.264869526922,188.212985516704,165.138285499867,165.475795895832,165.442769893238,165.930746044233,166.205827214913,165.738589049825,166.644211110517,165.096428695481,165.153173119711,165.156748398926,165.256675188075,165.587068389579,165.064972109149,165.139273212686,165.078069216946,165.084732901072,165.448139092369,165.107281487908,165.979957677397,165.270493788348,165.074021228686,165.093428851203,165.36317054563,165.401854049397,166.301689993847,165.859552090065,168.727218883713,165.57348419476
164.926352310172,173.546706378217,164.925818000622,164.938843042138,165.233788104495,165.262597249857,165.23664376419,165.269878882729,165.225837271138,164.924755170418,164.931234223533,164.935395349454,164.930159459247,164.97627195507,164.937405116533,164.975950752141,164.938347591311,164.937009661051,164.976038940004,164.925592791759,165.264308088248,164.944096231771,164.975950594913,164.975916287029,164.928791263711,164.92791507007,164.940727989147,165.22841697751,168.574510919073,164.944854459011
164.921942428217,172.769301747093,164.921942581249,164.931007912623,165.212743451328,165.212836988093,165.212607149834,165.212770770171,165.212607129156,164.921942390263,164.931007902976,164.931008652495,164.921943260797,164.975867633903,164.931008888332,164.975867633905,164.931008705557,164.931008833342,164.975867633901,164.921942047417,165.212840413174,164.93100886909,164.975867633902,164.975867633905,164.921943774352,164.92194299999,164.921945395942,165.21260658562,168.569693426585,164.931010561846
164.921941568014,172.761102840143,164.921941568005,164.931007902907,165.212605598589,165.212605598418,165.212605597661,165.212605600042,165.212605597661,164.921941568008,164.931007902915,164.93100790291,164.921941568009,164.975867633901,164.931007902911,164.975867633901,164.931007902911,164.931007902909,164.975867633901,164.921941568001,165.21260559942,164.931007902911,164.975867633901,164.975867633901,164.921941568006,164.921941568006,164.921941568005,165.212605597661,168.56969232231,164.931007902916
164.921941568005,172.761101964505,164.921941568003,164.931007902907,165.212605597971,165.212605597934,165.212605597661,165.212605597746,165.212605597661,164.921941568001,164.931007902915,164.93100790291,164.921941568003,164.975867633901,164.931007902911,164.975867633901,164.93100790291,164.931007902909,164.975867633901,164.921941568001,165.212605597831,164.931007902911,164.975867633901,164.975867633901,164.921941568001,164.921941568005,164.921941568,165.212605597661,168.56969232227,164.931007902916
164.921941568005,172.761101964493,164.921941568003,164.931007902907,165.212605597971,165.212605597934,165.212605597661,165.212605597686,165.212605597661,164.921941568,164.931007902908,164.93100790291,164.921941568001,164.975867633901,164.931007902911,164.975867633901,164.93100790291,164.931007902907,164.975867633901,164.921941568001,165.212605597701,164.931007902908,164.975867633901,164.975867633901,164.921941568001,164.921941568002,164.921941568,165.212605597661,168.56969232227,164.931007902911
164.921941568005,172.761101964493,164.921941568001,164.931007902907,165.212605597854,165.212605597934,165.212605597661,165.212605597686,165.212605597661,164.921941568,164.931007902908,164.931007902908,164.921941568001,164.975867633901,164.931007902911,164.975867633901,164.93100790291,164.931007902907,164.975867633901,164.921941568001,165.212605597701,164.931007902908,164.975867633901,164.975867633901,164.921941568001,164.921941568002,164.921941568,165.212605597661,168.56969232227,164.931007902907
164.921941568001,172.761101964493,164.921941568001,164.921941568003,165.212605597854,165.212605597902,164.931007902907,165.212605597686,164.975867633902,164.921941568,164.921941568028,164.931007902908,164.921941568001,164.931007902984,164.93100790291,164.931007902956,164.93100790291,164.931007902907,164.931007903032,164.921941568001,165.212605597701,164.931007902908,164.931007902929,164.931007902951,164.921941568001,164.921941568002,164.921941568,164.931007902945,168.569692322264,164.931007902907
164.921941568,172.761101964493,164.921941568,164.921941568003,165.212605597661,165.212605597661,164.931007902907,165.212605597661,164.975867633901,164.921941568,164.921941568,164.931007902907,164.921941568,164.931007902907,164.931007902907,164.931007902907,164.931007902907,164.931007902907,164.931007902907,164.921941568,165.212605597661,164.931007902907,164.931007902907,164.931007902907,164.921941568,164.921941568,164.921941568,164.931007902911,168.56969232226,164.931007902907
164.921941568,172.761101964493,164.921941568,164.921941568001,165.212605597661,165.212605597661,164.931007902907,165.212605597661,164.975867633901,164.921941568,164.921941568,164.931007902907,164.921941568,164.931007902907,164.931007902907,164.931007902907,164.931007902907,164.931007902907,164.931007902907,164.921941568,165.212605597661,164.931007902907,164.931007902907,164.931007902907,164.921941568,164.921941568,164.921941568,164.931007902911,168.56969232226,164.931007902907
164.921941568,172.761101964493,164.921941568,164.921941568001,165.212605597661,165.212605597661,164.931007902907,165.212605597661,164.975867633901,164.921941568,164.921941568,164.931007902907,164.921941568,164.931007902907,164.931007902907,164.931007902907,164.931007902907,164.931007902907,164.931007902907,164.921941568,165.212605597661,164.931007902907,164.931007902907,164.931007902907,164.921941568,164.921941568,164.921941568,164.931007902911,168.56969232226,164.931007902907
164.921941568,172.761101964493,164.921941568,164.921941568001,165.212605597661,165.212605597661,164.931007902907,165.212605597661,164.975867633901,164.921941568,164.921941568,164.931007902907,164.921941568,164.931007902907,164.931007902907,164.931007902907,164.931007902907,164.931007902907,164.931007902907,164.921941568,165.212605597661,164.931007902907,164.931007902907,164.931007902907,164.921941568,164.921941568,164.921941568,164.931007902911,168.56969232226,164.931007902907
