410.769555923106,461.057203216405,509.387420317851,336.482423011291,339.548154909002,440.540200034943,507.373672411975,342.281333951062,546.01964946602,364.983380505193,391.289563087033,341.282152779543,365.94034730771,379.335449229536,428.453693932367,451.34718465805,348.194855491406,318.562460399784,333.890089856669,475.284068513819,377.486371019616,509.93893294951,380.822933322921,298.664717707897,592.832517287593,489.42234445057,533.325528022127,336.288662926399,376.313801187402,270.82878362303
410.769555923106,461.057203216405,509.387420317851,336.482423011291,283.440370958549,247.53468525585,294.750122943335,342.281333951062,392.913956529712,364.983380505193,365.535291721616,338.254336949725,365.94034730771,379.335449229536,428.453693932367,451.34718465805,320.382679555141,303.470666074397,300.623000723237,475.284068513819,316.488368723242,455.209636377216,380.822933322921,298.664717707897,592.832517287593,489.42234445057,449.778696100041,298.488234073834,376.313801187402,270.82878362303
410.769555923106,461.057203216405,491.260745697112,248.463043891795,260.849297577071,247.53468525585,259.376840181325,318.734839104334,379.653718747025,258.783752624167,297.554053256249,269.981134725007,269.499247868784,379.335449229536,412.752463871372,279.924186898668,253.46783428733,275.539051404033,273.681631848316,237.869045027731,316.488368723242,338.184086432132,257.660698573138,298.664717707897,535.338325473487,377.113968047658,449.778696100041,298.488234073834,376.313801187402,270.82878362303
410.769555923106,461.057203216405,352.631066049903,248.463043891795,249.271229651949,247.53468525585,258.185844558833,245.300158004046,262.307011007671,227.679211304673,270.079349217382,228.041413591022,252.635396895454,318.64438936395,304.739252412145,238.198080513162,194.920313968504,214.313060617221,216.667555563937,237.869045027731,289.825095976827,277.991267897152,254.608628037714,239.247708614237,368.434335622689,301.286362486011,326.839370451124,282.251684877849,283.64184309433,258.926531659775
296.395963465582,327.900893060975,256.330746772526,206.411086619624,205.466346443746,247.53468525585,242.444945601963,188.52257260406,229.697702099495,204.017751593877,218.694424235538,202.657162823146,231.044665835027,272.40816049017,238.974247254587,220.050196269352,186.222387248085,208.230713335398,216.667555563937,186.490024151439,235.539978121804,241.998436621208,194.156151169163,211.921185438368,257.315855886904,224.368257660281,242.739405054303,214.976579557995,233.849318467326,246.723330713236
200.187545077057,268.657387954248,196.167195785426,191.82116764078,181.412562039714,194.42656505857,199.574144325356,182.957844203619,190.441614609486,181.69193825511,180.774559107063,185.857423027402,179.709375971547,232.73411115132,188.876603383956,189.486834781871,178.848234338548,189.699771305703,185.65531532576,181.585782053089,204.126808134863,204.507812762068,181.172374686394,191.627056270879,201.561581885705,186.877447449941,189.735331540445,188.252357198286,200.318800706494,214.53472923818
176.602208425567,212.469454444893,169.360514083221,172.096879239638,170.365614341995,171.102666076869,175.739394762155,174.739528731784,175.095229112289,171.514808527638,172.829830729635,173.888042137051,172.875879628546,180.465752098477,172.749537499985,173.396079435337,172.201894743556,172.364532824633,174.08723903222,172.88745445529,178.260768150835,175.752173047601,170.270061380764,172.785746942348,174.978770343701,173.414109749747,174.913516793461,170.512412430795,173.581446894726,176.156891201341
167.133449403885,192.846372153287,165.430719389357,166.210927323212,166.211816438197,167.192823160464,167.242232498681,166.986554055737,169.891551593008,165.35584095109,165.462942007062,165.857586278698,167.761103785654,169.723441608598,165.363387306806,166.322110512413,166.5007801218,165.981081908419,166.101518084977,165.991688917401,167.149620979983,166.261253274781,165.662156106506,165.480941212238,167.330930235219,166.200327680329,167.251207538771,166.281363213372,169.123522270587,169.18669752255
164.973651631197,175.640761350382,164.987009022555,165.032792212925,165.346995122277,165.520447756613,165.450586524625,165.502350323796,165.345650145103,164.951644095418,164.957818065098,164.997769751,164.997335305568,165.041233679913,164.977038495711,165.00774076159,164.997220531598,164.990642634515,165.078606686689,164.959009215503,165.351191732402,165.038854083382,165.00285141322,164.98955378447,165.012422073042,165.003031095086,165.088549735896,165.300085939184,168.603814033173,165.096769188285
164.922393804759,172.917927244478,164.922277992544,164.931192766177,165.219275380615,165.220186346718,165.214052820999,165.223499066657,165.213760974041,164.922292378211,164.9310085187,164.931373487773,164.922420416367,164.975869663313,164.931332980323,164.975868345631,164.931689786319,164.931376857449,164.975868771265,164.922314380866,165.225351167265,164.931989254346,164.975867944016,164.975867759208,164.922548878561,164.922247141139,164.922880299564,165.213623582697,168.570107750676,164.933146729779
164.921942428217,172.769301747093,164.921942581249,164.931007912623,165.212743451328,165.212836988093,165.212607149834,165.212770770171,165.212607129156,164.921942390263,164.931007902976,164.931008652495,164.921943260797,164.975867633903,164.931008888332,164.975867633905,164.931008705557,164.931008833342,164.975867633901,164.921942047417,165.212840413174,164.93100886909,164.975867633902,164.975867633905,164.921943774352,164.92194299999,164.921945395942,165.21260658562,168.569693426585,164.931010561846
164.921941568034,172.761169658376,164.921941568138,164.931007902907,165.212605677138,165.212605742942,165.212605597715,165.212605729122,165.212605597674,164.921941568049,164.931007902915,164.931007902952,164.921941568056,164.975867633901,164.931007903126,164.975867633901,164.931007902977,164.931007902966,164.975867633901,164.92194156814,165.212605813291,164.931007903032,164.975867633902,164.975867633901,164.9219415681,164.92194156807,164.921941568368,165.212605597676,168.569692322364,164.931007903071
164.921941568005,172.761101972098,164.921941568005,164.931007902907,165.212605598002,165.212605597934,165.212605597661,165.212605598836,165.212605597661,164.921941568003,164.931007902915,164.93100790291,164.921941568003,164.975867633901,164.931007902911,164.975867633901,164.93100790291,164.931007902909,164.975867633901,164.921941568001,165.212605597902,164.931007902911,164.975867633901,164.975867633901,164.921941568001,164.921941568006,164.921941568,165.212605597661,168.56969232227,164.931007902916
164.921941568005,172.761101964493,164.921941568003,164.931007902907,165.212605597971,165.212605597934,165.212605597661,165.212605597686,165.212605597661,164.921941568,164.931007902908,164.93100790291,164.921941568001,164.975867633901,164.931007902911,164.975867633901,164.93100790291,164.931007902907,164.975867633901,164.921941568001,165.212605597701,164.931007902908,164.975867633901,164.975867633901,164.921941568001,164.921941568002,164.921941568,165.212605597661,168.56969232227,164.931007902911
164.921941568,172.761101964493,164.921941568,164.921941568003,165.212605597663,165.212605597662,164.931007902907,165.212605597662,164.975867633902,164.921941568,164.921941568,164.931007902907,164.921941568,164.931007902907,164.931007902907,164.931007902907,164.931007902907,164.931007902907,164.931007902907,164.921941568,165.212605597664,164.931007902907,164.931007902907,164.931007902907,164.921941568,164.921941568,164.921941568,164.931007902936,168.56969232226,164.931007902907
164.921941568,172.761101964493,164.921941568,164.921941568001,165.212605597661,165.212605597661,164.931007902907,165.212605597661,164.975867633901,164.921941568,164.921941568,164.931007902907,164.921941568,164.931007902907,164.931007902907,164.931007902907,164.931007902907,164.931007902907,164.931007902907,164.921941568,165.212605597661,164.931007902907,164.931007902907,164.931007902907,164.921941568,164.921941568,164.921941568,164.931007902911,168.56969232226,164.931007902907
