49.1630236910275,47.9483676990825,49.4680393632211,45.1135626595104,42.9434091722939,43.4052001950142,53.375676726148,40.3839507840099,50.8431744772747,42.1146801580645,37.6605898745958,51.9350637437626,42.5271375225899,47.6130223668765,56.894707041063,46.2450584673857,52.0690813217578,52.1318571389454,45.5437261321957,35.9785829920153,51.9053852596048,40.965335539675,50.0442339793522,38.4332232932649,32.7831645590969,43.9377940235585,30.1324630739402,34.3912555523366,52.7613474544178,39.2754300310005
38.3957506563817,41.9308558606754,37.8239813211671,39.2799287795251,36.776266081785,25.6243219678436,40.5864806588821,40.3839507840099,41.7358760780319,34.9413146237523,37.6605898745958,36.2607434463549,27.554077552495,42.7718893590472,27.6201013972234,46.2450584673857,40.5213645571271,35.3093243024769,40.8371532127074,35.9785829920153,43.02075847598,40.965335539675,22.5918220826187,38.4332232932649,32.7831645590969,31.2851956626264,30.1324630739402,34.3912555523366,41.6097053128599,36.7129746367114
38.3957506563817,40.1480739810549,37.8239813211671,39.2799287795251,36.776266081785,25.6243219678436,40.5864806588821,37.5138085108244,28.7261775150943,34.9413146237523,35.059034455544,36.2607434463549,23.4986067898965,31.6300329297651,27.3604774472515,29.2865454116029,40.5213645571271,35.3093243024769,32.960513241544,35.944280705488,41.1408463871285,29.6495578782046,22.5918220826187,24.1694293509053,28.0998935488406,31.2851956626264,30.1324630739402,34.3912555523366,37.8374598218614,36.7129746367114
32.0097915417286,26.6789680760332,25.1758086996016,37.386766820337,25.7473323798058,25.6243219678436,31.4349056845265,23.4431429570654,28.7261775150943,23.5501082276345,34.9738485440404,34.2328556468289,23.4986067898965,22.8944001466409,17.379753621454,28.6918823547982,36.4575196337923,31.9533659101467,29.3910816107442,31.6699563063681,35.8411960210681,29.6495578782046,19.4679481434522,24.1694293509053,28.0998935488406,29.4165820699826,29.8291562684065,28.7683398661256,31.4027048802955,35.4605852710903
3.98750359903602,3.11895947415928,25.1758086996016,3.01110594569707,2.98579789809139,1.99034310061518,4.01944806906829,2.9869758701393,0.995053624970751,1.9900426629373,9.74684565652819,6.58360910443139,15.666307245688,4.9835650457353,1.99821320023352,4.97498027536346,1.00062082395993,0.995099200620416,3.1482659417195,3.97994837415877,2.98594905488812,29.6495578782046,5.15324205320326,5.2750270819937,6.63124052217336,2.98844379027059,4.5123430202118,2.34332060915517,6.77082110962817,3.99763501620407
3.97983622837319,2.98487717127989,5.96975434276021,2.98487717127989,2.98487717127989,1.98991811418659,3.97983622837319,2.98487717127989,0.994959057093297,1.98991811418659,3.97983622837376,4.97479528546876,2.9848771718398,4.97479528546648,1.98991811418659,4.97479528546648,0.994959057093297,0.994959057093297,2.98487717127989,3.97983622837319,2.98487717127989,2.98487717129603,4.9747952854666,3.97983622837421,5.9697543425599,2.98487717127989,2.98487717128046,1.98991811418682,5.96974930474187,3.97983622837319
3.97983622837319,2.98487717127989,5.96975434255978,2.98487717127989,2.98487717127989,1.98991811418659,3.97983622837319,2.98487717127989,0.994959057093297,1.98991811418659,3.97983622837319,4.97479528546648,2.98487717127989,4.97479528546648,1.98991811418659,4.97479528546648,0.994959057093297,0.994959057093297,2.98487717127989,3.97983622837319,2.98487717127989,2.98487717127989,4.97479528546648,3.97983622837319,5.96975434255978,2.98487717127989,2.98487717127989,1.98991811418659,5.96974930474073,3.97983622837319
3.97983622837319,2.98487717127989,5.96975434255978,2.98487717127989,2.98487717127989,1.98991811418659,3.97983622837319,2.98487717127989,0.994959057093297,1.98991811418659,3.97983622837319,4.97479528546648,2.98487717127989,4.97479528546648,1.98991811418659,4.97479528546648,0.994959057093297,0.994959057093297,2.98487717127989,3.97983622837319,2.98487717127989,2.98487717127989,4.97479528546648,3.97983622837319,5.96975434255978,2.98487717127989,2.98487717127989,1.98991811418659,5.96974930474073,3.97983622837319
3.97983622837319,2.98487717127989,5.96975434255978,2.98487717127989,2.98487717127989,1.98991811418659,3.97983622837319,2.98487717127989,0.994959057093297,1.98991811418659,3.97983622837319,4.97479528546648,2.98487717127989,4.97479528546648,1.98991811418659,4.97479528546648,0.994959057093297,0.994959057093297,2.98487717127989,3.97983622837319,2.98487717127989,2.98487717127989,4.97479528546648,3.97983622837319,5.96975434255978,2.98487717127989,2.98487717127989,1.98991811418659,5.96974930474073,3.97983622837319
3.97983622837319,2.98487717127989,5.96975434255978,2.98487717127989,2.98487717127989,1.98991811418659,3.97983622837319,2.98487717127989,0.994959057093297,1.98991811418659,3.97983622837319,4.97479528546648,2.98487717127989,4.97479528546648,1.98991811418659,4.97479528546648,0.994959057093297,0.994959057093297,2.98487717127989,3.97983622837319,2.98487717127989,2.98487717127989,4.97479528546648,3.97983622837319,5.96975434255978,2.98487717127989,2.98487717127989,1.98991811418659,5.96974930474073,3.97983622837319
3.97983622837319,2.98487717127989,5.96975434255978,2.98487717127989,2.98487717127989,1.98991811418659,3.97983622837319,2.98487717127989,0.994959057093297,1.98991811418659,3.97983622837319,4.97479528546648,2.98487717127989,4.97479528546648,1.98991811418659,4.97479528546648,0.994959057093297,0.994959057093297,2.98487717127989,3.97983622837319,2.98487717127989,2.98487717127989,4.97479528546648,3.97983622837319,5.96975434255978,2.98487717127989,2.98487717127989,1.98991811418659,5.96974930474073,3.97983622837319
3.97983622837319,2.98487717127989,5.96975434255978,2.98487717127989,2.98487717127989,1.98991811418659,3.97983622837319,2.98487717127989,0.994959057093297,1.98991811418659,3.97983622837319,4.97479528546648,2.98487717127989,4.97479528546648,1.98991811418659,4.97479528546648,0.994959057093297,0.994959057093297,2.98487717127989,3.97983622837319,2.98487717127989,2.98487717127989,4.97479528546648,3.97983622837319,5.96975434255978,2.98487717127989,2.98487717127989,1.98991811418659,5.96974930474062,3.97983622837319
3.97983622837319,2.98487717127989,5.96975434255978,2.98487717127989,2.98487717127989,1.98991811418659,3.97983622837319,2.98487717127989,0.994959057093297,1.98991811418659,3.97983622837319,4.97479528546648,2.98487717127989,4.97479528546648,1.98991811418659,4.97479528546648,0.994959057093297,0.994959057093297,2.98487717127989,3.97983622837319,2.98487717127989,2.98487717127989,4.97479528546648,3.97983622837319,5.96975434255978,2.98487717127989,2.98487717127989,1.98991811418659,5.96974930474062,3.97983622837319
3.97983622837319,2.98487717127989,5.96975434255978,2.98487717127989,2.98487717127989,1.98991811418659,3.97983622837319,2.98487717127989,0.994959057093297,1.98991811418659,3.97983622837319,4.97479528546648,2.98487717127989,4.97479528546648,1.98991811418659,4.97479528546648,0.994959057093297,0.994959057093297,2.98487717127989,3.97983622837319,2.98487717127989,2.98487717127989,4.97479528546648,3.97983622837319,5.96975434255978,2.98487717127989,2.98487717127989,1.98991811418659,5.96974930474062,3.97983622837319
