1651.33550999221,1213.28183555715,981.707620308095,2469.95094119529,2505.20782026127,830.91531228786,1953.84827942127,2625.75003142519,1537.82208287405,1698.26873405527,2371.23113960659,1555.22874390644,1297.73796472645,1709.35028815818,1892.88670054616,2210.72548462781,1416.79575025986,2667.1703572205,1574.50365055971,1161.1425143941,1271.48539492563,1666.64994944879,1105.0795043362,1098.12463567986,465.760802220496,2103.29505864321,901.158708111234,1650.26705843734,1351.12657025696,865.563938067569
826.071392365184,1177.88447065702,981.707620308095,1420.85720117386,601.879579633404,708.573046080513,1953.84827942127,2010.49328067976,393.403264749333,1015.9712299119,979.761541977225,679.882379119456,987.15484474947,694.884493101913,1078.21542579515,1487.53174453296,510.740396164416,1622.16472955322,872.455004965179,944.574367720405,1271.48539492563,927.702628084201,578.566788188417,1098.12463567986,465.760802220496,2034.88679605706,720.946590327046,275.075647664134,767.738688142191,511.857540308833
503.16463139267,377.829609220561,604.502841041466,532.406936373808,601.879579633404,708.573046080513,1051.21689857055,743.43116963777,393.403264749333,929.130938942637,338.75551250307,243.751230167109,478.12879323835,616.454475432101,681.679240494827,996.581193313777,510.740396164416,1190.19063078795,800.779489230155,944.574367720405,843.384998066525,927.702628084201,578.566788188417,1098.12463567986,465.760802220496,1161.66544332136,720.946590327046,275.075647664134,767.738688142191,511.857540308833
265.170912809776,151.990720682025,240.917016452687,532.406936373808,177.100546531624,328.264215882308,215.940470814644,290.825047098053,393.403264749333,568.779094410211,207.443771055663,243.751230167109,419.322124175156,309.638550901863,399.747625271185,266.484290335241,186.130141573986,958.754356131869,165.286815496622,382.587719364784,285.018238229384,825.265258694158,348.292967418582,780.350547282989,417.970517692951,618.794759503995,474.274877301594,275.075647664134,682.761091264663,204.668783627732
150.277929894952,64.7429222181302,240.917016452687,208.110512334546,146.553732421788,64.5456123798646,128.017797619748,144.861710917359,105.078750157766,232.73106183161,53.5815241367717,126.088260158714,181.432583794862,216.878777069519,300.760289409043,145.601002731316,170.431200620569,323.965064068545,62.2230110191576,135.550900725749,173.376811365026,50.430243162972,192.537400774922,196.917900484486,143.955982428667,583.452693096767,116.541500464474,154.559199098945,185.852750922515,157.821788010942
48.2655489633968,64.7429222181302,17.4084509105645,33.5769917063479,48.4173289906544,7.06544941270067,39.8714753640206,25.723454864208,30.3924550145857,42.5177263660452,32.820366793365,32.6679097689497,16.2314137839348,21.8236908948601,132.684224945736,50.873636421054,34.6093979378351,54.0597294526202,32.5739578950848,34.8195969422859,48.8980195216456,26.3860964891269,50.3005918250211,52.740013054611,33.5084331075606,19.1492770635776,9.6052000333251,25.2703012809731,125.749182432675,31.2782929675374
5.83762418491244,8.67757726180992,4.80997787673459,5.94449511610219,5.90438029199606,5.28444162086316,7.82005735318546,6.03737819149455,10.8404873396662,4.64212331751173,5.24706823914403,5.21386741298818,3.21289718464232,3.36676517596743,14.5968767704338,4.10241826474555,9.48882562401582,9.72606947739496,3.65862369106753,2.29944584608984,4.06250533450338,5.44900657454934,2.66742859760393,15.6301242728936,8.4401126145118,8.24055332225021,2.42855935353214,3.69457339167764,4.17612674551151,6.1191530544188
1.18622920471637,0.652392163928994,1.28823552507401,1.14636255119206,0.598943097174015,0.442112532705778,0.84023725475015,0.871269206708689,1.22025829316556,0.976031804062359,1.11449023078296,0.449297580420421,0.736408548710301,0.722481706950816,0.93610327616409,0.540112446619105,1.0427198588593,0.842398755504632,0.679012961244894,0.463066307042254,0.66821804125118,0.820137257342935,0.911183728786114,0.480029395828865,0.476669071489709,1.32942457014508,0.843319701819837,0.656730936436702,0.722442160266155,1.84795760897907
0.136315064069436,0.133356602764252,0.188247277278947,0.137783586821001,0.121887638913904,0.0424181183783503,0.111440313472599,0.145489074937586,0.142212399043387,0.110104832819729,0.186457541270784,0.112582593575212,0.0775968240978955,0.038359898832482,0.16606532436424,0.0444134288454734,0.0762702589645414,0.187904311388934,0.0954162513286292,0.0989330883949151,0.0809803955522739,0.081143696581762,0.130207654138076,0.132719081075834,0.0702842306382081,0.0999328081908288,0.0732104016487938,0.110784494164363,0.0797775007372366,0.138387859862519
8.64544408614165e-05,0.000129666340399126,7.32630193169825e-05,0.000126788332522665,9.24970680671322e-05,2.1833998061993e-05,3.42747383683673e-05,0.000151888989762483,0.000127066478057714,0.000145599813549779,5.37756319545224e-05,8.14571116052321e-05,0.000104674269437055,4.21361842199985e-05,5.81011457825298e-05,3.27458566289351e-05,6.82314981759191e-05,0.000189815400290172,4.78076015042461e-05,8.39095403080137e-05,5.06338259356198e-05,0.000131515804127957,6.92547678227129e-05,0.000206955666158137,6.73081038939927e-05,6.3274108015321e-05,8.59644738966381e-05,4.42169213101806e-05,4.91706293814786e-05,0.000195372482380662
3.38718564307783e-09,6.39124664303381e-09,3.04737568512792e-09,1.3153567124391e-09,4.37853486801032e-09,5.96287463849876e-10,1.30683019960998e-09,3.97483290726086e-09,6.82950940245064e-09,5.9588955991785e-09,3.32329364027828e-09,3.64548213838134e-09,4.68526195618324e-09,2.73337263934081e-09,4.52678250439931e-09,4.99653651786502e-10,4.59817783848848e-09,3.80850906367414e-09,1.04250830190722e-09,1.54420831677271e-09,3.44243744621053e-09,4.77382400276838e-09,2.10150119528407e-09,5.74982550460845e-09,4.26814494858263e-09,2.94880919682328e-09,4.16184775531292e-09,1.67062808031915e-09,1.8428636394674e-09,5.397168933996e-09
0,0,0,0,0,0,0,0,0,0,0,0,0,0,0,0,0,0,0,0,0,0,0,0,0,0,0,0,0,0
0,0,0,0,0,0,0,0,0,0,0,0,0,0,0,0,0,0,0,0,0,0,0,0,0,0,0,0,0,0
0,0,0,0,0,0,0,0,0,0,0,0,0,0,0,0,0,0,0,0,0,0,0,0,0,0,0,0,0,0
0,0,0,0,0,0,0,0,0,0,0,0,0,0,0,0,0,0,0,0,0,0,0,0,0,0,0,0,0,0
0,0,0,0,0,0,0,0,0,0,0,0,0,0,0,0,0,0,0,0,0,0,0,0,0,0,0,0,0,0
