466.278199332442,514.056692147507,589.377299851537,797.866650891418,457.688987496565,481.193307266311,497.497505729785,525.838215332613,738.314714156337,436.656778297689,502.186725990673,512.832616815916,503.103349817273,456.388833116069,599.472639699605,496.416273791997,581.729171963047,500.574835354078,640.948469841343,430.016045764265,464.796227525291,599.238888115957,421.890687663522,651.089284030249,348.611503463473,523.065774926964,700.001081453378,697.094420627705,552.3917251545,484.258056948862
466.278199332442,500.294356955814,589.377299851537,501.580285905546,457.688987496565,432.744068703766,485.556307820911,525.838215332613,527.29050060108,436.656778297689,502.186725990673,512.832616815916,455.244913407292,456.388833116069,374.873991941696,409.670183724539,581.729171963047,464.031028553819,456.983853921682,430.016045764265,464.796227525291,484.306977024922,421.890687663522,573.756034372244,348.611503463473,435.612769806782,628.913119775893,697.094420627705,544.152300884054,433.465665213971
466.278199332442,500.294356955814,381.364474840758,451.792839844076,457.688987496565,432.744068703766,439.032131697535,525.838215332613,495.806797684875,383.428448404334,456.271623612463,487.362047682278,437.95922278802,456.388833116069,374.873991941696,409.670183724539,504.935601812181,413.383789214728,456.983853921682,430.016045764265,464.796227525291,474.103161593259,360.261197377607,573.756034372244,348.611503463473,435.612769806782,628.913119775893,562.961126273589,517.795165337349,433.465665213971
434.874801168322,500.294356955814,381.364474840758,451.792839844076,440.244836650623,387.153873813563,369.323395507595,438.914868827476,477.201600038509,365.950292935036,446.374968867457,487.362047682278,393.131149835098,456.388833116069,374.873991941696,390.166888835107,504.935601812181,401.60114460039,399.090135204518,430.016045764265,464.796227525291,417.422269656758,360.261197377607,529.052574744763,348.611503463473,435.612769806782,628.913119775893,562.961126273589,507.959491953051,375.423284251295
367.498767052251,425.294472902749,375.146736263666,449.134038379338,399.538279975925,387.153873813563,324.145425610573,379.81647119505,380.393263177368,357.455250555345,363.964531884136,413.234486842988,286.600572091056,380.000026755863,374.873991941696,306.939074392445,492.019732183708,401.60114460039,363.284515984779,377.992856091852,384.065100810279,370.853006771685,323.987812222475,369.137787053995,334.444405439709,336.022619779365,458.376404333042,475.006491784801,402.61625274294,375.423284251295
317.598670939165,396.602769833441,265.928904977099,413.790856650437,345.886448725398,318.277751115215,257.493644255988,281.499308344443,305.410596788199,299.652223844546,285.186696573522,336.817783163889,249.914001661023,360.541364085576,351.759065449142,257.836264083112,396.466919032916,358.169148841574,327.716819506611,362.09475966406,349.768201649392,336.915472248361,285.442979848412,283.854747088963,284.206344419089,289.407219113634,436.058524885128,380.848772874947,321.391487702428,316.57464096781
253.155481335038,392.245789008945,237.274596101264,317.818969385708,259.304396865823,238.060761806067,234.559426514516,239.410147848975,247.582557826533,239.323824188803,247.613541512247,248.042265562227,233.259889870563,280.593604816978,303.842139570362,235.90814147312,274.161480973956,258.434188337664,297.124995750227,252.851045245332,244.80108701058,244.723055178675,242.628611055282,239.009807893317,232.415527878276,236.45749385421,314.142513320237,320.074550252372,248.314560727998,265.07700121837
230.79181054058,312.607477299309,230.932159922957,243.02331725715,237.336731711142,230.566329521227,230.542579679581,230.696735935749,231.307985408387,230.341906117023,231.577647099634,232.124979894871,230.588467426432,237.205755586726,244.75189518387,230.565904796499,237.227423736826,231.82887987887,236.085124379483,233.917293453128,231.058193249207,231.257830923908,231.592331131498,230.740721625888,231.107690854589,230.587036983563,244.362921921099,236.57637122403,231.02927215362,237.141015176312
229.792889217122,235.724345276928,229.76400312667,230.925798404186,230.656326344877,229.771680882464,229.690107121333,229.70229669556,230.04051653716,229.7662022677,229.669148897526,229.979034091911,229.752651233181,230.718744702242,230.880579821524,229.562195614979,231.176948894517,230.096694210271,230.733542755938,229.847222019886,229.60423843517,229.725180902286,229.756327613059,229.81936310635,229.892578987382,229.702629690702,231.91080743508,231.354234825321,229.795316760227,230.509754813927
229.390272574335,229.695757601039,229.350771936352,229.810731535384,229.620957986885,229.339616241512,229.332281852676,229.361222122238,229.412494086291,229.330058619936,229.334901852194,229.516643784447,229.343104777718,229.588768513074,229.693009103209,229.322536170224,229.67991295931,229.377364847148,229.566211577692,229.491349756826,229.337509433664,229.34330123673,229.362418841522,229.327794191923,229.385791757602,229.351656606153,229.608275602147,229.712324214896,229.363423240049,229.592111496484
229.287610286976,229.353659120135,229.28600481059,229.344828719775,229.328240606957,229.286285588272,229.287269630254,229.28714493609,229.29181578223,229.285741244971,229.28725954412,229.301647867149,229.286181602506,229.329819401103,229.325495866329,229.285730494295,229.338573994619,229.292341364991,229.328403860947,229.300356402275,229.286404617513,229.286420533975,229.288688154514,229.288002507531,229.288130210245,229.287081614383,229.352256675138,229.343974083888,229.28885260025,229.340475344492
229.284390505286,229.286769197387,229.284388848936,229.287785324923,229.285159605232,229.284389652661,229.284387097694,229.284389006632,229.284413831163,229.284384996658,229.284387481013,229.284565366139,229.284387597521,229.286623662441,229.285043738063,229.284386804036,229.286996433784,229.284436912842,229.286534079597,229.28459950559,229.284385874217,229.284388177558,229.28438883124,229.284387297348,229.284394065642,229.284385999229,229.287227200807,229.28629230407,229.284390281433,229.2863781922
229.284382721903,229.284385120165,229.284382710178,229.284388156128,229.284383158299,229.284382712931,229.28438271527,229.284382724679,229.284382718629,229.28438271196,229.284382714045,229.284382735085,229.284382728253,229.284386670148,229.284383272185,229.284382716163,229.284385510954,229.28438271679,229.284385946169,229.284382761444,229.284382719576,229.284382710545,229.284382714596,229.28438271259,229.284382741512,229.284382711166,229.28438756217,229.284385679958,229.284382714818,229.28438823304
229.284382708755,229.284382709676,229.284382710178,229.284382708525,229.284382709397,229.28438271256,229.284382709837,229.284382709285,229.284382715354,229.284382709431,229.284382708581,229.284382711252,229.284382712437,229.284382708533,229.284382712578,229.28438271051,229.284382708504,229.284382711377,229.284382708528,229.284382708777,229.284382709868,229.284382710545,229.284382711149,229.284382709596,229.284382712577,229.284382710302,229.284382708523,229.284382708504,229.284382710699,229.284382708533
229.284382708493,229.284382708487,229.284382708494,229.284382708487,229.284382708487,229.284382708488,229.284382708492,229.284382708495,229.284382708487,229.28438270849,229.284382708487,229.284382708487,229.284382708493,229.284382708487,229.284382708487,229.284382708493,229.284382708487,229.284382708487,229.284382708487,229.284382708487,229.284382708505,229.284382708492,229.284382708494,229.284382708493,229.284382708487,229.28438270849,229.284382708487,229.284382708487,229.2843827085,229.284382708487
229.284382708487,229.284382708487,229.284382708487,229.284382708487,229.284382708487,229.284382708487,229.284382708487,229.284382708487,229.284382708487,229.284382708487,229.284382708487,229.284382708487,229.284382708487,229.284382708487,229.284382708487,229.284382708487,229.284382708487,229.284382708487,229.284382708487,229.284382708487,229.284382708487,229.284382708487,229.284382708487,229.284382708487,229.284382708487,229.284382708487,229.284382708487,229.284382708487,229.284382708487,229.284382708487
