44.7200082361501,75.8604711993539,43.6374097037069,167.183994161635,53.4995761607179,68.0427665926532,74.4052918317357,38.6981788297139,39.9289352893447,32.3518679724484,50.2203266374336,41.1371737164791,54.5597468375663,36.484525089666,176.279205622821,44.1879040237436,50.9591879213767,62.4339717513808,39.2723798005268,68.2908611621838,67.2440757052186,38.2291335432915,35.0607990647595,44.2141151080136,47.8794974019916,54.9489695944944,36.0848845458931,29.9300506213449,50.3288432680602,64.3124874616437
33.2291790630229,37.5180706366696,39.6134169980614,42.6326414241694,35.733394706137,40.5066090260748,35.1104572333493,36.8298478503875,30.6673875427928,31.2347228119934,35.1805200022254,33.3321117731907,39.2553021103026,32.5068798873976,41.157057899602,38.7910762353754,37.53990632359,34.7597960006742,32.355528813704,32.6102177544021,37.5837376082354,38.2291335432915,32.4592220277827,38.2056112876626,35.0929681146504,42.0113653020285,31.6572854670021,29.9300506213449,45.2525657445067,38.4664768485709
33.2291790630229,28.2180182295269,33.3841565172102,39.2218453954251,33.9541925050198,35.7511984044945,33.1215529644992,36.8298478503875,30.3248825715573,31.1440444285558,35.1805200022254,30.7178611436793,36.9547622371606,30.7511721889455,38.8610322022087,38.7910762353754,34.8339979752559,29.7184916316351,32.355528813704,32.6102177544021,37.5145655024839,33.6241596990512,29.344142403133,33.8644968479566,35.0929681146504,31.7520729496123,31.6572854670021,29.9300506213449,43.0076474023463,34.3260789893143
30.2888841450399,28.2180182295269,33.3841565172102,34.4581661111488,29.4853254412801,28.6074636070834,32.8382737297434,36.1272977762883,22.137863472261,28.9119168591728,27.765906896404,17.2507113909974,32.3858422306098,30.1780525575596,38.8610322022087,29.9042576876045,33.295878219285,28.9797784635007,28.6051684071545,31.5596307574388,31.2834016685424,32.3303026935823,19.7330960424097,31.4670161795561,30.8325212814912,27.5447350028571,30.3763644507285,18.7836151524471,32.6774534408887,31.6615952307084
29.0016418746177,27.1453815360496,10.8150003801975,29.1761238532736,25.1855348727559,14.5722492329664,25.2893031886333,26.1895059522572,15.7670250065366,28.9119168591728,25.0484246150654,12.8724262546502,26.5867635969439,29.3992367478186,28.4249928311174,29.9042576876045,30.0455148126321,28.9797784635007,20.6340403190416,15.9903506201272,25.5613345233846,27.5469303879031,10.5712485896374,17.0327748829604,25.5135526916024,12.1654939013447,30.3763644507285,9.01191101045561,29.2359655168466,29.1421237891454
9.30159374166305,25.1734198868135,8.50296319901827,24.9065293563553,16.6338160961668,7.04410050767183,24.1756108782038,25.043567805898,12.516282671234,28.9119168591728,25.0484246150654,12.8724262546502,24.7040340561121,29.3903560791314,17.2450881032778,11.691080115932,9.10379594178039,24.4702669935509,14.053462129571,6.91247703068893,6.48356587436047,25.8042165453539,10.5712485896374,7.58176676219728,5.45188148357693,6.58048866281342,28.5250879650275,9.01191101045561,24.4886677429167,29.1421237891454
6.06929316175365,9.22628674580255,7.22119705389696,23.4798421633423,7.09136410566543,4.05465937031022,24.1756108782038,25.043567805898,12.516282671234,27.1002438207797,24.9845491317501,12.8724262546502,24.7040340561121,26.8267859310886,17.2450881032778,7.07027214738355,6.42785716355365,24.4702669935509,5.02462796720692,4.19343333265033,6.35013486219214,24.0171816681013,10.5712485896374,5.33480672450423,5.45188148357693,4.13962965998917,28.5250879650275,9.01191101045561,24.4886677429167,15.428052268036
3.85646107999537,7.37243378641051,5.63581780465893,23.4798421633423,5.98623342415658,4.05465937031022,24.0156471267351,24.1659000739578,12.516282671234,27.1002438207797,24.8092015693301,12.8724262546502,24.7040340561121,24.3353914164095,15.1366194573284,6.08249079017469,5.81772399289594,24.4702669935509,5.02462796720692,4.19343333265033,4.33168185019622,19.5482664354663,10.5712485896374,4.52207653699088,5.45188148357693,4.13962965998917,28.2524637924776,9.01191101045561,24.4886677429167,7.32217280337818
3.4942009698043,6.21429549856521,5.63581780465893,23.4798421633423,5.98623342415658,4.05465937031022,24.0156471267351,24.1659000739578,12.516282671234,24.5928568653444,24.8092015693301,12.8724262546502,24.7040340561121,24.2835661240815,14.0605547159671,6.08249079017469,5.81772399289594,22.8575450746739,4.96677125109272,4.19343333265033,4.33168185019622,19.5482664354663,10.5712485896374,4.52207653699088,5.11195985249833,4.13962965998917,26.2836530540135,9.01191101045561,22.100860438994,4.09385020206764
3.17036536216438,5.52760568723761,5.63581780465893,23.4463256359822,5.56000597932916,4.05465937031022,20.0081366486493,24.1659000739578,12.5090461722621,24.5928568653444,24.4293112486189,9.38299113452649,24.7040340561121,24.2835661240815,8.99765133201117,4.90636521027272,3.91838766353885,22.8575450746739,3.96501120908124,4.19343333265033,4.33168185019622,19.5482664354663,8.35744452404333,4.52207653699088,1.69348221335258,3.80874193838918,24.7417286252949,7.34473500724789,7.24254375850387,4.09385020206764
2.63341575131744,4.84470388530008,4.81207203484428,23.4463256359822,5.56000597932916,4.05465937031022,20.0081366486493,24.0294388523516,5.93021664085472,24.5928568653444,24.1335472417436,4.73611205153065,24.7040340561121,24.2835661240815,7.45745610300855,3.96551992216928,3.91838766353885,22.8575450746739,2.12890228696506,4.19343333265033,4.21881608890453,7.28428653923447,7.31424911277099,4.52207653699088,0.857163863833193,3.80874193838918,24.3524378768861,6.54065616172147,4.96509544581522,3.25967153712509
2.38833625085954,3.07271486541458,4.81207203484428,23.4463256359822,5.21328431121992,4.05465937031022,13.0436556712821,24.0294388523516,5.93021664085472,23.1385535986665,24.1335472417436,4.73611205153065,24.7040340561121,17.957035992099,4.85052245174302,1.05640077024373,3.91838766353885,22.8575450746739,1.80139555983851,4.19343333265033,3.75363875194944,3.31532216116284,5.76415466093476,4.52207653699088,0.833950763606026,3.80874193838918,24.3524378768861,4.85963506743201,4.1629748211526,3.25967153712509
2.38833625085954,3.07271486541458,3.20676824650127,23.4463256359822,5.21328431121992,4.05465937031022,5.61817703750194,24.0094180770488,5.43266762063013,23.1385535986665,24.1335472417436,4.73611205153065,24.7040340561121,17.957035992099,4.85052245174302,0.258486651862313,3.91838766353885,22.8575450746739,1.79796071890314,4.19343333265033,3.74651843864694,2.85522593079259,5.76415466093476,4.52207653699088,0.826437495988102,3.1744434345319,24.058915036122,4.85963506743201,4.1629748211526,1.77272950461838
2.38833625085954,3.07271486541458,3.20676824650127,23.4463256359822,5.21328431121992,4.00716884324174,5.17223729727584,24.0094180770488,4.62574395721913,19.69890135079,24.1335472417436,4.73611205153065,24.7040340561121,17.957035992099,4.85052245174302,0.124298908713172,3.91838766353885,22.8575450746739,1.7862842427653,4.19343333265033,3.70793584956937,2.42194962234362,3.73318312075526,4.52207653699088,0.826405977169543,3.1744434345319,24.058915036122,4.13353128345898,4.1629748211526,1.08834692213986
