503.63656025555,697.152743994262,835.843342101118,698.443320822198,516.451140342161,723.743028333318,646.640998141948,516.564155170785,647.8286490178,740.660704086332,563.886539522598,607.825262687083,800.806947076088,505.221798365677,484.337919270641,531.44955330634,543.369236747872,553.57455837708,785.135568884612,506.96380264992,461.841811896984,617.735707116289,561.07931474327,509.857226750683,556.882174875407,571.903044881015,563.501380381967,579.273100010821,741.153712006501,437.97104376651
503.63656025555,586.835350535474,757.870210170659,650.517580172521,516.451140342161,636.001450844773,592.573454486243,516.564155170785,647.8286490178,585.31171322418,563.886539522598,607.825262687083,735.179531302937,505.221798365677,484.337919270641,512.906702976022,543.369236747872,490.177072617537,785.135568884612,470.964098413063,461.841811896984,591.298764357176,561.07931474327,487.450525819359,556.882174875407,479.421435172123,563.501380381967,579.273100010821,741.153712006501,437.97104376651
503.63656025555,520.05575876995,499.546026045962,433.250751204375,420.372553611392,542.560377526567,471.494079138581,516.564155170785,500.268481120161,410.253272036904,491.5574523103,607.825262687083,415.582304338916,383.450915439627,484.337919270641,512.906702976022,543.369236747872,490.177072617537,590.175830986983,468.58034182996,461.841811896984,387.755002863956,461.098790899251,487.450525819359,556.882174875407,479.421435172123,456.462352371968,379.281480799005,574.092635313577,437.97104376651
467.702779460148,498.943553004846,499.546026045962,433.250751204375,420.372553611392,457.083161087847,471.494079138581,464.186110025855,387.172044915403,410.253272036904,402.471935464083,562.729452450442,415.582304338916,383.450915439627,432.885763236924,493.533614549619,482.95369247386,470.249237703355,501.858362866767,439.45340932314,461.841811896984,387.755002863956,461.098790899251,454.00438760316,440.191231951852,479.421435172123,456.462352371968,379.281480799005,507.462437432717,437.97104376651
428.417504280268,401.058952096009,408.495864498486,349.820524663282,364.703766645901,442.212004481989,444.409055060371,464.186110025855,387.172044915403,410.253272036904,402.471935464083,504.395451787439,397.677737509868,383.450915439627,395.048285416238,414.970086184419,463.01831205286,418.009184567761,487.422118498524,418.459549409442,437.555813325843,387.755002863956,461.098790899251,420.251566403415,434.59587132537,434.246193698155,456.462352371968,379.281480799005,471.055456024328,409.603595895241
380.285329820272,395.606920845095,362.393566682686,349.820524663282,364.703766645901,367.129507139855,401.573032257358,375.189198414231,381.179942331299,386.245257525336,394.577837065523,389.272755597703,391.705934897347,375.13001614482,377.816147509597,372.7398534663,437.850697081137,383.138172791015,422.658100213172,356.061733497807,358.150116372724,354.064229614952,437.720703941158,391.191955854301,385.172255059154,372.950900377246,403.883175214052,368.552613746774,355.328591347458,341.091040987008
310.035399611914,369.666541626412,312.0133987652,342.349025614531,326.731193253202,339.93804997166,351.527153082981,319.567211212466,307.077067359747,341.398264733096,295.486071073075,307.044812251489,365.357070999629,284.944396626895,358.804284927685,321.768040176551,345.318877915365,285.771077941452,295.457733591668,273.588988647228,300.414117133004,311.128880971672,345.032985116373,355.193453558952,301.045957748237,338.845916421531,299.896450278824,303.104478209271,329.551318413693,286.376058488831
238.209880762394,293.125518843565,252.270531267435,254.378017743644,243.672612454939,238.740895424088,256.380180847872,265.500583078707,244.574508263036,260.104549862425,244.784490290542,242.009690296135,296.971155713633,252.952385213584,242.545114580162,240.521508398394,261.894483100205,235.750887790133,251.284426457729,243.707307624023,240.609368203827,258.396565363035,253.317970448082,251.32616424352,241.417886135217,241.38131336473,243.454027218346,246.149625251189,241.307489856654,240.882658233119
231.28906736555,233.492292601074,232.563164782862,231.990193786941,232.344494505878,231.678834022671,231.697252821965,233.632246332856,231.918514020379,233.266591628636,231.876152823727,231.957007011439,234.428371933401,232.0401504879,232.485070390601,231.562543164981,232.381210437297,231.67714330012,231.680639790281,230.871916427139,230.599601669624,232.23265984983,231.476373005411,233.590304081568,231.522340784087,232.597167384677,231.75002741206,232.228022325203,231.820354047647,231.864500110887
229.477506990576,229.601769521397,229.573990091627,229.461310254993,229.552583439374,229.479542687146,229.535024005948,229.602258642361,229.52449460543,229.573194328814,229.569771234836,229.516161750308,229.778341830482,229.481188708347,229.491480866906,229.50651715967,229.610182207986,229.503478149554,229.55223969999,229.513944095841,229.557884164061,229.499755425091,229.563947712064,229.545686231048,229.514722729225,229.525444201458,229.471809902955,229.572954922384,229.524387423541,229.485018475105
229.293228648746,229.292305491191,229.29387127602,229.291592430043,229.289779070303,229.289491122577,229.289186979213,229.294642894084,229.294155639423,229.295560732011,229.293894031309,229.291002221671,229.29917742885,229.291257828421,229.293552032501,229.292832764845,229.292296541343,229.289100694073,229.293028505893,229.291092944817,229.288095781232,229.291092548434,229.290616496951,229.29613876887,229.288787983466,229.290189168672,229.289427387295,229.293373057866,229.289602044493,229.291209079776
229.28441798887,229.284406319887,229.284425376278,229.284417783142,229.284415710129,229.284408986313,229.284411085662,229.284421458993,229.284406407133,229.284408393921,229.284432787888,229.28445141092,229.284445125752,229.284400038042,229.284429005904,229.284414743029,229.284448496168,229.28440555314,229.284410262765,229.284426264808,229.284406678155,229.284424631362,229.284419393111,229.284428353368,229.284412102708,229.284417002039,229.284403433991,229.284423291372,229.284406605084,229.284415585648
229.284382714487,229.28438271221,229.284382715653,229.284382717096,229.28438271476,229.284382714472,229.284382711923,229.284382714462,229.28438271571,229.28438271483,229.284382719432,229.284382719714,229.284382721162,229.284382710677,229.284382719119,229.284382714157,229.284382716911,229.284382712197,229.284382713005,229.284382711311,229.284382715176,229.284382716729,229.28438271431,229.284382719918,229.284382712212,229.284382711668,229.284382713496,229.284382714952,229.28438271314,229.284382713823
229.284382708487,229.284382708487,229.284382708487,229.284382708487,229.284382708487,229.284382708487,229.284382708487,229.284382708487,229.284382708487,229.284382708487,229.284382708487,229.284382708487,229.284382708487,229.284382708487,229.284382708487,229.284382708487,229.284382708487,229.284382708487,229.284382708487,229.284382708487,229.284382708487,229.284382708487,229.284382708487,229.284382708487,229.284382708487,229.284382708487,229.284382708487,229.284382708487,229.284382708487,229.284382708487
229.284382708487,229.284382708487,229.284382708487,229.284382708487,229.284382708487,229.284382708487,229.284382708487,229.284382708487,229.284382708487,229.284382708487,229.284382708487,229.284382708487,229.284382708487,229.284382708487,229.284382708487,229.284382708487,229.284382708487,229.284382708487,229.284382708487,229.284382708487,229.284382708487,229.284382708487,229.284382708487,229.284382708487,229.284382708487,229.284382708487,229.284382708487,229.284382708487,229.284382708487,229.284382708487
229.284382708487,229.284382708487,229.284382708487,229.284382708487,229.284382708487,229.284382708487,229.284382708487,229.284382708487,229.284382708487,229.284382708487,229.284382708487,229.284382708487,229.284382708487,229.284382708487,229.284382708487,229.284382708487,229.284382708487,229.284382708487,229.284382708487,229.284382708487,229.284382708487,229.284382708487,229.284382708487,229.284382708487,229.284382708487,229.284382708487,229.284382708487,229.284382708487,229.284382708487,229.284382708487
