3800.57147420827,3672.49613722105,4466.70948759261,6591.58401788566,4496.40671635545,5164.34219445378,3344.10900819265,4515.87522963544,3484.06079468722,5561.63561507718,4253.23792401255,4233.25740960107,4907.70474540553,6268.20732038697,4486.21318040116,4853.1745963732,4492.0367389895,4640.66853219484,2997.12243712698,3929.64574071423,3138.06920580201,4563.14495295893,5406.3276774081,6404.0726304808,4763.73214836726,4736.21150919516,6026.16153733647,2147.12727319781,4368.83364596646,6218.86356597315
1553.58724943505,2856.15836678045,4457.86058488481,5923.55646636449,4300.27821696876,4729.45136689202,2652.00753223321,3218.28806503666,1336.95046932754,5561.63561507718,2272.85661718267,2731.13573356648,3620.49457301269,6004.03041510571,3434.6226649482,3403.70493554791,2388.09561751259,4419.59768061832,2997.11644429645,1508.18592429353,2356.78192491249,3663.13858596159,4461.34218442848,5685.57930001337,3896.13047674182,2620.87278671765,5596.48092474405,2147.12724513568,4313.89965644685,5470.01781786379
1519.08490803046,1960.01556858831,3232.88971188109,5073.64952271366,2704.79570434807,4729.45136689202,2644.05587461826,1655.28867778427,1174.50800112764,4874.15485301884,1753.34130009412,1407.16250015707,918.223582035088,5238.39416464175,1778.74508222034,1939.81165332461,2342.49434151789,4196.82855279763,2997.11644429644,1376.18715802567,2348.56910833643,2475.99040054113,4461.34218442848,5685.57930001337,2011.22116725923,2611.05147933206,5291.62677858576,2147.12724513568,2677.06188907034,5013.33657747335
1519.00267253413,1939.82711065882,1194.38315954923,5073.64952271366,257.886748590676,4613.60616483583,2644.04695373903,1628.64391103554,1173.99584261585,174.498580373423,1739.82022022968,1262.16625596692,704.541325306031,5238.39416464175,911.766490847264,1916.63746361513,2342.45031790917,568.316629021553,2997.11644429644,1375.18558555515,2348.54720407537,2418.98278947118,4454.35718775016,5086.85475269851,1845.51814474298,2611.0499283951,4931.97713323916,2147.12724513568,2193.34408421475,480.311184352362
1519.00267247707,1939.82704535058,1192.20949018805,3940.8291580977,228.240433320454,4010.18204159053,2644.04695373057,1628.64301244098,1173.99584081816,100.877489627542,1739.81792348446,1262.1024834539,704.540587652972,4339.32187297005,911.111643608959,1916.63718872819,2342.45031788118,5.34136735384072,2997.11644429644,1375.18553436107,2348.54720376911,2418.96498515794,3512.11166041676,3859.44720218864,1845.48414244868,2611.04992839477,3689.34484674388,2147.12724513568,2193.32595235806,101.04388269611
1519.00267247706,1939.82704535058,1192.20949018799,3145.17429119448,228.240433320452,1902.57552503407,2644.04695373057,1628.64301244098,1173.99584081816,100.673199120783,1739.81792348446,1262.1024834538,704.540587652971,3310.77880870599,911.11164360892,1916.63718872818,2342.45031788118,5.34136734940967,2997.11644429644,1375.18553436107,2348.54720376911,2418.96498515793,3302.24901492247,3070.00939858148,1845.48414244868,2611.04992839477,2377.13588857637,2147.12724513568,2193.32595235806,100.610852767918
1519.00267247706,1939.82704535058,1192.20949018799,3136.63072400121,228.240433320452,1866.13317677065,2644.04695373057,1628.64301244098,1173.99584081816,100.488088242093,1739.81792348446,1262.1024834538,704.54058765297,3298.79419573482,911.111643608919,1916.63718872818,2342.45031788118,5.34136734940876,2997.11644429644,1375.18553436107,2348.54720376911,2418.96498515793,3297.63389977088,3055.95102343363,1845.48414244868,2611.04992839477,2359.0610247862,2147.12724513568,2193.32595235806,100.484454164344
1519.00267247706,1939.82704535058,1192.20949018799,3136.22555514902,228.240433320452,1864.92820644856,2644.04695373057,1628.64301244098,1173.99584081816,100.480828002391,1739.81792348446,1262.1024834538,704.54058765297,3298.16458620869,911.111643608919,1916.63718872818,2342.45031788118,5.34136734940876,2997.11644429644,1375.18553436107,2348.54720376911,2418.96498515793,3297.37253142155,3055.46891464576,1845.48414244868,2611.04992839477,2357.44524803669,2147.12724513568,2193.32595235806,100.436839036095
1519.00267247706,1939.82704535058,1192.20949018799,3136.20479289377,228.240433320452,1864.81806204322,2644.04695373057,1628.64301244098,1173.99584081816,100.46150942876,1739.81792348446,1262.1024834538,704.54058765297,3298.13641575081,911.111643608919,1916.63718872818,2342.45031788118,5.34136734940876,2997.11644429644,1375.18553436107,2348.54720376911,2418.96498515793,3297.35690627199,3055.43477921103,1845.48414244868,2611.04992839477,2357.35821073066,2147.12724513568,2193.32595235806,100.427683317975
1519.00267247706,1939.82704535058,1192.20949018799,3136.19928490833,228.240433320451,1864.80263509873,2644.04695373057,1628.64301244098,1173.99584081816,100.449870079484,1739.81792348446,1262.1024834538,704.54058765297,3298.13373740133,911.111643608919,1916.63718872818,2342.45031788118,5.34136734940876,2997.11644429644,1375.18553436107,2348.54720376911,2418.96498515793,3297.35467471334,3055.43156649763,1845.48414244868,2611.04992839477,2357.34350685749,2147.12724513568,2193.32595235806,100.42352997061
1519.00267247706,1939.82704535058,1192.20949018799,3136.19858277698,228.240433320451,1864.80203486665,2644.04695373057,1628.64301244098,1173.99584081816,100.447454642286,1739.81792348446,1262.1024834538,704.54058765297,3298.13360160326,911.111643608919,1916.63718872818,2342.45031788118,5.34136734940876,2997.11644429644,1375.18553436107,2348.54720376911,2418.96498515793,3297.35428964558,3055.43095138917,1845.48414244868,2611.04992839477,2357.342121104,2147.12724513568,2193.32595235806,100.421036614115
1519.00267247706,1939.82704535058,1192.20949018799,3136.19852851526,228.240433320451,1864.8019371662,2644.04695373057,1628.64301244098,1173.99584081816,100.44547671701,1739.81792348446,1262.1024834538,704.54058765297,3298.13356804705,911.111643608919,1916.63718872818,2342.45031788118,5.34136734940876,2997.11644429644,1375.18553436107,2348.54720376911,2418.96498515793,3297.35426268938,3055.43089819993,1845.48414244868,2611.04992839477,2357.34195869714,2147.12724513568,2193.32595235806,100.420356293979
1519.00267247706,1939.82704535058,1192.20949018799,3136.19852296401,228.240433320451,1864.80188041586,2644.04695373057,1628.64301244098,1173.99584081816,100.444601766982,1739.81792348446,1262.1024834538,704.54058765297,3298.13356262953,911.111643608919,1916.63718872818,2342.45031788118,5.34136734940876,2997.11644429644,1375.18553436107,2348.54720376911,2418.96498515793,3297.35425891251,3055.43089290649,1845.48414244868,2611.04992839477,2357.34193157855,2147.12724513568,2193.32595235806,100.420092944985
1519.00267247706,1939.82704535058,1192.20949018799,3136.1985221981,228.240433320451,1864.80187845776,2644.04695373057,1628.64301244098,1173.99584081816,100.443991312352,1739.81792348446,1262.1024834538,704.54058765297,3298.13356171704,911.111643608919,1916.63718872818,2342.45031788118,5.34136734940876,2997.11644429644,1375.18553436107,2348.54720376911,2418.96498515793,3297.3542584453,3055.43089163645,1845.48414244868,2611.04992839477,2357.34192834922,2147.12724513568,2193.32595235806,100.419800732436
