271.794871500331,1819.58317533241,278.754377771725,4445.53287851007,5119.36596103541,3482.29228958091,2853.67058140446,296.621884588956,261.940806440708,5633.69478436475,5011.40309486985,4543.34107041626,3073.90322370187,273.205762997423,4694.89057427743,1958.69967410389,3229.09945526942,3768.35791739689,3578.73689986839,266.000210886709,4048.05160779237,299.77122065341,1860.51930635381,2960.69988052485,2935.44274991773,7423.73890510343,4228.72801261725,6514.54757488535,273.680958785321,1876.24084621335
258.520552164292,1181.05186352861,258.099743717075,3745.11054439084,3036.89838618272,3466.76979229353,1681.68164084077,255.425993029437,252.128829792926,1991.19284311774,2713.73383011836,2648.28341991144,2555.24163969955,259.248953610205,2273.32357935413,1190.77349471835,1781.72990846817,3501.06136782056,2737.38126489122,242.906536142297,3045.19123600818,259.37838049662,1601.16069188671,1876.47817988512,1992.49972778793,3123.13394204218,3016.90237822003,4009.76648303261,268.516308596144,1304.35684216602
258.520528261719,1170.64402768104,258.099281603468,1964.42410759835,2042.76763162499,2976.62254315186,1464.975642681,255.42501677883,252.12881773622,1924.94730017313,1688.53798608382,1865.87583845458,1964.72778591985,259.248890411453,1406.97852225241,1088.8982053043,1427.74234181086,1814.97529713121,1598.54299957927,242.905962724538,1690.74829766963,258.928515768851,1334.78624846793,1876.47817988512,1551.99363392919,1461.66226180787,1986.18332982527,3719.05402980823,268.506366575444,769.669533074727
258.520528261715,601.169219206975,258.099281592403,1201.23936153692,988.207374597053,864.821292149267,1084.28306439181,255.42501676771,252.12881773622,1272.25382740324,1127.96657561752,1212.02046615888,1964.72778591985,259.248890410848,1034.24770861822,1088.8982053043,1050.29030706383,1104.67564296632,1598.54299957927,242.90596269939,1360.54716008428,258.928405806636,936.589239099164,733.471652856747,879.994964070444,901.871692481358,1320.661867691,1417.83066984115,268.506364587957,615.423251033998
258.520528261715,421.330176459664,258.099281592403,618.61012476527,360.088201168158,602.107888161694,560.733175212818,255.42501676771,252.12881773622,431.724798918622,373.396292410263,590.723948457834,520.984653820193,259.248890410848,507.292881303203,471.515480721798,396.553521509317,379.914191031503,726.314898861461,242.90596269939,524.717451975081,258.928405806635,415.19756230655,441.563235295309,412.900354761632,443.875450015617,505.426752761353,471.006458162853,268.506364587957,374.227566840105
258.520528261715,291.695642670464,258.099281592403,345.156355469403,296.081765379107,329.156221034558,290.047928950011,255.42501676771,252.12881773622,271.569465282236,266.004093472451,311.527760294563,293.490951894558,259.248890410848,322.045968276102,286.949849504148,266.153940331748,268.747702651376,319.858209784863,242.90596269939,289.597082857052,258.928405806635,270.629555543871,296.977112179233,280.35480905741,302.338112178739,284.772579678121,307.28153472572,268.506364587957,288.216946744144
258.520528261715,256.044304276573,258.099281592403,261.050130506651,262.304981739218,265.366676563186,252.55227195596,255.42501676771,252.12881773622,244.446040602832,242.324681946819,258.613764060485,257.681733746188,259.248890410848,272.455911738565,239.029773542167,248.307839907025,253.400639107671,270.626444400853,242.90596269939,249.528172909015,258.928405806635,254.151970385286,277.045017213386,247.847315069131,271.967739136141,256.124593050615,275.460911421557,268.506364587957,257.172792114577
258.520528261715,254.277900199892,258.099281592403,254.965988090746,258.281408663271,258.062623450899,249.258828509862,255.42501676771,252.12881773622,243.787418754624,240.294518167402,252.920375976337,256.242778031916,259.248890410848,266.579955070792,235.783047280584,247.365707298768,252.818450259202,266.956910276847,242.90596269939,248.927660510862,258.928405806635,252.671900178477,275.111454013713,245.675043424411,268.483775606785,248.353301047686,274.305428831743,268.506364587957,254.777647390325
258.520528261715,254.203193003701,258.099281592403,254.781120407847,258.083367081968,257.686491433895,249.154602343491,255.42501676771,252.12881773622,243.74480232222,240.23337783076,252.892084936072,256.209374358873,259.248890410848,266.579955070792,235.710945048013,247.290469336242,252.748075582192,266.727043560579,242.90596269939,248.890882394613,258.928405806635,252.600582620873,275.058500326735,245.53999711009,268.368563663681,247.976332019834,274.224994181627,268.506364587957,254.742651963041
258.520528261715,254.189960865599,258.099281592403,254.776372000489,258.068570663973,257.656794826498,249.146647272252,255.42501676771,252.12881773622,243.738400912866,240.226560024068,252.889227638775,256.204455845339,259.248890410848,266.579955070792,235.703772242382,247.28143519083,252.741518290536,266.72139179693,242.90596269939,248.888144580398,258.928405806635,252.591397706081,275.042662948858,245.48803286898,268.363427135732,247.95644933014,274.215672277301,268.506364587957,254.742003840827
258.520528261715,254.189463398415,258.099281592403,254.775763339187,258.067622567246,257.655251764575,249.146473905617,255.42501676771,252.12881773622,243.737855148183,240.22566940052,252.889122990705,256.204110846399,259.248890410848,266.579955070792,235.702375211366,247.280801303508,252.740192300211,266.720638194985,242.90596269939,248.887551335353,258.928405806635,252.587728398895,275.041794854842,245.484870036432,268.362764752012,247.95295489536,274.214393318483,268.506364587957,254.741895908748
258.520528261715,254.189399309338,258.099281592403,254.775692728107,258.067377687285,257.655045615918,249.146454723294,255.42501676771,252.12881773622,243.73771855491,240.225627667399,252.889113644778,256.204087710782,259.248890410848,266.579955070792,235.702270543895,247.280666687959,252.74004583826,266.720581545082,242.90596269939,248.887516274699,258.928405806635,252.587562101131,275.041730284892,245.48456662258,268.362731510527,247.952839407112,274.214262279831,268.506364587957,254.741889189866
258.520528261715,254.189393891849,258.099281592403,254.775684077892,258.067367796317,257.655022779308,249.146453110682,255.42501676771,252.12881773622,243.737708365178,240.225624689592,252.889113226628,256.204086063206,259.248890410848,266.579955070792,235.702262529585,247.280651756325,252.740038663538,266.720579796397,242.90596269939,248.887513930169,258.928405806635,252.58755556074,275.041721337664,245.484545578041,268.362730171426,247.952828791746,274.214255913262,268.506364587957,254.741888536567
258.520528261715,254.189393504588,258.099281592403,254.775683899412,258.067366912291,257.655022084969,249.146453070728,255.42501676771,252.12881773622,243.73770690036,240.225624483889,252.889113203914,256.204086043655,259.248890410848,266.579955070792,235.702260906945,247.280650278101,252.74003731222,266.720579754928,242.90596269939,248.887513755425,258.928405806635,252.587554615207,275.041720086704,245.484544476159,268.362730150818,247.952827914558,274.2142546166,268.506364587957,254.741888520852
