885.325143067535,950.169641917162,1021.81763377487,1220.06140625631,1003.70218675244,418.28584385632,1043.54299814341,621.586736538399,1119.98596599272,926.930718450235,896.631906423499,1335.71897038463,1115.69821639352,919.317199669286,995.098760670297,847.209135818129,922.32655811443,756.664195635909,1134.4898770473,608.521897753708,407.263224354792,775.179381984883,1294.18397023591,1141.53130265843,1148.78928569425,1274.05592166943,1181.34303606893,1698.65745807451,798.334572208159,834.23922716652
885.325143067535,950.169641917162,1021.81763377487,1220.06140625631,1003.70218675244,418.28584385632,1043.54299814341,621.586736538399,1119.98596599272,926.930718450235,896.631906423499,1335.71897038463,1115.69821639352,919.317199669286,995.098760670297,847.209135818129,922.32655811443,756.664195635909,1134.4898770473,608.521897753708,407.263224354792,775.179381984883,1294.18397023591,1141.53130265843,1148.78928569425,1274.05592166943,1181.34303606893,1698.65745807451,798.334572208159,834.23922716652
885.325143067535,950.169641917162,1021.81763377487,1220.06140625631,1003.70218675244,418.28584385632,1043.54299814341,621.586736538399,1119.98596599272,926.930718450235,896.631906423499,1335.71897038463,1115.69821639352,919.317199669286,995.098760670297,847.209135818129,922.32655811443,756.664195635909,1134.4898770473,608.521897753708,407.263224354792,775.179381984883,1294.18397023591,1141.53130265843,1148.78928569425,1274.05592166943,1181.34303606893,1698.65745807451,798.334572208159,834.23922716652
885.325143067535,950.169641917162,1021.81763377487,1220.06140625631,1003.70218675244,418.28584385632,1043.54299814341,621.586736538399,1119.98596599272,926.930718450235,896.631906423499,1335.71897038463,1115.69821639352,919.317199669286,995.098760670297,847.209135818129,922.32655811443,756.664195635909,1134.4898770473,608.521897753708,407.263224354792,775.179381984883,1294.18397023591,1141.53130265843,1148.78928569425,1274.05592166943,1181.34303606893,1698.65745807451,798.334572208159,834.23922716652
885.325143067535,950.169641917162,1021.81763377487,1220.06140625631,1003.70218675244,418.28584385632,1043.54299814341,621.586736538399,1119.98596599272,926.930718450235,896.631906423499,1335.71897038463,1115.69821639352,919.317199669286,995.098760670297,847.209135818129,922.32655811443,756.664195635909,1134.4898770473,608.521897753708,407.263224354792,775.179381984883,1294.18397023591,1141.53130265843,1148.78928569425,1274.05592166943,1181.34303606893,1698.65745807451,798.334572208159,834.23922716652
885.325143067535,950.169641917162,1021.81763377487,1220.06140625631,855.167471396658,418.28584385632,1043.54299814341,621.586736538399,906.224026584226,926.930718450235,896.631906423499,1258.45276118422,1115.69821639352,919.317199669286,839.461301815939,847.209135818129,922.32655811443,756.664195635909,1134.4898770473,608.521897753708,314.154150736882,775.179381984883,1294.18397023591,910.420259345221,1148.78928569425,1274.05592166943,1165.33408541027,1698.65745807451,675.826086146681,704.54149068058
721.58642853194,855.956032260574,895.942153442628,1083.10895250817,735.228362756529,406.790515618004,966.907864548173,469.39622780406,673.710027042349,842.459584940426,817.120677176507,1247.95864617391,951.429908232335,900.809615466871,839.461301815939,763.92352160791,800.72607249568,659.658427782735,1080.98487212586,586.09573121785,314.154150736882,514.519386537369,1234.54974769619,910.420259345221,1109.79262802876,1150.68402708447,1165.33408541027,1523.36961219497,648.93327103773,704.54149068058
646.520617624476,780.010131603011,732.778517144645,665.219057486642,532.614753997023,361.970248498512,757.235283531295,420.388426611187,637.979902327454,723.124341845609,780.011691310489,1155.89784926029,808.244483413852,878.88921662746,366.13917877006,725.197772459735,683.636565091944,597.271181494943,814.322420582951,579.105251246248,248.91379049951,355.787737361399,1017.28486732589,513.353264331776,543.963646159366,524.524073276449,955.624819247531,847.918819450631,648.93327103773,586.769627984371
646.520617624476,722.438287324477,579.838407202932,482.4421732275,498.197812063281,311.623407720622,757.235283531295,420.388426611187,637.979902327454,723.124341845609,650.495077738676,920.188450901194,681.726469091484,871.394712502435,296.250430540435,725.197772459735,669.911587707466,597.271181494943,644.608427822546,548.052608637855,212.500336256752,307.126675007514,1009.25848710362,513.353264331776,516.690451522049,403.501628664239,892.115807432455,664.217636579935,608.878147268826,586.769627984371
637.987242928893,681.390250017263,439.934231816771,473.805820997355,498.197812063281,311.623407720622,559.625917905251,374.12705314048,549.876419017755,713.266886483701,580.006674925105,694.94285029036,681.726469091484,871.394712502435,296.250430540435,725.197772459735,665.186678098255,597.271181494943,644.608427822546,546.537724257164,212.500336256752,285.544190019828,1009.25848710362,513.353264331776,410.859812043806,368.300816652737,885.872096722954,637.558786884409,583.211138214909,557.836897535799
616.310007094873,657.828243996067,365.537738069729,473.805820997355,458.061751270927,306.015297589144,405.419121427146,374.12705314048,549.876419017755,710.15742420545,553.402079466184,577.6301499341,681.726469091484,859.73530063021,283.263262487659,695.265833186046,649.20897771124,581.731357248193,456.824000504447,534.995119124294,175.788259473531,259.07086515631,944.212827050061,474.422977825706,410.859812043806,335.938012294703,765.550580437907,634.558075985132,551.787365111932,557.836897535799
591.7035576712,609.361861871307,340.596602823571,464.55410049228,438.219322452527,274.335426935811,365.842209466156,356.463056653878,427.127841911429,687.514338683469,513.639478416949,507.393530140909,676.493246497563,841.600703709311,234.069298663729,679.111747672009,639.288691528171,556.319845966188,319.485839247907,509.72760166824,163.97059879313,242.794751329491,917.891139215869,422.925606388818,399.442282074603,315.029734057108,765.550580437907,527.49063130582,506.272230792013,443.782811112857
580.960691326127,597.871532860581,297.427366046347,406.628913708203,408.76179567131,262.375310365863,310.191200925928,331.036637874842,347.048473076324,660.616348834226,486.018978613708,454.805090249151,650.950085943773,822.730593854951,198.068816325018,669.946039061241,592.785046481676,545.486351660642,223.743069134988,505.42736277487,74.99083539086,223.369491653005,894.847073072008,369.505050987364,340.544648503776,265.992592389061,735.863291509409,492.219698830921,485.089741444266,257.086712836217
579.143210755019,596.372927285415,293.919270840138,398.6542464729,387.793630232986,260.385601411581,306.318329873195,322.51680759734,284.746067131598,658.186942483296,479.648724378748,296.540767230478,648.334934095067,817.395450771413,163.978137844838,668.836519310163,578.722278330762,544.146051903491,184.258750091606,503.985729794396,28.9798309141631,220.413884046374,891.844818257115,347.974042324202,335.637945944071,255.605640752412,725.225926365596,486.080570637373,482.592880643873,170.04365431858
579.062699557698,596.320280486829,293.879334643173,398.381851105631,384.722297963991,260.312380771989,306.221428883446,320.801092493372,243.962274965263,656.75182323529,479.002248173104,261.402658401179,648.293597990615,817.257175563782,161.223012734763,668.73543881606,576.332238902263,544.106988608991,159.881566935481,503.962235910362,25.9816545589645,220.266940546438,891.773421150574,347.279986496761,335.55023877877,253.872774479939,724.310636031523,485.868254073335,477.14901787917,153.847864744062
579.062235971182,596.319826864859,293.879053768368,398.380988936445,384.629661222407,260.311559981752,306.220053214105,320.743819318409,243.841881858504,656.736927744046,478.999199617545,260.940144930687,648.293305878086,817.256367473881,161.218899459464,668.693459387013,576.25368742768,544.105852791989,159.621970143907,503.962097890633,25.9551874762983,220.266373472016,891.772561094091,347.279535903231,335.549562949365,253.797063323757,724.309478702003,485.838278066994,477.055027589245,153.677309822743
