2392223.02810413,12227.4466941359,144203.972726579,83670.6236709923,7629126.8570791,375.730732350114,1273.4924032409,7918793.80055523,45058.2332097575,401642.317073327,10382.6832661684,1473597.66616892,1744.67711389184,1567301.51819491,12613.8359211104,52982.9734753472,3183424.02925198,505.321372899551,543.320929312642,778518.697443036,998978.991344058,6459.33834112058,1231.70050763889,1541180.4649445,51457.1603762768,1813736.35614505,27501.901091923,461.407003591003,642266.359605487,4105569.69895691
8602.97192101408,1593.18098220273,1087.79122810986,22801.4833674818,5731.39272734321,124.899784403397,636.579704161593,5545.12307887119,2185.97877179106,1431.96740609266,259.649771408522,1920.8621569791,594.401796610934,1916.16327105789,1126.33079298008,709.498078022251,36187.670430112,272.798662810661,495.168338460021,925.529728727586,1362.50551365846,567.952422502348,680.011755574821,13813.8877713429,491.250887981599,487.243775167165,927.288113816733,197.628570511784,780.220060265681,2096.91516211493
1059.77591861653,365.598456062418,208.78419745352,655.97298923554,1544.60062039087,71.7951920427881,149.853336245844,833.988027465065,758.754888397559,729.554343913359,259.649771408522,1070.25822484344,559.250477869779,1226.04741681803,221.042659285596,419.703175660107,1565.39515716207,272.798662810661,229.603801053957,569.314916599544,1362.50551365846,447.742590251805,196.055110174637,1096.65568963915,491.250887981599,487.243775167165,605.886726153318,197.628570511784,780.220060265681,2096.91516211493
87.5212557705058,51.6471097678532,62.1771282072591,108.756508333055,193.614336901863,62.4079150818498,149.853336245844,255.904090915655,64.8201953668204,105.081089509652,259.649771408522,247.4370064216,59.2873072224666,109.702030811524,56.8890668975046,107.65109209511,204.942606462102,136.173282077455,53.9028775522156,55.6038341904846,144.040929692227,170.928144904949,171.672859273054,70.6242360495462,75.2288799226899,297.540066434098,114.310740818434,188.420139441651,304.513847500439,237.197046411209
48.28286362072,43.5020021990831,44.1429480589345,39.8852201275599,165.990295868843,55.3830050351216,149.853336245844,51.9393240732929,45.8342925314873,49.3525655728004,39.5444605316825,47.1703105534657,46.0774837210847,42.3846601785008,42.6278256267346,52.468479921351,160.576449315124,39.1432593740265,40.6898438226985,43.7338896831566,42.7127036675447,41.0187446650243,161.170267079341,49.3085255370625,48.0546730936662,38.4055525623421,44.3141834362968,179.953753016812,45.8970305991875,57.5783738420205
34.9385380335598,33.2924536834043,31.4085954893826,34.4834841404427,147.154144225478,47.309944239878,148.312191166193,35.0278461447178,35.7704134188994,35.4377692012085,39.5444605316825,37.3519504164096,37.2300037112086,33.5669198623377,33.891160407919,36.2375724419335,150.848877173466,33.1301854733929,34.4476138813193,31.1742711643992,38.8399727168021,29.9996951966314,150.015887772033,34.4080981664411,31.4179146667443,31.8763136944558,32.01897258692,168.065171441955,31.1212315936946,34.5477791352841
27.9568468951416,29.5593236117379,27.4507981843831,27.4766755824639,141.725354647232,43.497490019955,148.048018907909,29.3103524258863,29.6894944434821,24.812527978037,28.806287886895,29.7206247194035,31.3105242074789,26.2034033754326,27.7771986334428,28.6620618203042,147.742384802749,29.4400494847723,30.518463146017,28.1995734927877,32.0450380189259,25.1313330559292,144.601724491039,29.9703788345882,25.5791243206349,25.0987841418523,25.6208717120112,166.249800360697,29.4639699425579,27.513369065729
26.8829312179587,26.4757935943198,24.2301052460762,24.4845881098154,141.417175010293,43.2331433838194,146.71787732808,27.6728361311898,27.9500859817235,23.6027519845052,19.7301568604321,26.9491602415442,27.9008347226554,25.6628914787129,26.6837702126013,25.2461479299686,145.262262172494,24.408183432015,26.2240911973763,22.646249266958,27.4127997759433,23.4228327402261,142.061485056647,28.2080092284059,23.565628650239,24.0773381509434,24.3154704710878,163.413649934022,24.8476830533691,25.3118553300137
21.4988529583898,25.6398159804226,23.7880282202605,23.357362584286,140.164091630121,38.1571435817032,142.25265514379,26.6720826601463,24.966642323915,22.818945897201,10.4805115130093,24.4441054076729,26.6560022351628,23.9830551355135,24.2109942489501,25.0514249120283,140.837265613084,22.9524584310357,24.7754148854556,21.0972301285647,25.6476418058828,23.0853579580084,141.831771028213,24.1942564065253,23.3308038865498,23.6924355577526,23.3759859877719,158.026967816887,21.7659389621217,22.9263979987873
20.6386353042285,21.4999408627805,21.8618279748539,21.530358620098,139.100279508018,37.5683625278261,141.702150896096,23.7930934363972,21.5236206573527,21.1780187598338,1.87316475949501,21.9495494375783,22.0943697001758,21.2089586085958,21.8138884284422,22.2752729451986,140.537109363987,21.9606156544214,23.3888470869651,20.4101723294834,21.3256163645015,21.4096762800909,139.295912327565,20.9226986174549,21.1097304781811,21.3410339067773,21.4270815340333,157.669192922107,21.2376372297681,21.0969156001934
20.5372402263538,21.2893203069648,21.1742281467755,21.403181825573,139.020942710492,37.5244055009962,139.62808072814,20.8210357677945,21.2402969528166,21.0922652894087,0.964381910573138,21.4436193171337,21.9913552551802,21.0514779307905,21.4599341872126,22.0560366202421,139.344984679197,20.7864166035661,21.1692404911628,20.2583419262724,21.1320540092488,21.2203150516207,138.771327649741,20.816772358653,21.0042994693758,21.1968120689007,21.1822151412339,157.607455793522,21.1987677642014,20.9524818621048
20.4971773672842,21.2376944441521,21.1090000224644,21.3817240284557,138.991202172872,37.5051382333813,139.329825655613,20.6875971273012,21.2134171772618,21.0609492528515,0.923064076245282,21.387347288302,21.9509195219011,20.9996338151777,21.4163589703066,22.0034261091855,139.244738751785,20.646003383973,21.0699957145703,20.2424528747861,21.1062578540273,21.1738266881925,138.686604831631,20.774732329588,20.9541798288601,21.1662453990666,21.1287216593746,157.58678891876,21.189574978262,20.9251082417632
20.4882933795311,21.2239034377467,21.1055824420032,21.3644849968073,138.988829132715,37.4941486052112,139.295329004314,20.6740030669348,21.1943662787057,21.0477164892495,0.913754730216624,21.3742208091235,21.93949043469,20.9888133473473,21.4107285758919,21.9965277357046,139.214138447202,20.6145646686241,21.032612524667,20.2258306302747,21.0993066278079,21.162057551926,138.673891664593,20.7604693585245,20.9273041419265,21.1622798887975,21.1082401253811,157.582359411953,21.1831757970335,20.9165854681
20.4808905880141,21.2160324444721,21.0977113598897,21.3616907777491,138.983850161211,37.4929538184756,139.284899601083,20.6665727799136,21.1837874028465,21.0421885128521,0.912041441583824,21.3694169219712,21.9320743274461,20.9845697448004,21.4039032352662,21.9921633465801,139.205628190047,20.6116018004404,21.0301368693108,20.2216783338276,21.0921197108823,21.1532197448751,138.669448125321,20.7516092183737,20.9185778190536,21.1598631215484,21.1001338753281,157.577752577709,21.1796039069172,20.9135417099551
