51996028.7123097,108808515.459592,7633821.34479061,33032728.0797656,94585770.019749,1792.54174309227,30278558.7530612,107380867.988331,147723301.457487,31837959.0915376,363182.577100367,8173777.07327627,132581.242219955,21465874.1781919,1281015.6795308,1506768.58245357,50225237.7995167,135369.125088317,30973.8965501272,444916805.416691,10201121.5413967,9752311.90086723,263653.508664488,29908074.0631078,24858372.8806433,15331036.1070291,33336103.0418222,1113.20509295305,2990654.22383705,50152687.9422885
51996028.7123097,108808515.459592,7633821.34479061,33032728.0797656,94585770.019749,1792.54174309227,30278558.7530612,107380867.988331,147723301.457487,31837959.0915376,363182.577100367,8173777.07327627,132581.242219955,21465874.1781919,1281015.6795308,1506768.58245357,50225237.7995167,135369.125088317,30973.8965501272,444916805.416691,10201121.5413967,9752311.90086723,263653.508664488,29908074.0631078,24858372.8806433,15331036.1070291,33336103.0418222,1113.20509295305,2990654.22383705,50152687.9422885
51996028.7123097,108808515.459592,7633821.34479061,33032728.0797656,94585770.019749,1792.54174309227,30278558.7530612,107380867.988331,147723301.457487,31837959.0915376,363182.577100367,8173777.07327627,132581.242219955,21465874.1781919,1281015.6795308,1506768.58245357,50225237.7995167,135369.125088317,30973.8965501272,444916805.416691,10201121.5413967,9752311.90086723,263653.508664488,29908074.0631078,24858372.8806433,15331036.1070291,33336103.0418222,1113.20509295305,2990654.22383705,50152687.9422885
51996028.7123097,108808515.459592,7633821.34479061,33032728.0797656,94585770.019749,1792.54174309227,30278558.7530612,107380867.988331,147723301.457487,31837959.0915376,363182.577100367,8173777.07327627,132581.242219955,21465874.1781919,1281015.6795308,1506768.58245357,50225237.7995167,135369.125088317,30973.8965501272,444916805.416691,10201121.5413967,9752311.90086723,263653.508664488,29908074.0631078,24858372.8806433,15331036.1070291,33336103.0418222,1113.20509295305,2990654.22383705,50152687.9422885
51996028.7123097,99133522.9264659,7304262.23385108,33032728.0797656,94585770.019749,1792.54174309227,26851223.3034602,107380867.988331,114687813.598942,31837959.0915376,363182.577100367,7599868.4886992,132581.242219955,18768805.0128428,1145923.49393193,1506768.58245357,44453907.4220029,111686.999581689,20108.7890178983,444916805.416691,10201121.5413967,9752311.90086723,198858.832507467,29908074.0631078,24858372.8806433,15331036.1070291,28586223.5614202,1113.20509295305,2990654.22383705,50152687.9422885
44212894.4117732,82852059.00145,7304262.23385108,27748039.6388655,89455894.5388147,1442.33025877161,21985841.4757639,94041355.1365622,114687813.598942,25635777.607134,305723.445562313,7599868.4886992,110416.66526152,15435838.7523176,979289.206032133,1375916.23460828,44453907.4220029,60363.7107309958,9601.22855768518,395278682.526768,9084505.40394231,7610388.56136957,198858.832507467,24639372.393069,21238342.8567649,12863597.5417255,28586223.5614202,1049.68039688227,2728922.89123321,46104341.037499
23638375.5716357,49854849.3763759,4691627.81386102,15056910.6137218,61213401.1708076,913.785351775809,3578394.86297659,46080923.2293138,71057384.7248443,18763195.6129849,235877.598203563,5843905.68528877,48148.3980495061,13096057.6775425,642739.456093133,946399.108186646,20528027.6320654,26561.6068249374,7685.36677538708,158099285.117064,5724434.93285563,2956056.18890804,97673.9817148826,12191740.9551946,12234593.5663246,11011302.9072026,13299572.9466357,675.049633318543,2440900.79076794,39634656.1603206
3496337.82714568,51447.3612126441,949666.547075327,4532868.19021859,16798672.2328532,375.730732350114,1273.4924032409,17108744.1078435,699114.714507257,1399503.88650328,104980.789167233,1951087.70601478,3087.62616546912,4497212.14065845,22409.3938574604,226544.243574674,4134745.90434292,505.321372899551,1130.56953652752,37367918.8494552,1580195.56236722,50068.285742375,2013.54940987531,3268354.79109065,954519.392438906,4978656.75280211,37616.13453444,471.679571649198,1201748.4272462,12546902.1192242
67784.0056970563,1593.18098220273,1286.07026805139,22801.4833674818,5731.39272734321,156.833835960427,1273.4924032409,24544.6575896052,4441.08870665564,17021.2667352718,3899.55160449529,1920.8621569791,594.401796610934,96211.9080427239,1126.33079298008,1563.34334164067,36187.670430112,272.798662810661,542.945952966529,925.529728727586,10749.9041926426,1578.84924887941,680.011755574821,45299.3699395962,491.250887981599,1692.52289955504,927.288113816733,197.628570511784,34468.3907064984,302315.347930129
5509.67897853586,365.598456062418,208.78419745352,868.992481238882,1544.60062039087,71.7951920427881,149.853336245844,1079.89137862476,758.754888397559,1431.96740609266,259.649771408522,1268.81748347749,594.401796610934,1433.29764558266,221.042659285596,419.703175660107,5322.04098302492,272.798662810661,259.140999072961,767.274744838016,1362.50551365846,473.426601762556,454.421079546307,1112.06484508108,491.250887981599,487.243775167165,927.288113816733,197.628570511784,780.220060265681,2096.91516211493
87.5212557705058,51.6471097678532,62.1771282072591,108.756508333055,193.614336901863,62.4079150818498,149.853336245844,255.904090915655,64.8201953668204,105.081089509652,259.649771408522,247.4370064216,59.2873072224666,109.702030811524,56.8890668975046,107.65109209511,204.942606462102,136.173282077455,53.9028775522156,55.6038341904846,144.040929692227,170.928144904949,171.672859273054,70.6242360495462,75.2288799226899,297.540066434098,114.310740818434,188.420139441651,304.513847500439,237.197046411209
48.28286362072,43.5020021990831,44.1429480589345,39.8852201275599,170.222415749052,56.455084208993,149.853336245844,60.4780032772933,45.8342925314873,49.3525655728004,39.5444605316825,54.5193421869235,46.0774837210847,61.9042561405668,44.0816904609142,52.468479921351,160.576449315124,39.1432593740265,40.6898438226985,43.7338896831566,42.7127036675447,41.0187446650243,161.170267079341,49.3085255370625,48.0546730936662,61.6331159360166,44.9595935653538,180.358918266091,52.3339386525504,67.084658435253
34.9385380335598,35.3599784265107,35.8370826675923,39.5985345931799,152.063958014772,50.3017617042537,148.312191166193,41.7881593294246,38.1657931552945,35.4377692012085,39.5444605316825,37.3519504164096,39.3333855117298,33.8813767221814,35.5103822373803,36.2375724419335,154.780465474028,35.1652561550786,37.7077754512152,31.1742711643992,38.8399727168021,32.3577215723244,150.015887772033,38.0508525787154,35.0609177917381,34.203419434883,33.8541654085934,170.664176353455,35.9846744086135,41.3649160401783
27.9180262312843,29.5593236117379,27.4507981843831,27.4766755824639,141.725354647232,43.497490019955,148.048018907909,29.3103524258863,29.6894944434821,24.812527978037,28.806287886895,29.7206247194035,31.3105242074789,26.2034033754326,27.7771986334428,27.6774286183231,147.742384802749,29.4400494847723,30.518463146017,28.1995734927877,32.0450380189259,25.1313330559292,144.601724491039,29.9703788345882,25.5791243206349,25.0987841418523,25.6208717120112,166.248948117057,29.4639699425579,27.1374334450211
20.7739787181067,24.1440559789276,23.6556736347338,21.671988011969,139.250112470419,37.655683268646,141.76409675142,24.6983643744356,22.6792145532213,21.7141607404174,5.57115161353931,23.9248649877491,22.8400780253819,23.0079504399764,23.2437194622876,23.5548241802799,140.757394113597,22.9289019335888,24.6203204913836,20.81319547061,22.0322840752642,22.4956019821229,140.341193455753,21.1219865714261,21.442116150763,21.5824366360489,22.7561799234213,157.751165319417,21.3531266493933,21.3318935892066
20.4808905880141,21.2160324444721,21.0977113598897,21.3616907777491,138.983850161211,37.4929538184756,139.284899601083,20.6665727799136,21.1837874028465,21.0421885128521,0.912041441583824,21.3694169219712,21.9320743274461,20.9845697448004,21.4039032352662,21.9921633465801,139.205628190047,20.6116018004404,21.0301368693108,20.2216783338276,21.0921197108823,21.1532197448751,138.669448125321,20.7516092183737,20.9185778190536,21.1598631215484,21.1001338753281,157.577752577709,21.1796039069172,20.9135417099551
