1.16369013283361
4.13771371844496
5.1292119748025
22.4947934800794
16.03124657537
0.0681534674865816
4.32685696935596
4.32845477723481
0.441455388737268
1.03598291528601
2.15610125066451
8.15401144744237
4.14765436774132
2.14165184618673
1.17634904264423
10.124827911133
0.259089812425145
31.6651002528192
5.37628303579982
1.06912314998976
9.07397705893754
8.3051471995343
9.98349924967329
1.07853547103582
9.06164772223428
24.9952067917673
1.22435641266543
2.01277102013933
20.0374288821299
1.18701446410023
