9310.15023748126,7358.76424249292,4486.87894715199,14344.899003138,14956.4744936464,6499.5095448402,6900.64326372302,4884.59801481925,8888.02813539116,13262.0901674029,8573.03029019182,15910.019326742,7365.66056258232,11786.2045276391,5540.57912337597,8676.19185184013,8398.07073394959,7736.58966652352,14999.4391777601,8584.41152867492,12546.6498459835,7675.71388760194,10186.8635124931,9662.05286693311,3587.32559141279,7699.98441387975,5053.67410467805,8314.25611605553,3619.0927647843,16420.7181496703
1929.12056228919,6334.34481608182,13.6605024490842,14344.899003138,1949.18661520025,1483.98431609233,392.733460264942,4884.59801481925,3613.48216865713,3851.01647706016,3691.82219535257,136.823227389574,1403.83945579799,1276.71087657435,4935.02051953276,36.4873797042907,1700.11920077291,1768.55842009432,1496.6256449716,418.803881192936,2381.90841434969,3993.04765474543,2997.82883741248,4243.37785446705,959.304709633257,45.3307018967104,20.6168218525495,4730.26402494344,48.7371869452049,4912.49173282601
135.776865040451,623.087978322363,0.648254915565815,648.484809686346,62.5053759146961,130.445162530681,11.7137485309638,569.78433662366,212.408719485884,133.878369773468,272.004688194556,3.54070404894202,175.41233497808,61.0275413993503,231.153494146269,0.558626919002847,220.493939682693,115.96554408747,94.617689821042,40.9601378250508,57.2400149838007,183.862235164078,402.859311508131,182.923276370645,33.6021648919702,0.50730477059966,0.767917578470986,122.241953542906,0.792702977266686,92.2165632506653
2.00125810750876,6.3593278248095,0.00133039078951924,2.93100372061286,1.41999377563246,1.5520637252647,3.2676195875332,8.37347137752022,1.96431857783386,5.88331142811336,2.54099124272926,0.00463339382116601,2.39521775070841,1.70598818712187,1.79863849151616,0.00172765657134732,3.24274230753923,5.32866848165753,1.28944803677007,2.73363476815098,3.41222217040018,3.65101928933547,3.9369994887935,3.48528572011202,1.63055278808463,0.00126466382505441,0.000859009256373611,7.25200376801337,0.000508467558631764,4.53533263212773
0.00238264252988074,0.0015803189812118,2.65799826593138e-10,0.00225336738765236,0.00134009623474185,0.00143508826107563,0.000611631873255192,0.00131901059876327,0.00215425317435347,0.00173593772075264,0.00123772680461798,2.17312390304869e-10,0.0040209623272176,0.00086038644076325,0.00126360914873658,1.14027898234781e-10,0.00147202034122529,0.000735291326918741,0.000748487404621301,0.00146442109883083,0.000335847937549261,0.00106398906478944,0.00050917258397476,0.000273691370296092,0.000165600704804092,5.55360202270094e-11,1.05671915662242e-10,0.00126760244523894,5.33191268914379e-11,0.00205250043694605
2.24986251851078e-10,6.8098415795248e-11,0,1.07490905065788e-10,8.42987901705783e-11,1.42051703733159e-10,7.00310920365155e-11,2.56363819062244e-10,3.15822035190649e-10,3.08034486806719e-10,1.31876731757075e-10,0,9.70317159953993e-11,1.35344180307584e-10,4.43947101302911e-11,0,6.9576344685629e-11,1.64163793670014e-10,1.04648734122748e-10,1.05785602499964e-10,4.66116034658626e-11,7.69659891375341e-11,1.53875134856207e-10,6.66773303237278e-11,1.26817667478463e-10,0,0,7.25890458852518e-11,0,9.76285718934378e-10
0,0,0,0,0,0,0,0,0,0,0,0,0,0,0,0,0,0,0,0,0,0,0,0,0,0,0,0,0,0
0,0,0,0,0,0,0,0,0,0,0,0,0,0,0,0,0,0,0,0,0,0,0,0,0,0,0,0,0,0
0,0,0,0,0,0,0,0,0,0,0,0,0,0,0,0,0,0,0,0,0,0,0,0,0,0,0,0,0,0
0,0,0,0,0,0,0,0,0,0,0,0,0,0,0,0,0,0,0,0,0,0,0,0,0,0,0,0,0,0
0,0,0,0,0,0,0,0,0,0,0,0,0,0,0,0,0,0,0,0,0,0,0,0,0,0,0,0,0,0
0,0,0,0,0,0,0,0,0,0,0,0,0,0,0,0,0,0,0,0,0,0,0,0,0,0,0,0,0,0
0,0,0,0,0,0,0,0,0,0,0,0,0,0,0,0,0,0,0,0,0,0,0,0,0,0,0,0,0,0
0,0,0,0,0,0,0,0,0,0,0,0,0,0,0,0,0,0,0,0,0,0,0,0,0,0,0,0,0,0
