88644.4511698839,38916.0865529663,47234.1400772015,26862.0376169365,41854.1397310907,22520.342488345,84538.2406110923,539612.809524785,50528.5715458831,17403.2524309762,61006.8208309002,132079.802073086,61751.830500578,44770.0253373331,50777.310491341,49761.3386231061,13765.0425135876,10979.3366093935,24002.4172507443,76170.4713193883,23485.2759755945,61133.2977371786,44734524.3302272,32815.507380542,95275.3070779052,27606.107349093,14816.8788076349,44037.4932047114,22534.5788577123,23641.1530054165
28838.5045932595,38916.0865529663,26922.7429480674,26862.0376169365,41854.1397310907,22520.342488345,59080.8264562022,539612.809524785,17569.1972743755,17403.2524309762,61006.8208309002,132079.802073086,17943.4838066613,40107.7792573587,50777.310491341,23668.6307184365,13765.0425135876,10979.3366093935,24002.4172507443,76170.4713193883,23485.2759755945,61133.2977371786,60566.2758266499,32815.507380542,95275.3070779052,20410.0074006776,14816.8788076349,44037.4932047114,17795.8755858206,23641.1530054165
28838.5045932595,38916.0865529663,16644.5667321969,26862.0376169365,41854.1397310907,9608.71853457023,13485.1254459958,45141.5524716869,9313.99210716869,17403.2524309762,29103.4768863758,27730.6663961287,17943.4838066613,16622.9831978362,23518.208792567,15815.7398901551,13765.0425135876,10979.3366093935,14999.4391777601,19363.1494297209,23485.2759755945,43106.4858139979,16497.1013692758,20621.1530350772,45972.3120203913,17239.1202957329,14816.8788076349,24773.602249984,17795.8755858206,23641.1530054165
27886.7300765139,13190.5329473462,14132.4532061288,26862.0376169365,21577.1648703863,9608.71853457023,13485.1254459958,45141.5524716869,9313.99210716869,17403.2524309762,11202.3998906319,27730.6663961287,12781.3555261443,11786.2045276391,23518.208792567,15815.7398901551,13765.0425135876,10979.3366093935,14999.4391777601,12599.3114522962,12546.6498459835,19931.3468463703,10186.8635124931,20621.1530350772,4710.79518787027,15130.5378318824,8279.74820960672,19172.2977014647,12018.6694853543,23641.1530054165
9310.15023748126,7358.76424249292,14132.4532061288,14963.1542994644,20780.6203238494,7968.89327832511,12391.9805156459,22823.6344426372,9313.99210716869,17403.2524309762,8573.03029019182,15919.6813571075,11079.6780792134,11786.2045276391,5540.57912337597,15815.7398901551,8398.07073394959,10979.3366093935,14999.4391777601,8675.92160765317,12546.6498459835,7675.71388760194,10186.8635124931,17506.9243219532,4226.7460200376,14464.3127061477,8279.74820960672,19172.2977014647,4574.05435188504,16420.7181496703
9310.15023748126,7358.76424249292,4486.87894715199,14344.899003138,14956.4744936464,6499.5095448402,6900.64326372302,4884.59801481925,8888.02813539116,13262.0901674029,8573.03029019182,15910.019326742,7365.66056258232,11786.2045276391,5540.57912337597,8676.19185184013,8398.07073394959,7736.58966652352,14999.4391777601,8584.41152867492,12546.6498459835,7675.71388760194,10186.8635124931,9662.05286693311,3587.32559141279,7699.98441387975,5053.67410467805,8314.25611605553,3619.0927647843,16420.7181496703
4548.85208315985,7358.76424249292,102.809709615288,14344.899003138,5899.97698949228,2786.03396441006,4140.57265656498,4884.59801481925,6956.46730191362,11226.2302860075,3691.82219535257,610.879757125073,5873.27674388225,4643.29746508258,5540.57912337597,237.510082394114,8398.07073394959,7736.58966652352,8619.6576926421,3519.67353481764,6968.86010320369,7675.71388760194,10186.8635124931,8252.65184003435,3587.32559141279,159.922297268549,76.0716697844383,6850.65268211937,757.412887097389,14067.4289810298
195.946453573555,2990.66229920581,1.53262858824786,4712.75847703068,262.06949967154,586.214286455087,223.836265735136,1341.1785839854,1538.24156965083,806.004661715884,767.224229521017,29.8133085117864,408.235798292656,203.494186480562,1419.16364547125,1.9269203872783,644.21936222204,803.055777384922,262.997767800221,235.629580902261,654.420966651626,615.335519937553,1674.27039044241,808.227171810628,100.16963029542,3.43672178045927,2.12449509358368,851.902644521843,1.47331932335436,418.769170735608
26.7827309665859,29.1895789998258,0.0397163873989825,23.5258326497263,26.3366835672016,13.9101396695482,8.81703049454342,27.1213987355439,15.5772378743359,37.4328863510404,25.1666628409379,0.148986304737775,19.4226183110201,17.5166301959021,44.7814405433722,0.0375442022746597,12.409134981486,12.4020281681234,21.7643438190082,11.3146536989743,15.4149559696571,21.7965195861738,24.0725265748655,13.5362501227845,11.5319714818759,0.0836968520304708,0.00607305344919951,41.1281400243983,0.0171488852379298,14.6773535256515
0.208395109461776,0.46000538908487,2.50182584409231e-05,0.38892793248408,0.606566033730189,0.411720869984549,0.451885436007103,1.69878704019169,0.312608375635818,0.407307707313066,0.276310961511399,0.000117908133631772,0.45520816142016,0.320760395575064,0.604873963836667,1.52704986362551e-05,0.460936747854419,0.597741432187206,0.512409439194187,0.382719658969449,0.275459837132132,0.430755881314667,0.467951217362895,0.757973737341672,0.213193769490545,2.35515519761975e-05,8.85084602941788e-06,0.208075939863875,1.18978708769646e-05,0.335771066478799
0.00238264252988074,0.0015803189812118,2.65799826593138e-10,0.00225336738765236,0.00134009623474185,0.00143508826107563,0.000611631873255192,0.00131901059876327,0.00215425317435347,0.00173593772075264,0.00123772680461798,2.17312390304869e-10,0.0040209623272176,0.00086038644076325,0.00126360914873658,1.14027898234781e-10,0.00147202034122529,0.000735291326918741,0.000748487404621301,0.00146442109883083,0.000335847937549261,0.00106398906478944,0.00050917258397476,0.000273691370296092,0.000165600704804092,5.55360202270094e-11,1.05671915662242e-10,0.00126760244523894,5.33191268914379e-11,0.00205250043694605
1.59481089667679e-07,9.28397412280901e-08,0,2.31907165471057e-07,5.11885218656971e-08,1.18428658879566e-07,5.50262484466657e-08,2.22654477965989e-07,1.07145808669884e-07,2.41435259340506e-07,1.23837082810496e-07,0,4.14872829423985e-08,1.89276818218787e-07,5.57791395294771e-08,0,1.57368049258366e-07,8.36856770547456e-08,4.29378133048886e-08,5.37678488399251e-08,1.17214085548767e-07,6.36862864666909e-08,1.64594041507371e-07,6.24743279331597e-08,1.11164013105736e-07,0,0,2.04391881197807e-08,0,4.11593475746486e-07
1.70530256582424e-13,0,0,5.6843418860808e-14,0,1.13686837721616e-13,0,5.6843418860808e-14,1.13686837721616e-13,5.6843418860808e-14,1.13686837721616e-13,0,0,5.6843418860808e-14,0,0,5.6843418860808e-14,0,0,0,0,0,5.6843418860808e-14,0,0,0,0,5.6843418860808e-14,0,1.70530256582424e-13
0,0,0,0,0,0,0,0,0,0,0,0,0,0,0,0,0,0,0,0,0,0,0,0,0,0,0,0,0,0
0,0,0,0,0,0,0,0,0,0,0,0,0,0,0,0,0,0,0,0,0,0,0,0,0,0,0,0,0,0
0,0,0,0,0,0,0,0,0,0,0,0,0,0,0,0,0,0,0,0,0,0,0,0,0,0,0,0,0,0
