440.232349138073,257.828851317591,153.00623230051,522.155394927488,943.995237009238,214.967211074148,1747.15341093248,537.692730721892,517.566701637188,738.14918706509,1159.62562977198,1462.86277339518,169.929055485275,598.931531679113,338.930976681116,502.383015943937,182.631945941258,423.012659575029,542.63293383074,1101.11274842138,155.621555900178,296.789182007285,243.996069756042,113.315856142406,471.541269759035,845.231136786026,326.986347232789,383.236979308713,278.450373704304,382.043788783574
416.987646268699,257.828851317591,153.00623230051,494.310463218268,928.764398449445,214.967211074148,1747.15341093248,384.259163328627,441.283914017611,738.14918706509,1159.62562977198,1012.1751683102,169.929055485275,487.816089010805,338.930976681116,502.383015943937,182.631945941258,314.677458544203,356.478261288397,1101.11274842138,155.621555900178,149.415791053062,225.422106726704,113.315856142406,471.541269759035,361.726752346175,326.986347232789,339.324507585854,278.450373704304,365.112762564406
327.330499041221,257.828851317591,153.00623230051,362.962323355198,429.198012361414,147.055812861398,511.551893100655,345.790805800472,351.680025822271,738.14918706509,372.890247873771,334.926545399653,165.699863282597,406.547926458118,282.670588842714,207.57780618951,182.631945941258,178.354368265363,356.478261288397,457.710469605565,155.621555900178,149.415791053062,222.338970176069,113.315856142406,348.409975098404,361.726752346175,326.986347232789,339.324507585854,200,315.010973656817
314.991274505772,135.432202138152,153.00623230051,307.527336986951,334.722474223877,147.055812861398,297.381342549148,345.790805800472,340.795088210893,380.767323645318,309.817439606276,334.926545399653,131.550848769281,406.547926458118,282.670588842714,207.57780618951,182.631945941258,178.354368265363,330.613414861087,319.597270535757,155.621555900178,137.115715465427,222.338970176069,113.315856142406,307.545907443229,309.495789015365,326.986347232789,303.572461959274,200,267.676989340854
314.991274505772,135.432202138152,153.00623230051,273.3474369757,320.414132226537,147.055812861398,288.448745459005,298.213053234267,281.872702717047,356.433829120433,278.842631012534,294.602116210073,120.117624414007,370.560795083545,261.022999467808,129.9633690819,182.631945941258,173.215424605614,151.862257589105,282.786776936704,145.699825114701,123.265760235944,222.338970176069,113.315856142406,262.391216842838,281.220318340968,281.771561585465,286.331495454233,200,261.114708893149
261.521376612461,135.432202138152,153.00623230051,256.184415972551,295.32769423082,144.394824190941,258.234560415519,268.192309601046,272.383964624259,287.422281768089,278.842631012534,281.264143714247,110.038054878702,315.421863288262,256.789549390758,105.892017678867,148.537565518297,116.139317887835,125.866519285594,261.379452458037,126.38843692616,109.239442430575,222.338970176069,113.315856142406,251.190453192374,243.527278386551,281.771561585465,275.636890343896,200,244.836343944761
260.457033496813,135.432202138152,107.361610419221,254.890419505952,266.244042189913,144.394824190941,258.173788027371,256.396988475017,241.242913286017,266.960276058979,257.331931720482,271.227192520375,103.349263597838,271.398010524425,240.526858878841,102.528639158309,109.460983005145,101.674688478203,104.703221111915,243.77648629451,102.065401646985,101.534845930858,222.338970176069,113.315856142406,244.330248560523,243.527278386551,264.985535889035,260.294152376644,200,243.053602716057
246.666127387264,135.432202138152,101.613869210826,235.681627370613,239.483758257695,144.394824190941,255.487849549277,241.920562688544,232.832074645304,258.66786403276,235.891013915592,261.596239130435,100.72039623652,243.108883334458,240.526858878841,101.091369192618,101.191473746931,101.086524721336,101.370177696758,243.737554799968,101.265720025842,101.373619527567,222.338970176069,113.315856142406,234.902325407098,237.635200267814,253.460361323558,243.542708848578,200,243.053602716057
246.666127387264,135.432202138152,100.816473660933,233.097255979391,234.782915878373,144.394824190941,236.498261781009,241.920562688544,232.832074645304,221.336087882625,235.891013915592,244.324888386412,100.72039623652,243.108883334458,211.331083617065,100.712205598866,100.644023450547,100.657653556468,100.927130714958,234.758550324416,100.5327541848,100.61945225667,222.338970176069,113.315856142406,226.975551933609,228.856828095883,244.924916560677,235.858394589061,200,233.702994521819
231.109958751117,135.432202138152,100.407937905431,205.630658593228,229.583744411791,144.394824190941,231.497345763807,240.081982736076,205.338974779071,221.336087882625,235.084401724775,210.513188607082,100.592353241806,232.718261948787,204.337564079447,100.646177630355,100.432619376405,100.418265968095,100.494658682196,205.648628156729,100.364337706475,100.61945225667,206.904577975899,113.315856142406,206.622058670142,207.517876412609,240.234194239592,235.858394589061,200,210.012990504561
207.417021690779,135.432202138152,100.358435650615,205.483582586436,206.22583662651,144.394824190941,206.655243969652,208.985246330898,205.32044398718,209.968400551611,209.119918584237,205.141159935035,100.431091140388,227.873529521423,204.336647690476,100.328165743665,100.394827443197,100.379053865652,100.289842926114,205.05991756786,100.364337706475,100.535349255179,206.881778401862,113.315856142406,206.612447995738,207.51359033038,208.929135898625,204.906110777176,200,210.005621655725
206.902874253039,135.432202138152,100.315577420351,205.483582048088,205.712571938959,144.394824190941,206.562167023259,207.737676192091,205.320443909559,206.419163206794,205.69865712055,205.121738985699,100.362862647224,207.071484695065,204.336647684355,100.273282794737,100.33333041555,100.329217793778,100.250942711602,205.05991663593,100.318579120095,100.535349255179,206.881778145112,113.315856142406,206.612447956453,207.513590278395,208.843519493951,204.161449011449,200,210.005621496638
206.902835289699,135.432202138152,100.271031578725,205.483582048088,205.712252737681,144.394824190941,206.56216212655,207.737608413137,205.320443909559,206.418561733192,205.698520666057,205.121736874564,100.325520295216,207.07035276103,204.336647684355,100.257144321436,100.317275342867,100.313327688941,100.224584904676,205.05991663593,100.295275434235,100.500720016519,206.881778145112,113.315856142406,206.612447956453,207.513590278395,208.843512411831,204.160722266847,200,210.005621496638
206.902835289694,135.432202138152,100.259996004807,205.483582048088,205.71225273583,144.394824190941,206.562162126547,207.737608413116,205.320443909559,206.418561728175,205.698520665987,205.121736874564,100.325520295216,207.070352760686,204.336647684355,100.243951132742,100.302521047593,100.304746647917,100.21658141095,205.05991663593,100.260868651386,100.487200613009,206.881778145112,113.315856142406,206.612447956453,207.513590278395,208.84351241183,204.160722262749,200,210.005621496638
206.902835289694,135.432202138152,100.259344873822,205.483582048088,205.71225273583,144.394824190941,206.562162126547,207.737608413116,205.320443909559,206.418561728175,205.698520665987,205.121736874564,100.325150049838,207.070352760686,204.336647684355,100.242272889204,100.301818847452,100.303591145491,100.215280478701,205.05991663593,100.258700021636,100.485451899599,206.881778145112,113.315856142406,206.612447956453,207.513590278395,208.84351241183,204.160722262749,196.752581500356,210.005621496638
206.902835289694,135.432202138152,100.259244181789,205.483582048088,205.71225273583,144.394824190941,206.562162126547,207.737608413116,205.320443909559,206.418561728175,205.698520665987,205.121736874564,100.325086980385,207.070352760686,204.336647684355,100.2421801541,100.3017524755,100.303539111984,100.215246202769,205.05991663593,100.258564059298,100.485301390568,206.881778145112,113.315856142406,206.612447956453,207.513590278395,208.84351241183,204.160722262749,196.752581500356,210.005621496638
