532.20836477893,160.002846148488,551.700798603757,161.7183812131,543.336854336828,157.082199361552,608.664774697703,156.51921216461,155.205912523218,165.577712271197,154.71130466746,621.910385859565,612.584475389011,162.39455793133,158.926082746224,165.588607856642,185.568441947374,528.650329127964,165.8459658246,165.599843810016,161.058048386884,542.174855525762,158.329831194576,157.02306249823,165.062550570575,157.067834270311,561.453767543296,597.918031176018,167.051600845354,567.339519666256
338.297532288634,31.1132044734759,343.69049914773,46.2890737025787,327.970688771409,40.0571111292011,347.277918902277,30.9296933734199,114.707457155685,42.3109520470384,33.225182958055,330.498895390736,343.811787205133,39.0048266512158,42.3897768982856,135.720998525364,32.9224106893275,351.088929100575,79.1229047016259,32.5301079639307,148.582785906239,344.234805084637,45.3552861498542,53.2422912812895,69.201549802965,30.2979303098327,334.410119741181,335.403374191231,34.0381291137055,333.692069185137
309.204386042338,5.35874791009201,310.525414385696,4.76972372609725,308.600739486176,6.17721803473114,309.801362402075,4.42511185776857,8.3004365882648,7.48580575598135,2.82369711939782,310.858772768643,317.187901821455,5.29839596161946,5.85358541008691,10.2043111799367,6.5568305635843,316.004534990524,6.02160171736523,5.56246285527277,8.32827965344222,309.503936129511,3.37792680412122,5.3997561782412,6.37447729403357,5.55668936745678,313.552572204506,314.432223976844,6.23866302242823,304.382427537119
300.176411437872,0.188426247411826,300.157875376131,0.197929275153911,300.18973902075,0.316088479043628,300.260888444469,0.169009125096181,0.3253191241065,0.221542900809709,0.211017494235421,300.26145401547,300.373811405429,0.228832231617162,0.168500269839114,0.348024466857169,0.243511082501755,300.39068551564,0.358045977654456,0.218256376913814,0.371962850791988,300.244451972204,0.169929136184692,0.211972562755818,0.200473367405721,0.185062804974677,300.252433565189,300.341321483354,0.30045418174268,300.222840803253
300.000082108727,6.09196940786205e-05,300.000042975605,5.75451863369381e-05,300.000038753155,7.37849090910458e-05,300.000049175422,6.39715535726282e-05,7.63530288168113e-05,0.000113632620923454,3.75096533389296e-05,300.000100233069,300.000107183289,3.59792356903199e-05,3.69120439245307e-05,0.000116096000056132,4.80970602438902e-05,300.000088118567,0.000101532909866364,7.51004959056445e-05,9.65787994573475e-05,300.000071440974,7.93738986430981e-05,4.99821403536771e-05,4.69271112706338e-05,6.40385237602459e-05,300.000085022933,300.000115954561,6.0382043102436e-05,300.000056304707
300.00000000001,6.82121026329696e-12,300.000000000003,5.91171556152403e-12,300.000000000005,4.09272615797818e-12,300.000000000007,5.91171556152403e-12,3.63797880709171e-12,1.2732925824821e-11,4.54747350886464e-12,300.00000000001,300.000000000019,3.18323145620525e-12,3.18323145620525e-12,1.45519152283669e-11,3.18323145620525e-12,300.000000000016,7.73070496506989e-12,5.45696821063757e-12,1.13686837721616e-11,300.000000000014,3.63797880709171e-12,2.72848410531878e-12,4.09272615797818e-12,3.63797880709171e-12,300.000000000007,300.000000000005,7.73070496506989e-12,300.000000000011
300,4.54747350886464e-13,300,4.54747350886464e-13,300,4.54747350886464e-13,300,4.54747350886464e-13,4.54747350886464e-13,4.54747350886464e-13,4.54747350886464e-13,300,300,4.54747350886464e-13,4.54747350886464e-13,4.54747350886464e-13,4.54747350886464e-13,300,4.54747350886464e-13,4.54747350886464e-13,4.54747350886464e-13,300,4.54747350886464e-13,4.54747350886464e-13,4.54747350886464e-13,4.54747350886464e-13,300,300,4.54747350886464e-13,300
300,4.54747350886464e-13,300,4.54747350886464e-13,300,4.54747350886464e-13,300,4.54747350886464e-13,4.54747350886464e-13,4.54747350886464e-13,4.54747350886464e-13,300,300,4.54747350886464e-13,4.54747350886464e-13,4.54747350886464e-13,4.54747350886464e-13,300,4.54747350886464e-13,4.54747350886464e-13,4.54747350886464e-13,300,4.54747350886464e-13,4.54747350886464e-13,4.54747350886464e-13,4.54747350886464e-13,300,300,4.54747350886464e-13,300
300,4.54747350886464e-13,300,4.54747350886464e-13,300,4.54747350886464e-13,300,4.54747350886464e-13,4.54747350886464e-13,4.54747350886464e-13,4.54747350886464e-13,300,300,4.54747350886464e-13,4.54747350886464e-13,4.54747350886464e-13,4.54747350886464e-13,300,4.54747350886464e-13,4.54747350886464e-13,4.54747350886464e-13,300,4.54747350886464e-13,4.54747350886464e-13,4.54747350886464e-13,4.54747350886464e-13,300,300,4.54747350886464e-13,300
300,4.54747350886464e-13,300,4.54747350886464e-13,300,4.54747350886464e-13,300,4.54747350886464e-13,4.54747350886464e-13,4.54747350886464e-13,4.54747350886464e-13,300,300,4.54747350886464e-13,4.54747350886464e-13,4.54747350886464e-13,0,300,0,4.54747350886464e-13,4.54747350886464e-13,300,4.54747350886464e-13,4.54747350886464e-13,0,4.54747350886464e-13,300,300,4.54747350886464e-13,300
300,4.54747350886464e-13,300,4.54747350886464e-13,300,4.54747350886464e-13,300,4.54747350886464e-13,4.54747350886464e-13,4.54747350886464e-13,4.54747350886464e-13,300,300,4.54747350886464e-13,4.54747350886464e-13,4.54747350886464e-13,0,300,0,4.54747350886464e-13,4.54747350886464e-13,300,0,4.54747350886464e-13,0,4.54747350886464e-13,300,300,4.54747350886464e-13,300
300,4.54747350886464e-13,300,4.54747350886464e-13,300,4.54747350886464e-13,300,4.54747350886464e-13,4.54747350886464e-13,4.54747350886464e-13,4.54747350886464e-13,300,300,4.54747350886464e-13,4.54747350886464e-13,0,0,300,0,4.54747350886464e-13,4.54747350886464e-13,300,0,4.54747350886464e-13,0,4.54747350886464e-13,300,300,4.54747350886464e-13,300
300,4.54747350886464e-13,300,4.54747350886464e-13,300,4.54747350886464e-13,300,4.54747350886464e-13,4.54747350886464e-13,4.54747350886464e-13,4.54747350886464e-13,300,300,0,4.54747350886464e-13,0,0,300,0,4.54747350886464e-13,4.54747350886464e-13,300,0,4.54747350886464e-13,0,4.54747350886464e-13,300,300,4.54747350886464e-13,300
300,4.54747350886464e-13,300,4.54747350886464e-13,300,4.54747350886464e-13,300,4.54747350886464e-13,4.54747350886464e-13,4.54747350886464e-13,4.54747350886464e-13,300,300,0,4.54747350886464e-13,0,0,300,0,4.54747350886464e-13,4.54747350886464e-13,300,0,4.54747350886464e-13,0,4.54747350886464e-13,300,300,4.54747350886464e-13,300
