939.983449717487,1558.69164802994,1940.53164270299,1244.70247063036,1531.76900593198,1169.65537058779,999.477325031693,847.653825708702,844.291645144542,836.548991668909,2175.37919237361,1899.50338335092,1860.67475262066,1167.33615943024,1179.67303387617,1669.06201980666,2096.03619219639,1174.53395041085,704.30256314954,1715.61259340871,1369.9696108783,1662.10034992628,1346.94421529681,465.341264468663,739.529202835037,1161.65727268862,1627.70809786744,2297.2249079317,1419.44464300205,1831.48322126171
939.983449717487,847.307157859295,1940.53164270299,820.8002490714,1472.39356317718,1169.65537058779,999.477325031693,847.653825708702,844.291645144542,836.548991668909,1581.87595436846,1364.17314318257,1479.33853316691,1167.33615943024,1179.67303387617,1423.22773096778,1855.35789678402,1174.53395041085,704.30256314954,1522.89433189417,1184.8185853883,1294.20863079162,1317.59267257855,465.341264468663,590.730327970109,689.132410369791,1627.70809786744,1191.16411480797,871.026705220177,1831.48322126171
939.983449717487,337.765739814956,1727.77206059896,672.693446196765,999.089259182956,655.63973240793,999.477325031693,609.987078616656,844.291645144542,487.882039912646,939.976574252921,1186.02960337463,1270.24106055503,1167.33615943024,723.128766140984,662.082659251174,1312.91167283043,1174.53395041085,663.723120640481,603.299177256797,1039.27237739629,1016.41364174583,563.859057172524,333.597250529973,277.629873249214,493.740781502358,1185.29120812864,1191.16411480797,713.840976860796,1345.76003268941
939.983449717487,263.663788227715,1427.35220058839,276.950172484896,999.089259182956,269.31933707743,999.477325031693,295.623038411185,211.054190038958,243.099368525229,227.301283334242,1027.7310111367,1117.00626029653,632.907317541169,271.825988236931,662.082659251174,1312.91167283043,1174.53395041085,380.216642237491,385.205388449883,770.333440775475,809.964939166661,318.590948313382,333.597250529973,251.407303751236,231.332111399878,942.402861935612,1191.16411480797,530.872597610427,1166.9076978377
710.462806642549,185.166648652578,639.542058635782,212.522512636019,614.349430638321,173.150129527838,765.942607097033,193.924578555944,203.482010030375,215.316378072897,170.585860115693,831.726946101924,921.823775019297,233.473585592826,172.476705052207,232.672188445262,260.578091514348,870.24068459735,197.653113360792,227.965177784634,272.053074269026,731.267630150296,181.198346366955,173.528263211484,174.016937397036,175.375734514405,716.115230731689,956.500280909981,339.478278376109,868.48302920237
532.20836477893,160.002846148488,551.700798603757,161.7183812131,543.336854336828,157.082199361552,608.664774697703,156.51921216461,155.205912523218,165.577712271197,154.71130466746,621.910385859565,612.584475389011,162.39455793133,158.926082746224,165.588607856642,185.568441947374,528.650329127964,165.8459658246,165.599843810016,161.058048386884,542.174855525762,158.329831194576,157.02306249823,165.062550570575,157.067834270311,561.453767543296,597.918031176018,167.051600845354,567.339519666256
405.413231682318,143.215483756929,379.274881523764,143.669461678132,363.306135624001,131.585820988468,362.796622770618,145.409910797388,152.355522713768,152.264856087112,144.122819050823,392.839257521895,376.33852919733,141.564163304928,142.792703237385,152.805822419461,107.149972463283,393.32746574224,152.865004836622,123.270177621927,153.24334779319,403.308063537129,122.142095084019,152.162165007379,151.596079552896,147.163231834882,389.759099465939,384.490042945969,149.141676061152,369.700736548726
320.773674352781,10.2081705216397,321.651324719231,15.1000484095089,309.45430783265,12.3198205363442,314.128695932445,17.7321185260344,22.5815676123211,18.2066047811381,11.9416409154869,322.497245532721,328.296170354388,14.5000020907769,15.5382420437795,17.3062629272113,11.8317729011924,325.252328186461,9.03410108798471,11.0985471022873,21.3200033427943,320.516381951669,11.7342462586821,11.2026726438821,15.1274862724486,10.3909595443265,322.779419222991,327.209187821877,15.234996148602,318.110285944203
302.076954081715,0.700424613874475,300.752163764371,1.18379600724802,300.793287538888,1.23307395332586,300.883304741088,0.653355110337998,1.33134681162164,1.53941554510084,0.970090971203717,301.887309051312,301.862266226941,0.760860862079426,0.808842233207542,1.3192732270204,1.27397277767568,302.469082902159,1.04103155654184,0.928316482663831,1.35945720452992,302.143032214083,1.37778060105757,1.34213821180992,1.58546343481748,1.35898544188194,302.111079448093,302.115146789012,0.815273266805434,301.737481630044
300.034690767307,0.0262783241432771,300.018775667088,0.0304595925554167,300.012876120881,0.0393872392564845,300.022200775273,0.0244239652870419,0.034022494259716,0.0235111388378755,0.0261088851207205,300.042279443532,300.020858217815,0.019817177729692,0.0201183126214346,0.033816881450548,0.0307287113387247,300.045309419782,0.0228942177218414,0.0317621332719682,0.0420264550034517,300.027661586231,0.0282094050216983,0.0258955751583017,0.0270729641943035,0.0233501838793018,300.032426277968,300.050192329385,0.0262347501734439,300.025897847814
300.000082108727,6.09196940786205e-05,300.000042975605,5.75451863369381e-05,300.000038753155,7.37849090910458e-05,300.000049175422,6.39715535726282e-05,7.63530288168113e-05,0.000113632620923454,3.75096533389296e-05,300.000100233069,300.000107183289,3.59792356903199e-05,3.69120439245307e-05,0.000116096000056132,4.80970602438902e-05,300.000088118567,0.000101532909866364,7.51004959056445e-05,9.65787994573475e-05,300.000071440974,7.93738986430981e-05,4.99821403536771e-05,4.69271112706338e-05,6.40385237602459e-05,300.000085022933,300.000115954561,6.0382043102436e-05,300.000056304707
300.000000008069,4.46243575424887e-09,300.000000003608,3.1545823730994e-09,300.000000003442,5.24914867128246e-09,300.000000007582,3.46062734024599e-09,5.27097654412501e-09,8.58108251122758e-09,5.18912202096544e-09,300.000000008783,300.000000011921,4.4683474698104e-09,4.27644408773631e-09,9.4100869318936e-09,2.83080225926824e-09,300.00000000954,7.49832906876691e-09,4.36284608440474e-09,9.24728738027625e-09,300.000000008487,3.42197381542064e-09,5.34919308847748e-09,5.66842572879978e-09,3.2050593290478e-09,300.000000006092,300.000000008125,5.75619196752086e-09,300.000000006382
300,4.54747350886464e-13,300,4.54747350886464e-13,300,4.54747350886464e-13,300,4.54747350886464e-13,4.54747350886464e-13,4.54747350886464e-13,4.54747350886464e-13,300,300,4.54747350886464e-13,4.54747350886464e-13,4.54747350886464e-13,4.54747350886464e-13,300,4.54747350886464e-13,4.54747350886464e-13,4.54747350886464e-13,300,4.54747350886464e-13,4.54747350886464e-13,4.54747350886464e-13,4.54747350886464e-13,300,300,4.54747350886464e-13,300
300,4.54747350886464e-13,300,4.54747350886464e-13,300,4.54747350886464e-13,300,4.54747350886464e-13,4.54747350886464e-13,4.54747350886464e-13,4.54747350886464e-13,300,300,4.54747350886464e-13,4.54747350886464e-13,4.54747350886464e-13,4.54747350886464e-13,300,4.54747350886464e-13,4.54747350886464e-13,4.54747350886464e-13,300,4.54747350886464e-13,4.54747350886464e-13,4.54747350886464e-13,4.54747350886464e-13,300,300,4.54747350886464e-13,300
300,4.54747350886464e-13,300,4.54747350886464e-13,300,4.54747350886464e-13,300,4.54747350886464e-13,4.54747350886464e-13,4.54747350886464e-13,4.54747350886464e-13,300,300,4.54747350886464e-13,4.54747350886464e-13,4.54747350886464e-13,0,300,0,4.54747350886464e-13,4.54747350886464e-13,300,4.54747350886464e-13,4.54747350886464e-13,0,4.54747350886464e-13,300,300,4.54747350886464e-13,300
300,4.54747350886464e-13,300,4.54747350886464e-13,300,4.54747350886464e-13,300,4.54747350886464e-13,4.54747350886464e-13,4.54747350886464e-13,4.54747350886464e-13,300,300,0,4.54747350886464e-13,0,0,300,0,4.54747350886464e-13,4.54747350886464e-13,300,0,4.54747350886464e-13,0,4.54747350886464e-13,300,300,4.54747350886464e-13,300
