170.23579333833,195.601334868812,191.789785339692,151.161896905143,167.453987128944,170.446050691402,238.987738834044,377.430699661458,147.266965064289,161.563190683158,138.365620257769,409.205712339728,186.439446212512,151.708345910873,217.657799487364,199.988798092046,208.876187007853,184.262942764902,226.301861838997,129.741908833375,146.921666227362,317.498039754284,170.295154446406,99.6233375882757,245.02665356176,298.220813263526,239.546844824967,133.941292147972,221.858316492809,185.108697961358
170.23579333833,177.745927914618,191.789785339692,151.161896905143,167.453987128944,143.247805775201,238.987738834044,108.553230218427,147.266965064289,161.563190683158,138.365620257769,308.612101073818,186.439446212512,151.708345910873,211.076227092681,199.988798092046,170.269360016486,184.262942764902,226.301861838997,129.741908833375,146.921666227362,192.99591023868,170.295154446406,99.6233375882757,245.02665356176,298.220813263526,218.954014632779,133.941292147972,158.199214916713,185.108697961358
163.409041161327,159.046907823717,191.789785339692,151.161896905143,167.453987128944,143.247805775201,236.28195322978,108.553230218427,147.266965064289,161.563190683158,138.365620257769,189.3898547054,174.266735223739,151.708345910873,161.50477577959,139.974411458751,113.493775567866,184.262942764902,226.301861838997,129.741908833375,144.764992482523,192.99591023868,103.471382244146,99.6233375882757,146.05339191162,247.746208120007,147.872063966606,99.1869690134326,158.092970813496,138.601848614937
163.409041161327,159.046907823717,190.252221883722,151.161896905143,110.908476120107,143.247805775201,236.28195322978,108.553230218427,142.466569702713,121.764676622932,138.365620257769,189.3898547054,149.092834619268,122.383215382204,161.50477577959,139.974411458751,113.493775567866,184.262942764902,173.038408754256,129.741908833375,144.764992482523,192.99591023868,103.471382244146,99.6233375882757,127.451557151439,140.692952739744,106.880692042064,99.1869690134326,153.5689243659,106.7456167351
112.845498926315,142.858819915106,116.270880552136,147.560499658223,110.908476120107,136.368281078562,200.352283843828,108.553230218427,108.155703506366,121.764676622932,138.365620257769,154.45185569135,102.01703162825,122.383215382204,141.712731471673,108.665335260948,71.514499140545,121.470437455397,165.560748778291,85.4402829880764,144.764992482523,160.446080042522,99.482633237335,99.6233375882757,127.451557151439,139.417776278201,106.880692042064,99.1869690134326,103.618156916566,106.7456167351
88.782344259218,98.7356547621753,110.416262907961,127.726480240425,110.908476120107,118.771235503179,109.598960687546,108.553230218427,95.0529043674846,88.4529823390526,83.4923177715918,94.1580739948422,102.01703162825,122.383215382204,137.855476538728,98.4154142416278,71.514499140545,97.6885282328444,152.833767742741,85.4402829880764,104.684420761164,118.095451794316,74.8712170655999,83.2986481511743,88.8396022485758,112.863131265165,106.880692042064,99.1869690134326,92.9430921260232,96.1666322089495
82.2256182722517,93.6855736388884,95.4248092119533,80.6954247136014,110.908476120107,84.405604675354,101.029686295721,85.6741181140083,69.2456725649217,88.4529823390526,82.614694373186,94.1580739948422,72.8004770606467,100.900561432368,112.132065380896,88.4686725213501,71.514499140545,97.6885282328444,66.5803293592603,85.4402829880764,104.684420761164,108.638971164115,74.8712170655999,83.2986481511743,81.0816502528992,89.2163852298891,94.4242331494606,99.1869690134326,88.2848855220859,90.598360012973
63.1083174807495,60.0205567839525,82.894968182698,80.6954247136014,103.63677692887,78.0825107781548,97.3879362307816,83.9105673611743,68.2771224159178,84.9624680911857,62.414436115263,80.7065950010128,71.380452725482,80.5942593464997,105.382213779182,88.2118506338238,65.6433554608011,97.6885282328444,66.5803293592603,84.2487384885508,98.7051125508847,71.6660054491072,69.106760696925,82.9290734731571,75.6005313804212,78.7816571451249,78.6019239169646,81.1140727552079,85.2309699532884,69.8256642527876
56.1215278298641,56.3645734620745,65.2389656112969,45.688957131923,73.570653486956,72.4280701531552,59.2743941048248,66.5046930359458,59.0122868717781,84.9624680911857,52.6727862359185,49.5433790490274,48.7064140885586,63.7767372157532,76.6723903984066,61.8632861474666,44.8120525704392,68.4947523019168,66.5803293592603,62.2983635343357,56.8474082103889,71.6660054491072,51.2692659158033,57.4130879952418,62.489162214938,54.607757662322,69.9352017423421,59.5769041684289,63.2435034908062,69.8256642527876
32.012603157865,56.3645734620745,53.6761385424729,40.1228387652416,46.390720924659,31.3691549900893,44.4243433876723,41.1523834651784,46.2546260315403,39.0977119652337,39.8087252756968,49.5433790490274,32.3457447803119,35.9278580339289,65.0736174809822,51.3586611628152,44.1327691040869,40.7884342985724,47.8123534409574,56.7562609904676,50.5825991126699,42.3655921097054,46.5231819776645,50.9528932841235,62.489162214938,54.607757662322,63.191790498709,59.5769041684289,37.4138212721919,44.0710763669085
16.4332357014009,29.3339651788403,32.1540540244318,40.1228387652416,30.6749706576402,15.1509274949888,40.2758763052389,27.5638043536162,32.7035500097181,26.4666582087675,25.7024608042923,47.2297124097684,13.541779879419,25.0711837516064,30.5627071281115,36.421238546704,29.5609128690598,40.7884342985724,32.9765267014732,46.0147075374841,50.5825991126699,25.7635778490157,25.4195374853705,28.7915259126726,28.6226692892742,42.9131760961518,47.861657409306,30.7746583930661,27.373554873772,22.9461922541427
0.963071823852033,23.8711127873642,25.4416239006459,39.5024150111192,5.72596367302754,3.6527630217372,40.2758763052389,0.97658739284384,3.10680769953683,22.3944057941524,22.4724053661737,47.2297124097684,2.75010251143794,5.64154814467565,22.953858072148,9.24666401280206,6.51005285675956,20.877671571566,22.5814663107449,16.7111911648763,11.3118689126879,1.32560108133453,25.0152504583871,7.72451140702856,2.12742216498873,12.024319663328,25.0884504335936,6.67422332966044,4.5247235249692,3.57730175169172
0.000371106673810573,22.2894577747784,22.5815987805981,5.67961003002324,0.996539450827868,1.66288274197495,34.3947829159783,0.624280113257328,1.40383994529861,21.1329809870847,22.2992366044759,10.7386155581971,0.00303985672553608,1.28602457655188,22.7163828081837,2.69985285840221,0.794412249224251,3.93093290904494,22.0975812323563,1.28022838095762,2.23693325943782,0.995107569929132,21.6396640437533,1.63603512607665,1.61926753078592,2.61639190539631,22.4949419208915,0.625324105263871,0.00187755847287008,2.61437954374696
4.61136551166419e-09,21.5300367115228,21.6641990672792,1.61907729582799,0.994959067393438,1.61905912263865,20.8776338790847,0.624099324358212,0.635827224273953,21.0826779074678,21.9163739110832,0.995037275653885,1.68186033988604e-08,0.74890978566782,22.0006905674049,2.61401790938953,0.624099792879633,2.37273994440716,21.9443377186763,1.90642995221424e-05,0.00138270076035951,0.994959062954877,20.3679283730967,1.61905876926949,1.6190583822106,2.61401752980692,21.6751401308686,0.624099332636661,1.1421207091189e-08,2.6140174389418
4.61136551166419e-09,21.5300367115228,8.79096085303968,1.61905837936251,0.994959059020857,1.61905837878476,0.624105500571432,0.624099323502605,0.399918339412352,20.618935899108,21.3025062623053,0.994959058761879,5.64341462450102e-10,0.582886336306728,21.7567116927271,2.61401743524743,0.624099321597441,2.25486356556939,21.4336660145166,3.54384610545821e-09,4.16321199736558e-09,0.994959058823724,20.0910164070342,1.61905837942982,1.61905837859968,2.61401743485271,21.4722138281954,0.624099322488973,1.85355020221323e-09,2.61401743646729
3.20369508699514e-09,21.5300367115228,1.17671923308421,1.61905837800305,0.994959059020857,1.61905837869608,0.624099322395296,0.624099321183621,0.399918339412352,20.618935899108,21.3025062623053,0.994959057121832,4.61568561149761e-11,0.5480950009146,21.5699040349309,2.61401743480292,0.624099321597441,1.91800586657837,21.4336660145166,2.40129338635597e-09,4.16321199736558e-09,0.994959057149117,20.0910164070342,1.61905837777817,1.61905837859968,2.61401743485271,20.7464878312562,0.624099322488973,1.05683284346014e-09,2.61401743564193
