205.483582048088
205.403385469987
205.027561974074
205.610300177115
124.729762862995
207.974537544097
203.723708740545
199.466204004074
205.940990956843
204.336647684355
204.615314817153
100.318152117861
206.84203025923
100.241604785146
100.273029884983
203.723708740545
209.442532866312
205.027561974074
100.271702827867
205.767820435994
204.728264311402
182.787773723634
209.999032423812
206.902835289694
100.282271514477
207.001063387017
207.693742683457
207.240076855762
204.052388132814
205.446005780694
