9964.29261111563,7743.24689831327,9891.85571304233,9721.40117337483,9282.53778371725,8258.14787233798,6223.0224419947,7024.26583518274,10741.1618610652,9537.90740311936,9496.17210069943,10513.5458368365,8473.95154876155,6463.83401579379,11133.9761639245,9464.68156856937,8220.11190883104,10397.3455266071,9475.46809127564,10791.0056082399,9992.49615014141,9727.34269341789,6292.43251444841,5378.0799497993,10368.6172678199,8762.80268891666,9699.57892889883,12262.1208799876,9288.79487327724,9659.30114086004
6124.59923047241,7743.24689831327,6431.24145990148,5664.60880560267,6678.45311214807,8258.14787233798,5272.15935024816,7024.26583518274,9649.85548333572,8110.14447682373,8867.09431262394,8886.38683818272,7643.13221639358,6463.83401579379,9870.53808390484,9464.68156856937,7140.95777869963,7249.64841946606,9475.46809127564,9731.37004781255,7379.3177117653,6328.61490243966,5747.99133408306,5378.0799497993,8828.81719246598,8277.66958614623,8779.7563391053,9424.12090132014,6918.10757788643,9659.30114086004
5710.45063736117,7706.13874633803,6431.24145990148,5664.60880560267,6678.45311214807,8258.14787233798,5272.15935024816,7024.26583518274,7602.33998200383,7602.96983695806,5039.68197565854,8335.21027041217,6590.14544683407,6463.83401579379,7609.65810433201,9048.09333900428,7140.95777869963,6848.44062587871,7487.58646190526,7422.07759184608,7046.21949341538,6328.61490243966,5747.99133408306,5378.0799497993,5630.63067726799,7095.01715576585,8779.7563391053,6491.3745107269,5760.53608955129,6369.64326524509
5455.4398904662,6844.53876958001,6431.24145990148,5664.60880560267,6678.45311214807,6396.94827060408,5123.57541822022,5793.42794518213,6922.62775380813,5938.3656991031,5039.68197565854,6020.55164024529,5571.55190345073,6463.83401579379,7514.47594143263,7687.97979042871,4736.97451393022,5932.84437655382,6486.42471485366,5899.97827268166,6172.66881247035,3839.41343145061,5747.99133408306,5378.0799497993,5630.63067726799,5621.77743195587,6621.7518539661,6491.3745107269,5382.29447543021,6369.64326524509
5116.88860787882,5748.87681452199,6431.24145990148,5664.60880560267,5610.90817785264,5734.87223649942,4701.32720447055,5630.27624434775,6671.10727895289,5623.9896120142,5039.68197565854,5699.64122193506,4878.21083374833,6463.83401579379,6766.48812463287,6232.89358751743,4736.97451393022,4681.03170615608,5713.38759144661,5899.97827268166,6022.50787233006,3839.41343145061,5524.7929292179,5378.0799497993,5147.58804422549,5139.40603617804,5512.90623368333,6491.3745107269,5382.29447543021,5734.6131196776
4294.09376684299,5630.19477978488,5696.15718441833,5062.24705660721,4078.55271325841,4715.02107372664,4701.32720447055,4552.37246475803,5459.67293034512,5623.9896120142,4813.45290330152,5699.64122193506,4878.21083374833,6228.80522434681,5495.84187280946,5618.25510532918,4736.97451393022,4681.03170615608,5186.72923769555,5176.30542239282,5917.64029719371,3839.41343145061,3801.39108522074,5378.0799497993,5056.5921190343,5082.83000806829,4749.77467630765,4361.99966153681,4693.53590315689,5734.6131196776
2183.55887899673,4473.57677435845,4835.90997958388,3789.11126279535,3862.35112383943,3472.62057374998,3578.38982153607,2303.80313634281,4433.99273170705,3064.25344635387,4019.49463274407,4534.38428884202,2939.15108808218,4325.23673008474,3282.47662346209,4969.52536175254,3872.2740504663,4484.07645797796,3221.07197237541,2919.81574430004,3317.55700523147,3839.41343145061,2221.48410516521,3475.94201053498,2935.90861336723,4722.22805785372,3867.87066691436,3053.36087597674,3353.90388907252,3991.50221050265
1567.15730481294,1911.05606527668,1105.79019254894,1464.11593017798,1734.96110773415,1490.5053713152,1511.82663261793,1407.57075590177,1669.95705077165,1436.26792209441,1865.19787655139,1974.27024999448,1480.59348786914,1392.56902747289,1441.07120963088,2514.95522548114,2010.24315953027,1650.99240396082,1487.90894332772,1554.98764253218,1347.35152581358,1543.75234575953,1278.29631768357,1345.81507215666,1681.3631422623,1852.83380635214,1766.77005404764,1488.83212923158,1810.73283433923,2225.65883474233
851.972277750643,909.300341237976,697.273421163948,734.714509257964,929.918153207173,922.167443811095,855.637779333322,721.321930881811,763.703093685082,830.465418162808,812.622090317175,863.266921038275,789.842266211502,752.484282399915,657.984128686807,827.891224691874,789.316344970339,831.23474464749,742.6927972402,694.708770127942,721.447573263408,933.587039309449,868.025363354609,784.466836422561,790.020553271038,938.252692495219,866.249065407997,755.858976506284,850.117569807056,1075.91563508414
386.033910967968,376.924917379828,413.700337575662,383.499454187944,385.949703729464,394.16987727974,386.305615029102,379.431521674339,389.738627494592,384.288169731379,382.533104731763,376.568507561021,382.915032557606,380.832028664333,378.029636150308,394.161608495074,400.149365795472,400.534053681859,387.55504267775,384.455989593167,365.142083008106,381.480240997807,375.264958815837,377.975246541429,380.840501676587,398.119896634091,381.762497569382,367.460247338452,390.971604844616,390.015455264296
304.209627518525,304.364882330443,401.273958626135,307.3231951314,304.777833447655,307.854598660987,305.684964181342,304.163494533379,305.122548079783,304.912073991872,306.043812193636,304.776027505638,306.17968852475,305.620106313282,306.08614122166,305.105801786591,309.073894195653,306.418331480725,305.308380014043,306.165951560067,305.100389095625,306.875061438451,304.856032246561,304.789121759558,306.921180536272,309.924153441666,304.915401317607,304.877011401684,305.968866411905,308.95626006193
300.047715671324,300.050730261596,400.008054614564,300.041699551938,300.045703213495,300.065499081337,300.051070531259,300.036405225469,300.035622301397,300.035834639189,300.044273004156,300.036798048871,300.041425176367,300.035603587831,300.046471329078,300.053733654327,300.053513919404,300.05117107282,300.047090260911,300.052522058791,300.026836049224,300.046689666557,300.049414781976,300.037829818084,300.047049329549,300.053868868437,300.042077426305,300.039286547156,300.052268223757,300.063653263996
300.00000846538,300.000010733406,400.000001169419,300.000006142639,300.000006836547,300.000016689538,300.000008002675,300.000005987013,300.000007948374,300.000008490345,300.000010565542,300.000007257354,300.000008639134,300.000010943671,300.000008215008,300.000013878914,300.000011015863,300.000010985882,300.000008986225,300.000007155847,300.000006719421,300.00000783739,300.00001039229,300.00000652882,300.00001011021,300.000008811883,300.000010906201,300.000007697223,300.000007263977,300.000010598199
300.0000000001,300.000000001643,400.000000000001,300.000000000022,300.000000000879,300.000000004158,300.000000001303,300.000000001234,300.000000001072,300.000000003196,300.000000000005,300.000000001256,300.000000002192,300.000000000094,300.000000001682,300.000000000004,300.000000002106,300.000000001476,300.00000000097,300.000000000005,300.000000000005,300.00000000244,300.000000001694,300.000000001256,300.000000001472,300.000000001489,300.000000001603,300.000000000038,300.000000000003,300.000000003378
300.000000000002,300.000000000003,400.000000000001,300.000000000003,300.000000000002,300.000000000003,300.000000000003,300.000000000003,300.000000000003,300.000000000003,300.000000000005,300.000000000004,300.000000000003,300.000000000004,300.000000000004,300.000000000004,300.000000000003,300.000000000003,300.000000000003,300.000000000004,300.000000000004,300.000000000003,300.000000000003,300.000000000004,300.000000000004,300.000000000003,300.000000000004,300.000000000003,300.000000000003,300.000000000003
4.22666016675066e-06,300.000000000003,300.000002847831,3.25200426232186e-06,300.000000000002,300.000000000003,300.000000000003,300.000000000003,300.000000000003,300.000000000003,5.08656012243591e-06,300.000000000004,300.000000000003,4.06298158850404e-06,300.000000000004,4.12068038713187e-06,300.000000000003,300.000000000003,300.000000000003,3.87264617529581e-06,3.7950485420879e-06,300.000000000003,300.000000000003,300.000000000004,300.000000000004,300.000000000003,300.000000000004,4.38404958913452e-06,5.16402860739618e-06,300.000000000003
