523.105506705037,400.273354863352,468.330344959898,409.011788359342,431.197019361533,380.245640906272,403.425247576122,419.459576545622,403.458298644338,422.806417488408,400.537346406184,418.26650553537,382.047335332298,399.865228385379,372.385460199321,414.493884291287,413.946445035516,411.973651574417,428.297939870682,411.327974344249,460.663827249159,376.903306370959,394.330435434219,453.241621398805,436.612693421134,383.236911272704,401.7038175615,440.279698054344,384.743805258249,467.005030537891
317.155088243353,273.10046695315,297.297677964926,281.865769005501,275.582720800565,279.987929668935,279.652772683133,275.312162040185,266.804640536285,280.933218626477,298.643440660952,311.029027541738,280.980717274958,280.329629641093,278.88785345339,286.160230769823,279.411143058431,291.617067076832,283.404749423658,273.758706768972,300.861463464297,275.440760900808,288.841807605277,281.926174957689,307.795784878148,275.093440999341,294.423215777826,311.6103108683,277.13670658208,313.015305745012
265.968536700058,252.210713224652,262.292721251506,244.607726977334,244.123019010129,243.471864959891,243.340590075293,244.146916688719,245.020473992394,256.608443347161,264.355629202671,273.939361336145,259.27450031204,242.225435341348,254.054187420694,245.953875717449,248.023493385964,246.342356627131,260.221075488034,240.334437667696,259.247707570489,245.782877354765,248.818896317609,255.340442206918,261.273868452699,258.20035372102,267.714066684791,272.889061491135,253.065233470218,262.638397894789
244.69579957596,251.590566721883,238.127740129773,239.915471150821,238.857774646908,237.70735205413,240.258642518302,241.554688862087,243.888774452117,252.290000753018,254.361299660538,257.45127250612,254.222270128351,233.159135692325,254.054187420694,241.381526057359,247.236603979931,241.502370557602,254.126150052434,237.170943780321,251.507716105981,240.548670139988,243.430920167049,249.777163483776,247.598035523666,257.582600483684,263.323988247794,261.665991582628,252.071106547075,252.885528999008
244.552291272209,251.589145177319,238.112524995721,239.915471150821,238.783812185676,237.55482694365,240.258641811358,241.479792969735,243.886957747755,252.228455387401,254.358691190297,257.449680386485,254.166721645872,232.877264430869,254.054187420694,241.254082626691,247.236603956163,241.502370557602,254.112519403131,237.120928203168,251.507675006489,240.495291803325,243.411867570046,249.736554266347,247.592712369992,257.582600475902,263.27540634752,261.622182061024,252.071106525928,252.853456499441
244.5522784258,251.589145171783,238.112524995721,239.915471150821,238.783804644464,237.554756266466,240.258641811358,241.47977588649,243.886957738465,252.228449136151,254.358691190297,257.449680386485,254.166715080747,232.87683889735,254.054187420694,241.254039032923,247.236603956163,241.502370557602,254.112519403131,237.120921769393,251.507675006489,240.495291803325,243.411867558754,249.73654331559,247.592712369992,257.582600475902,263.275388769682,261.62218156983,252.071106516153,252.853456488564
244.5522784258,251.589145169523,237.330616227844,237.390429356852,238.783804644464,237.554756266466,240.258641811358,241.479775884794,243.886957735532,252.228449136151,253.672584383284,257.449680386485,254.166715080747,232.87683889735,254.054187420694,241.254039001105,245.596592847668,239.801973231591,253.65723075127,237.120921769393,251.137970082273,240.495291803325,243.411867558754,249.73654331559,247.592712369992,257.582600475902,263.275388769682,261.62218156983,249.141091108444,252.853456488564
244.552278369528,251.589145167029,237.330564074114,237.206197104291,238.783804604847,237.554756120116,239.794473078218,241.479775881297,243.886957735532,252.228449042693,249.889688330461,255.193477597883,254.166714998935,232.876838423956,250.899292945918,241.254039001105,245.591646942795,239.555130027367,253.648873002971,237.120921730312,250.951744780867,238.87129637085,243.411867558754,249.736543282185,246.559276804832,256.32753814423,263.275388270423,261.62218156983,249.139229611445,252.853456488564
244.552278369525,251.589145167003,237.330564074114,237.206197104232,238.783804604847,237.554756120115,239.794473078218,241.47977588127,243.886957733022,252.228449042693,249.889688327207,255.193477597162,254.166714998935,232.876838423132,250.899292944712,241.254039001105,245.591646942795,239.555130027365,253.648873002971,237.120921730311,250.951744780866,238.871296328486,243.411867558754,249.736543282034,246.559276801154,256.327538142802,263.275388270421,261.622181569351,249.139229611445,252.853456488564
244.552278369525,251.589145167003,237.330564074114,237.206197104232,238.783804604847,237.554756120115,239.794473078218,241.47977588127,243.886957733022,252.228449042693,249.889688327207,255.193477597162,254.166714998935,232.876838423132,250.899292944712,241.254039001105,245.591646942795,239.555130027365,253.648873002971,237.120921730311,250.951744780866,238.871296328486,243.411867558754,249.736543282034,246.559276801154,256.327538142802,263.275388270421,261.622181569351,249.139229611445,252.853456488564
244.552278369525,251.589145167003,237.330564074114,237.206197104232,238.783804604847,237.554756120115,239.794473078218,241.47977588127,243.886957733022,252.228449042693,249.889688327207,255.193477597162,254.166714998935,232.876838423132,250.899292944712,241.254039001105,245.591646942795,239.555130027365,253.648873002971,237.120921730311,250.951744780866,238.871296328486,243.411867558754,249.736543282034,246.559276801154,256.327538142802,263.275388270421,261.622181569351,249.139229611445,252.853456488564
244.552278369525,251.589145167003,237.330564074114,237.206197104232,238.783804604847,237.554756120115,239.794473078218,241.47977588127,243.886957733022,252.228449042693,249.889688327207,255.193477597162,254.166714998935,232.876838423132,250.899292944712,241.254039001105,245.591646942795,239.555130027365,253.648873002971,237.120921730311,250.951744780866,238.871296328486,241.573139993759,249.736543282034,246.559276801154,256.327538142802,263.275388270421,261.622181569351,249.139229611445,252.719343204786
244.552278369525,251.589145167003,237.330564074114,237.206197104232,238.783804604847,237.554756120115,239.794473078218,241.47977588127,243.886957733022,252.228449042693,249.889688327207,255.193477597162,254.166714998935,232.876838423132,250.899292944712,240.510513695372,245.591646942795,239.555130027365,253.648873002971,237.120921730311,250.951744780866,238.871296328486,241.573139993759,249.736543282034,246.559276801154,256.327538142802,263.275388270421,261.622181569351,234.266300942334,252.719343204786
234.097982255313,251.589145167003,237.330564074114,237.206197104232,238.783804604847,236.45420048801,239.794473078218,235.339616389346,243.886957733022,232.498986063007,249.889688327207,232.498986154918,236.269559881478,232.876838423132,250.899292944712,240.510502994488,236.92632452631,239.555130027365,253.648873002971,237.120921730311,250.951744780866,238.871296328486,241.573139993759,249.736543282034,246.559276801154,256.327538142802,263.275388270421,261.622181569351,234.025290828586,240.603469558514
