963.9268358145,1551.54892201575,1409.52540584655,1670.88659672602,1434.38880469352,1124.214271716,1574.53304933735,1353.33600905702,1840.80829743885,1580.77223090703,1177.80589107442,2158.02950483359,1796.72304374966,1330.31627337115,1432.98053768932,1817.81656159353,1403.19299883419,1251.48203673745,1408.28704985626,1797.05020810122,1394.68760084572,2082.6762464218,2224.9640096088,1868.84710684445,1603.61960101421,1696.62745570254,1469.42254985377,1883.92056157898,1826.82761049384,1798.74642611649
963.9268358145,1551.54892201575,1409.52540584655,1670.88659672602,1434.38880469352,1124.214271716,1352.57328317422,1353.33600905702,1541.49985707325,1580.77223090703,1177.80589107442,2158.02950483359,1263.7564687848,1330.31627337115,1432.98053768932,1817.81656159353,1403.19299883419,1040.1515096454,1408.28704985626,1797.05020810122,1394.68760084572,2082.6762464218,1936.80723630154,1868.84710684445,1603.61960101421,1696.62745570254,1469.42254985377,1421.56100660523,1752.17742661483,1421.42908124864
963.9268358145,1487.51379747939,1409.52540584655,1370.92636370657,1434.38880469352,1124.214271716,1352.57328317422,1353.33600905702,1541.49985707325,1397.43258079781,1177.80589107442,1436.96094578298,1184.37891419143,1330.31627337115,1328.25699320518,1438.49663906829,1355.35445737325,1040.1515096454,1408.28704985626,1717.17215959429,1394.68760084572,1744.38970008294,1936.80723630154,1826.88925489282,1455.20906943459,1696.62745570254,945.735352812371,1421.56100660523,1752.17742661483,1328.1445680088
963.9268358145,1316.31909366409,1409.52540584655,1144.8775033134,1071.46641286516,1086.38727859427,1189.96135546081,1353.33600905702,1541.49985707325,1397.43258079781,1135.02399584518,1336.93666920616,1184.37891419143,961.851871710759,1328.25699320518,1438.49663906829,1355.35445737325,1040.1515096454,1160.37038801111,1154.44196384213,1394.68760084572,1744.38970008294,1702.29132673353,1635.8688845954,1455.20906943459,1675.98317643278,945.735352812371,1421.56100660523,1432.34156713342,1248.05522553609
963.9268358145,965.534924602894,1280.94875170378,984.829790659589,1071.46641286516,1086.38727859427,1189.96135546081,1202.11820811988,1541.49985707325,1238.32349178884,1135.02399584518,1336.93666920616,1074.21520802007,840.687086668886,1328.25699320518,1289.99658042866,1355.35445737325,1040.1515096454,1160.37038801111,1085.67361499368,1273.38799548448,1179.78759664375,1456.28175022502,1440.19398711534,1455.20906943459,962.090834370399,719.192653022154,1030.78083193603,1175.33054231194,1194.44212091889
963.9268358145,836.015433425279,646.805512949958,890.953481356945,922.20672386494,844.326575856062,822.403245191582,953.633607654269,1346.613136075,1238.32349178884,1086.7730762581,1314.58190074863,824.022138476274,840.687086668886,1006.93814232345,1028.2019020149,1195.44931829557,769.809228145476,924.058738509855,879.344552017017,1002.08875603018,1166.82978020876,1056.65574839162,1191.86261207614,1182.52644784409,962.090834370399,719.192653022154,1030.78083193603,1093.08905740829,1105.28622428854
853.167074230582,718.84974358267,646.805512949958,722.792547710993,632.005815537876,532.839826776593,667.874270056331,735.857499810601,811.845476082857,815.642724326213,735.334317688732,844.138734045883,742.581292847372,676.544341666806,617.006633782359,672.738317287338,786.051319839015,736.958905843569,681.106938061974,766.451608206937,723.537207733858,716.142672360726,723.602684625215,810.236135849137,810.2961973869,644.073820669124,687.481950435601,757.041090124491,661.909370036871,828.610315638867
612.16169784326,483.773593932986,505.017175048828,529.655024501525,468.129858912996,410.814628614488,471.811689454431,498.586833072828,494.669615311011,465.819397430704,432.624250508985,476.708106315652,425.029318360619,436.464437303769,426.726954204065,429.915414368552,505.958209481285,470.89518898693,498.094141490207,488.58384915998,483.645053725968,388.915856602718,411.665044147724,481.953387980123,436.612693421134,417.592750463599,426.924371968947,443.00523005347,476.432628828631,490.809913515993
368.863852381695,310.159265345532,342.029901942347,317.097843432399,324.318078157651,307.984079102114,311.746780051067,305.689437646472,313.941997890514,317.592523891448,322.128123866706,336.622412080548,317.629393224941,320.737768208412,310.149056052403,329.605614275398,328.550894476542,330.750551900999,324.355768451476,309.782706216725,346.30470131842,323.939939410999,333.238916613985,323.591961891214,365.837939790911,321.087259484794,331.831639963767,363.152834606914,307.020846498397,347.140000796207
276.398597491196,253.42470517521,268.60382777012,252.146888843174,247.55320975511,247.482691935834,247.991373168418,247.240466995359,245.913882124545,260.181524203108,269.375501155503,279.975777050603,266.739638122213,247.078025396218,254.133356370136,248.068984694763,251.925621490871,254.290751954674,263.716255891784,242.86312725514,265.557783785598,253.309577285459,254.093176094405,262.064503476263,273.424105335781,258.976316811612,271.870862168773,285.893336209961,253.646569905594,273.492819843686
244.69579957596,251.590566721883,238.127740129773,239.915471150821,238.857774646908,237.70735205413,240.258642518302,241.554688862087,243.888774452117,252.290000753018,254.361299660538,257.45127250612,254.222270128351,233.159135692325,254.054187420694,241.381526057359,247.236603979931,241.502370557602,254.126150052434,237.170943780321,251.507716105981,240.548670139988,243.430920167049,249.777163483776,247.598035523666,257.582600483684,263.323988247794,261.665991582628,252.071106547075,252.885528999008
244.552328758178,251.589145181913,238.112524995721,239.915471150821,238.783852346367,237.555091710592,240.258641811384,241.479874914958,243.886957795225,252.228478660601,254.358691190297,257.449680386485,254.166763061215,232.878301067683,254.054187420694,241.254260063319,247.236603956163,241.502370557602,254.112519403131,237.120958722152,251.507675006489,240.495291803325,243.411867774991,249.736615961629,247.592712369992,257.582600475902,263.275457038347,261.622186668595,252.071106525928,252.853456626082
244.5522784258,251.58914517216,238.112524995721,239.915471150821,238.783804644464,237.554756266466,240.258641811358,241.479775891069,243.886957740174,252.228449136151,254.358691190297,257.449680386485,254.166715080747,232.87683889735,254.054187420694,241.254039032923,247.236603956163,241.502370557602,254.112519403131,237.120921769393,251.507675006489,240.495291803325,243.411867558754,249.736543349006,247.592712369992,257.582600475902,263.275388769682,261.622181569882,252.071106516153,252.853456488564
244.5522784258,251.589145169523,237.330616227844,237.322835534878,238.783804644464,237.554756266466,240.153423607159,241.479775884794,243.886957735532,252.228449136151,252.394403844175,257.424657625249,254.166715080747,232.87683889735,254.054187420694,241.254039001105,245.595336118701,239.709585739401,253.65723075127,237.120921769393,251.032905980693,240.495291803325,243.411867558754,249.73654331559,247.592712369992,257.582600475902,263.275388769682,261.62218156983,249.140330656832,252.853456488564
244.552278369525,251.589145167003,237.330564074114,237.206197104232,238.783804604847,237.554756120115,239.794473078218,241.47977588127,243.886957733022,252.228449042693,249.889688327207,255.193477597162,254.166714998935,232.876838423132,250.899292944712,241.254039001105,245.591646942795,239.555130027365,253.648873002971,237.120921730311,250.951744780866,238.871296328486,243.411867558754,249.736543282034,246.559276801154,256.327538142802,263.275388270421,261.622181569351,249.139229611445,252.853456488564
234.097982255313,251.589145167003,237.330564074114,237.206197104232,238.783804604847,236.45420048801,239.794473078218,235.339616389346,243.886957733022,232.498986063007,249.889688327207,232.498986154918,236.269559881478,232.876838423132,250.899292944712,240.510502994488,236.92632452631,239.555130027365,253.648873002971,237.120921730311,250.951744780866,238.871296328486,241.573139993759,249.736543282034,246.559276801154,256.327538142802,263.275388270421,261.622181569351,234.025290828586,240.603469558514
