11104.3599885853,10493.1255567631,9455.60627381216,9339.42463467791,10140.5962146398,7489.92744640269,8552.81413238446,5532.03807270144,6681.67375818897,7789.72625957513,8533.79638158689,10007.2006902296,11440.0161430715,8625.34843081373,6946.30404491607,6746.94737023171,10606.4307589993,6539.90670153889,11738.8261138921,9488.33845867022,8284.46860178777,12312.4012036543,6767.43151024778,9753.65523614011,10906.19457237,10695.27241588,9359.00482105216,10676.9492650155,5752.76834904754,10498.0638945939
9880.33627543437,6883.67788788056,9455.60627381216,3173.67447596176,9234.02382573581,4911.47573407917,8552.81413238446,5532.03807270144,6681.67375818897,7789.72625957513,7957.38205107049,7279.48427376336,10107.2307092162,1437.7159064667,6946.30404491607,6746.94737023171,10217.7185303966,4914.31784311199,11738.8261138921,9488.33845867022,7542.88982918311,12312.4012036543,5816.61249115275,6382.98322665126,6845.80392284404,8842.34876231308,8990.16581041632,5592.137039585,5752.76834904754,5904.80888192598
8320.42963604249,3166.61070386254,9455.60627381216,3173.67447596176,2480.07208436133,4911.47573407917,8552.81413238446,3948.33961244714,6681.67375818897,7789.72625957513,7905.04327318561,7279.48427376336,10107.2307092162,1437.7159064667,6946.30404491607,6746.94737023171,4055.94287841642,4914.31784311199,6134.49705044468,9488.33845867022,4741.98676689816,5249.46060846204,5816.61249115275,6382.98322665126,6845.80392284404,8842.34876231308,8990.16581041632,5592.137039585,5752.76834904754,5904.80888192598
4408.19218392343,3166.61070386254,4707.32898034981,3173.67447596176,2480.07208436133,4911.47573407917,5965.52977231271,3948.33961244714,3371.0736678313,4539.47419842203,5728.70542631494,6534.82524633307,10107.2307092162,1437.7159064667,4360.80980799126,3838.51085481775,3341.33688513823,4634.14330737715,3251.53645897431,5608.22432501127,4741.98676689816,5249.46060846204,5816.61249115275,3744.4905228043,2384.64533254825,7983.09425029698,4673.41629013284,5592.137039585,5148.59256738168,3709.64354604392
2492.78206776826,3166.61070386254,3720.65138959403,2812.3745024632,2480.07208436133,3894.40571020902,5965.52977231271,3948.33961244714,3371.0736678313,4539.47419842203,4225.69534310584,4034.92262849901,5259.11605729709,1437.7159064667,2817.85237164256,3755.43803369342,3341.33688513823,3612.37548088352,3251.53645897431,3622.32013975181,3016.96241198321,3925.47967353412,5816.61249115275,3744.4905228043,2270.30702079916,4542.26122647517,2174.90570237355,3623.58157358498,4149.69916266898,3709.64354604392
1902.19569817922,3166.61070386254,2736.81374749024,2586.78036176314,1679.65346582137,3584.5344345442,3446.34633285381,3948.33961244714,3371.0736678313,4539.47419842203,3206.96589529947,2846.64349382977,3928.73276686466,1437.7159064667,2091.27102062424,3509.49630138223,1681.5003873582,3612.37548088352,2840.70511254545,3285.29310471778,2664.00516503935,2415.13535397406,3652.16566324178,2848.58773623947,2000.58182816879,2932.38785571544,835.774926754503,2369.55077407175,3076.71338185084,2718.63168022447
1659.55664758348,1632.24319866238,1450.173024729,894.551992437171,729.062498111115,1861.43004842351,1996.16496903209,1975.81898824432,2856.65176410847,1463.66281455077,1895.05999714106,1453.45408415044,2203.00665015844,1037.21003770674,1654.35324418065,1990.29184285748,890.276840749247,1446.25969187238,2148.62650023281,1916.65843991866,1131.21954205889,1890.08201271229,1981.32985375379,1129.47619198408,1342.45531317795,1097.33266794111,708.35649611267,1937.71392847267,1660.98870421719,1279.47898858439
300.148561158574,600.162894538217,285.298962719258,185.864457496589,252.475472293514,345.801401866569,337.907938679136,529.064174826165,449.510470370679,530.938753897742,300.278379171903,239.460742973054,1041.92658935267,465.130635098369,661.736120285396,211.494766640908,164.48651762457,393.139218196418,903.304869981515,615.632174602466,442.79330013583,699.942146893758,295.674004247915,551.871106701867,195.439380331866,148.749519052624,312.234122361293,264.002970593613,291.074968487609,243.887246068015
35.8491473551829,28.0776016573504,47.9699481788167,42.2209696975755,44.3877424527216,18.3019320210528,50.7762337367902,25.9979177880693,54.1258283548449,49.381560684983,26.5814380492061,14.3480927441059,118.70553632404,51.8322812456229,57.1223631288526,50.937082485761,50.8285307252941,54.2435720986105,31.7011469531877,23.5239024000382,28.2465313880414,47.8843681930214,40.3759686159603,27.8969742101737,40.0722805986768,25.9791507871115,41.2776349618963,54.2175153795945,30.7440009538135,36.7730324210319
2.69315138213517,1.86732578212263,2.9366103740233,2.51069548989369,2.70486792981319,4.2594056324582,3.26910539200412,2.48754472968574,3.13654895655372,2.27941407132118,3.16992020248688,2.34593493004411,3.63693730511113,2.27370857522783,2.12119532973452,3.27283518717979,2.57262330566982,2.49642345600046,3.08342206006205,2.75333874437285,2.48062820209805,2.53950835464877,3.77514238249012,1.86637176826014,2.11650269853374,2.47482897829786,3.112041086565,3.34661386097082,3.93315307827118,1.52193577710136
0.132234079217028,0.109504143497588,0.244172341654007,0.176225760771899,0.106260533450836,0.258939362462911,0.229884195773252,0.114236223715125,0.162510019506954,0.184199848934554,0.164199925577918,0.137740227872996,0.271485916732672,0.235863098984282,0.179103535980403,0.216424262970122,0.0808809780251067,0.157082977240862,0.220538329122178,0.110286680844865,0.0906489772843315,0.142565979026017,0.107657405560531,0.0914555885776736,0.169748120171107,0.115541309414425,0.254997889129982,0.0869427340487618,0.165608423057165,0.15794752592501
6.31154489383334e-06,5.73488944155542e-06,1.13901273834927e-05,6.61174544802634e-06,5.47319666566182e-06,6.34423008705198e-06,4.12678241445974e-06,3.60244121111464e-06,5.69209669265547e-06,5.00472833664389e-06,6.41995029582176e-06,4.59590489754191e-06,0.000278893079098452,8.62655645050836e-06,5.34689525011345e-06,5.09031440287799e-06,3.7157466294957e-06,4.60264493540308e-06,5.99649001742364e-06,1.1570008155104e-05,2.99660393920931e-06,6.74303782943753e-06,6.85192810578883e-06,4.62774437437474e-06,5.50750530692312e-06,4.88795046749146e-06,1.00451430853354e-05,5.28093175944377e-06,2.07697246423777e-06,3.72522822544852e-06
6.48014975013211e-12,7.95807864051312e-13,4.54747350886464e-13,3.41060513164848e-13,1.93267624126747e-12,4.54747350886464e-13,3.41060513164848e-13,2.27373675443232e-13,3.41060513164848e-13,3.41060513164848e-13,2.27373675443232e-13,1.13686837721616e-13,9.54969436861575e-12,4.54747350886464e-13,1.13686837721616e-13,2.27373675443232e-13,9.09494701772928e-13,1.13686837721616e-12,3.41060513164848e-13,1.13686837721616e-13,1.47792889038101e-12,2.38742359215394e-12,3.41060513164848e-13,1.25055521493778e-12,2.04636307898909e-12,1.02318153949454e-12,6.82121026329696e-13,2.27373675443232e-13,4.77484718430787e-12,3.29691829392686e-12
0,0,0,0,0,0,0,0,0,0,0,0,0,0,0,0,0,0,0,0,0,0,0,0,0,0,0,0,0,0
0,0,0,0,0,0,0,0,0,0,0,0,0,0,0,0,0,0,0,0,0,0,0,0,0,0,0,0,0,0
0,0,0,0,0,0,0,0,0,0,0,0,0,0,0,0,0,0,0,0,0,0,0,0,0,0,0,0,0,0
