2944315579.54051,8988117916.30086,4776999389.52029,5401007192.12272,3826020837.42944,4965195610.52068,5235463596.02111,2349485787.53092,7022418920.34755,3715217883.34993,5233293953.72332,7157026489.25716,4355100474.10419,8441502124.6509,6638953828.42505,2615716883.86079,5486724087.96898,1513058194.44014,4156185491.28632,5193528137.82782,7678431640.99507,5662677870.34344,5020578426.31896,8164838902.06301,3043642171.53698,4760003662.28429,5527200542.59125,6930812225.62443,3269975441.44132,5347585464.71318
1156275147.39156,6830116326.95609,4103685237.37204,1500025672.27326,1034818077.51045,1494743112.39275,5235463596.02111,2349485787.53092,5159207575.28822,3184353107.13548,3547897097.76967,7157026489.25716,4355100474.10419,2988313108.20981,2011998439.30862,1980864020.23826,5486724087.96898,1513058194.44014,1920086515.77054,1419437116.5356,4595439001.52111,5662677870.34344,1985141142.71022,5387454992.71367,3043642171.53698,4741979369.58014,2999687198.5069,4887765583.54226,3269975441.44132,4927223464.8085
1156275147.39156,943890617.70849,2259984476.09397,451852450.63331,1034818077.51045,1494743112.39275,3797859213.84312,1930764263.27659,1387744780.75658,2631183265.31889,3547897097.76967,1385993785.78076,2320353700.56434,2988313108.20981,2011998439.30862,1980864020.23826,3580452394.55389,1513058194.44014,1600439268.81248,1419437116.5356,944551359.113075,4525443003.54493,1985141142.71022,3254553297.01082,2981578524.26564,2799138671.34708,2441873825.76621,3930855179.0793,2674707596.97761,2849802088.18298
1156275147.39156,943890617.70849,1186824493.61526,451852450.63331,1034818077.51045,1494743112.39275,449568605.09865,1279061455.92626,1387744780.75658,2469339495.65742,1617875599.00557,1385993785.78076,2320353700.56434,2988313108.20981,1376365864.19145,1980864020.23826,2265503631.42411,1513058194.44014,1600439268.81248,1419437116.5356,944551359.113075,2426755104.0265,1985141142.71022,2817874998.48636,1819441706.4607,2090366130.68352,1263368078.7038,3209013853.14032,2674707596.97761,2604495082.10848
1156275147.39156,943890617.70849,613755605.831638,451852450.63331,1034818077.51045,1494743112.39275,449568605.09865,970044263.298909,1387744780.75658,1730307547.95041,1617875599.00557,1385993785.78076,2320353700.56434,1014933944.17669,608732292.014509,1980864020.23826,2047821900.04325,1513058194.44014,1353900805.80216,1187961904.69938,944551359.113075,2426755104.0265,898109566.695717,1516639847.02582,1536440889.51102,1049506254.38589,1263368078.7038,2772272265.67657,1615940516.09739,1233512806.6683
1156275147.39156,839593254.453214,274594178.712122,165414925.137766,455328249.895205,1494743112.39275,328230087.750319,332584156.208553,374136197.510607,1054097943.18877,1015934282.99399,811324561.382101,1023942163.42535,228111725.120605,589150594.723947,1084538963.47121,833965742.278566,678913225.278296,675739287.488479,1187961904.69938,944551359.113075,942361715.650591,499382539.9378,1068609158.22568,344227557.664631,838323057.701992,1115278402.1962,756679518.128378,1330861173.25497,1008268025.99341
233250730.604519,694606366.790492,242541451.3706,158977885.492263,76618710.2793887,211179643.633931,328230087.750319,69286822.0136143,79029652.8138543,121329428.000217,215799165.215664,155745240.621611,476060553.359176,117370121.449138,52080448.6805981,240614451.927402,186990841.982229,168208653.359425,119925400.896176,275132993.280421,160434292.021167,154773060.131915,73616761.6798209,255869304.458201,44592940.4002546,106694829.978937,251447166.220001,145284136.756726,419799078.866867,288321023.803804
54160481.9384988,55041751.5655318,33487936.1673896,19637474.8903947,19989923.7621702,66160834.8295129,27969101.746411,9158612.30451216,15512208.9447142,13753477.2784899,30089646.6274457,4999769.21417309,64210366.7805633,71024873.8841209,18428826.1694939,22893681.8594743,8730569.27906472,10607389.2467817,20994282.1608793,41629479.394095,51044822.2831133,17780952.7479149,14758990.433574,17032942.3413674,33850139.8970538,22970538.4862101,42083948.4931294,21719448.3895072,46769953.2679938,15325741.9245565
2333114.39681381,3793100.87079285,1063373.01504216,1188350.5750013,947893.700630374,3574134.7327522,1334306.80876091,949868.447155488,1140935.63081085,1299006.06932537,1034047.47850955,573175.530890558,913874.775512394,2192159.99680745,1287687.88271227,2102017.26422609,1771580.09365094,1356486.10539903,1512645.64508097,2300430.4230805,4973342.49876745,1881718.69835386,1064351.372824,1470201.75234883,2303775.2743392,1900157.33978979,2293815.817951,1845640.77534995,1986042.59376213,1203906.49975088
37324.6283446911,24555.5895076872,48662.938413468,23032.6454714699,17762.8070808634,52492.2548780209,59426.6283047122,15959.8229403924,25610.9775098345,48375.7848894047,33107.7929057664,14353.7719937438,63761.4371968997,26861.868719253,15824.951398634,40467.4084832842,27735.7455051577,26258.0804240517,21677.8435557983,48878.8346672619,49735.5112664807,25399.1956628329,31407.5323216752,21946.7194001152,21523.2331833666,21003.9612314321,42325.7067888537,34558.205559334,46350.5500929118,16050.1398943708
98.3819812379768,146.53043341618,155.97418320827,159.678450369471,87.0674847835151,215.569662460518,125.479954130148,204.500112110434,95.9563256245226,107.240271438959,154.684730593929,126.716872934911,172.874751256059,184.768083244176,167.911124396795,162.991738093021,144.76502325707,159.140610067509,76.7087652953003,189.641615405544,276.274781130791,188.580360040427,264.303661180491,152.798436248875,117.532791273912,145.007945586605,141.663433338373,215.251542380769,193.04367099111,175.531153599728
40.2370982754139,19.3261794816613,63.4959039350988,29.6354357994899,46.4409808106457,36.3150621610034,52.9729343543038,54.0007633311825,55.7327483026304,23.1618585200804,59.036840994524,41.4683923607995,81.9916994358507,66.8987588744058,36.014408458499,53.3137989929867,34.194142920619,45.9899227872386,41.6697205284652,102.8582391357,135.846351635623,39.6872139611005,116.684292971576,60.5298682298608,14.3633164761604,42.8725127859589,62.2367363423148,38.2121157414631,83.326268352326,103.568660150586
34.4241721860501,12.1467564193517,55.7013585682998,19.2423291764721,34.0980474748144,28.4349655596768,49.0227491851506,45.3521778095894,48.9693093689496,18.6383036263856,37.3154013452413,31.0887509580341,68.2191577729823,42.1719626034628,22.1637294367872,38.0113976466807,26.1045861546058,36.4778416913041,34.1694398968511,97.7567628968029,127.019072402724,18.1489923228953,111.384093055691,53.4052983503575,3.60761034955863,30.78965243531,49.0914523324725,21.2347297626729,66.4105065471638,93.9323331380617
34.3854647185979,12.1357542975163,55.520619676035,19.2050822828071,34.0674851811916,28.336531298303,48.9750416327865,45.3405940339683,48.9460414437276,18.6174271363068,36.9866914596214,31.0590649568665,67.9770373595063,42.0540809509912,22.1408946861916,37.9370745016572,26.0851856930967,36.2211671697924,34.1233654704561,97.7152750893608,126.98897831585,18.1122674684113,111.2767220735,52.9373953786478,3.1823759743927,30.7650333557301,49.0258736226981,21.073936244366,66.3611824125339,93.9018050870652
34.3849795484805,12.1319918237525,55.5188370363703,19.2010185334686,34.0672776611054,28.335627649172,48.9645813766749,45.3383696524481,48.9458935416726,18.6174025186831,36.9802344435438,31.0462959914414,67.9762129253886,42.0479721696945,22.140712201819,37.93436101869,26.081303545154,36.216464105212,34.1212662158835,97.7147858959029,126.988871339605,18.1093372047719,111.276671122497,52.9341842368067,3.1790988349801,30.7607820324822,49.024485039778,21.0653646082487,66.3611394241502,93.9014293333398
34.3849790905242,12.1319900859239,55.5188338447726,19.2010177829657,34.0409499602727,28.3356275768419,48.9645795793301,45.3383686105328,48.9422342048063,18.6131276778594,36.980230871528,31.04628718757,52.3611669784,42.0479701221022,22.1400073153625,37.9343591154848,26.0813016259772,36.2164611031315,34.121265766943,71.5009086799789,73.8412171002819,18.1093363227235,48.3662195481502,52.9341823268512,3.17909666843616,30.7607798891825,47.8871240783667,21.065361535944,50.9457252426575,66.9851566060599
