3084.78955166393,898.004937176729,841.51831126627,1030.05079020769,1232.30440651113,1186.3423858698,678.722927010415,852.263777901907,946.358049551559,1109.17247179185,535.359572475239,531.328402867766,900.5301625315,891.840222646341,981.766473624823,1175.24996124518,3844.30336766116,1276.59629524403,609.770591395414,686.475389982993,1113.10506327321,1056.06750683841,1078.50815978883,6949.22035438994,3340.43957406595,2120.03806784054,1481.00588836601,889.917959673854,1831.47133028739,1062.30124687155
802.171465566551,898.004937176729,841.51831126627,651.021935719444,1232.30440651113,1186.3423858698,678.722927010415,453.971618744027,946.358049551559,1109.17247179185,535.359572475239,531.328402867766,900.5301625315,891.840222646341,917.122979978855,1175.24996124518,917.348972763589,1172.64109899908,609.770591395414,686.475389982993,739.617668892902,1000.11007631012,564.419827270843,6949.22035438994,806.325750888815,506.875848204239,1481.00588836601,889.917959673854,1831.47133028739,1062.30124687155
729.018036631267,898.004937176729,496.146770438415,651.021935719444,991.04749689764,470.436259671094,678.722927010415,453.971618744027,946.358049551559,1109.17247179185,535.359572475239,531.328402867766,873.536654133186,891.840222646341,800.863983228158,1175.24996124518,917.348972763589,777.207452749934,609.770591395414,686.475389982993,739.617668892902,958.968840139263,564.419827270843,2464.72764836702,656.384721019559,506.875848204239,635.479977243835,889.917959673854,811.574926798684,746.514055352012
454.876954783861,723.322979569128,463.670385569688,651.021935719444,991.04749689764,470.436259671094,493.522752842871,453.971618744027,624.583345671799,961.337399626801,535.359572475239,531.328402867766,635.014249173859,778.476799102109,800.863983228158,278.65904671301,505.236576242863,777.207452749934,609.770591395414,686.475389982993,739.617668892902,476.144405482162,486.753265771492,884.546597996887,401.693505551239,506.875848204239,635.479977243835,527.343914319343,811.574926798684,569.39965048444
454.876954783861,723.322979569128,463.670385569688,399.974516394346,663.547265808282,431.007024693311,493.522752842871,354.443991748724,551.103518367323,211.621736382198,535.359572475239,531.328402867766,604.406195975753,485.397431808419,350.575160371409,278.65904671301,423.24151524153,508.51805230662,609.770591395414,686.475389982993,739.617668892902,75.0417181397297,413.438306864688,795.15875195708,276.207728147033,203.311767416531,480.476232341013,527.343914319343,811.574926798684,357.036884163655
429.544876387647,359.745483934321,356.325113788854,367.648280199174,350.147483653038,186.66738478845,100.508784873422,194.319739263266,415.02881497816,211.621736382198,306.739497906472,381.731818916086,438.359551123348,358.581379197445,350.575160371409,154.538077484399,168.206146845474,508.51805230662,442.843045642404,341.232131327273,423.298657269624,75.0417181397297,304.989179162359,473.415651230593,55.9284578777101,203.311767416531,345.561203171398,232.568786538875,189.40341657832,357.036884163655
89.8418992088036,120.728343687405,48.0673647517765,275.811914212407,350.147483653038,67.3528512831112,100.508784873422,72.6814012632021,179.298448167471,211.621736382198,214.672906759345,229.216727900536,143.844165296292,242.07514931914,315.72263691762,73.7367559398599,98.2429893962535,52.8449662933449,72.9800993400486,82.6103577217027,234.022534095764,67.3099706951521,153.844651890913,339.869145186384,52.5132055275835,103.100858429238,293.390134160945,61.5010025782403,189.40341657832,198.70833231566
70.5633799713187,56.7212373193915,41.1054181510276,56.5274477026769,50.7614816950986,54.7065514131973,41.8067803354843,54.6998823735571,50.7684691330869,55.9382053243748,53.4776828657814,51.5471209328457,52.7795427479646,55.3631214801158,44.4741827063481,46.2157481592617,48.2710682749575,52.8449662933449,60.4240739556358,67.3936399066656,54.459485734732,66.9979938657234,49.1832819660044,73.0133646981881,52.5132055275835,65.9045151757186,83.1627428820543,57.2654815319661,80.0580178634532,61.1600558916361
50.3887914834017,42.6001286960463,41.1054181510276,46.5640938436241,45.6329424494425,50.1560885370841,41.8067803354843,46.5314309061155,41.0341264210169,47.4191945085581,45.704063493788,46.426070750651,45.6369602713617,40.6145005268368,36.7580564139284,43.2836745347536,46.3756005191422,46.5890542466987,42.3419731872314,43.1435341991523,37.6368176363676,55.4105340996184,49.1832819660044,49.9778233759207,52.5132055275835,44.0418882409563,46.0098841618574,44.2864187257342,45.9303554446883,46.9839140842937
37.1725146904819,34.5201705145832,41.1054181510276,37.6946565101266,43.7102276086389,35.8613578607997,40.9129207827605,45.9995645293639,37.5145770592871,39.3200803063473,45.704063493788,46.426070750651,41.4195062755866,35.8240129868063,36.2834935016062,43.1898855254676,46.3756005191422,43.6559504367769,42.3419731872314,40.0637086440624,37.6368176363676,42.0361044282381,46.4129133791121,46.8858751574694,52.5132055275835,44.0418882409563,41.1396786138762,44.2864187257342,43.3897636637362,42.0802450066767
37.1725146904819,34.5201705145832,39.6592468224017,27.6366516383923,36.8425718386202,27.9627780713854,40.9129207827605,45.9995645293639,37.5145770592871,18.0291142364194,45.704063493788,46.426070750651,40.5278899874888,28.1112153407125,27.6417867275331,43.1898855254676,46.3756005191422,35.5714264066733,42.3419731872314,28.6858812193964,29.5901295418707,37.0361972469068,46.3396383733698,39.6642418218999,43.7804638216703,43.9070087109158,27.6915488314676,39.4963005976556,31.1268466844444,28.5636784275357
28.1941866749044,26.8947355364444,39.6592468224017,27.0235037879693,36.8425718386202,27.7205032565471,40.9129207827605,45.9995645293639,26.3198556711509,10.1718401811559,45.704063493788,42.1804297436515,40.5278899874888,27.1194980503733,27.328221168591,43.1898855254676,44.5271643459673,34.2982170980354,42.3419731872314,26.5182071996933,25.9245652880109,37.0361972469068,45.7519164888763,39.5947724722018,43.7804638216703,43.9070087109158,26.3549159598674,39.4963005976556,31.1268466844444,27.0580456369589
26.478193981035,26.1746976720692,39.6592468224017,26.3575361155827,36.8425718386202,25.863209349493,40.9129207827605,45.7845901728592,7.9548993405192,6.49800487223365,45.704063493788,42.1804297436515,37.4743877639962,26.4160269652684,26.4035054891838,43.1898855254676,42.6427385955708,32.4738317560214,42.3419731872314,26.0679390412174,25.8031379486483,37.0361972469068,45.7519164888763,39.5947724722018,42.4902824788069,43.9070087109158,25.3076748569088,39.4963005976556,31.1268466844444,26.1825880166821
24.9396361746376,24.8354597316197,39.6592468224017,25.2497792548306,36.8425718386202,25.3106868579489,40.9129207827605,44.530568011678,6.7043354561215,2.30380423905717,41.2512147564521,41.4339022233098,37.4743877639962,24.8881611637307,25.301665966042,43.1898855254676,39.8258426804759,30.511313877234,42.3419731872314,24.3603571260228,25.0215433618155,37.0361972469068,37.0029718417268,39.5947724722018,42.235138497746,43.9070087109158,25.3076748569088,39.4963005976556,31.1268466844444,24.6554498827199
24.5859093579179,24.1302093675072,30.1332650414961,22.6513128233205,29.1001353713032,23.6945133722397,29.6708667991334,29.1837504646346,4.69878291380019,1.21699117422213,30.1225316775403,30.7754452414174,29.9596450116569,23.8180312057279,24.8342622205687,29.6249865476025,30.4834107468009,29.4889402313611,31.2152424473452,23.7264393148293,9.31878291745852,31.8996676185557,31.7519441143149,32.3265804725706,29.0038721905044,29.1839005622346,23.8816260798362,30.1329215250162,26.2176553961599,23.8182531920033
21.4107859238457,20.8178596072512,29.0413591543943,21.0601089437459,28.1405435070333,20.8378815756514,29.1630687038382,28.8768731572036,4.05889701951173,0.369228621399543,29.5923941945944,29.4154699343844,27.3894652287568,20.7552814330279,21.203034562383,29.3270704845027,28.9383979114082,20.7722703610307,28.4575373281436,22.332816541325,1.39064505611759,29.1942467361923,29.7994485891172,28.8149416767164,28.0265287261377,26.3411088561975,20.9259163829456,28.7606662588751,21.6508177391866,21.2964303453632
