351.483021380368,216.488620073359,247.781640211921,234.990130121978,220.275544521596,219.635976535437,247.471799480129,201.087942204354,236.666945087049,242.61929613321,242.415647565084,237.685281027057,250.731188427721,258.787802335835,216.773504989266,301.682408347245,217.061743139734,205.145479654723,245.984510446731,252.553546917644,227.728697857486,239.109681678158,246.851014786645,352.543130792782,223.146908591926,238.66594981723,216.700112034763,217.14148238331,240.928310739798,201.537853904817
189.634035448195,183.458662399383,184.940143134332,184.112348968159,183.425330018101,185.243056734056,183.902829169491,182.479574448901,183.656384805603,184.148872217298,184.264917440048,182.991901213049,184.340624513339,185.476922535973,183.661940834373,186.461375955912,183.787565858383,183.105400908586,185.870460349101,183.560501714539,186.280616458118,184.644110681549,184.10091648858,188.25512268797,183.77477283948,183.468710657497,184.310171853702,183.552568444919,185.290525892178,181.927421044898
181.865190576934,181.481624462484,181.554865121311,181.556481146836,181.354896917044,181.378371271381,181.581497543264,181.090137487301,181.356625299242,181.606257615867,181.516898014182,181.258102408286,181.642341222766,181.499158791111,181.134300757001,181.511627017372,181.215529388486,181.249519650269,181.477653321681,181.386452042791,181.435868759736,181.621133987384,181.214087083075,181.452387687555,181.446308337983,181.212617304564,181.463130363167,181.252995512458,181.858078960967,181.05833067491
180.892373555289,180.857047356226,180.887439640139,180.864696741425,180.833726188022,180.869391413029,180.856495150958,180.812030288375,180.829141167859,180.845892880944,180.86812355849,180.850303008064,180.874946218093,180.84670836362,180.843227131237,180.857066530371,180.829167541777,180.824608048896,180.833426958447,180.831184978961,180.842932518433,180.848007099459,180.860730702394,180.862123543154,180.844040514787,180.84277314999,180.869847428546,180.838243465912,180.872442451587,180.803746143365
180.781683184113,180.781657334798,180.781597488975,180.781878052757,180.78142922365,180.781698744023,180.781502025746,180.781356480188,180.781421471341,180.781562874228,180.78154948809,180.781566475438,180.781757839924,180.781651033659,180.781425452586,180.781727538867,180.781424480802,180.781398817714,180.781767803092,180.781406872947,180.781652090448,180.781697690088,180.781476985702,180.781711089902,180.781483355624,180.781397432867,180.781610103332,180.781476499068,180.7817568663,180.781284699997
180.781271678596,180.781271679154,180.781271678859,180.781271679813,180.781271687538,180.7812716791,180.781271684692,180.78127167829,180.781271678617,180.781271678805,180.781271678764,180.781271679034,180.781271678322,180.781271700977,180.781271678884,180.781271678896,180.781271680679,180.781271678164,180.781271678908,180.781271678446,180.781271693093,180.781271709953,180.781271678398,180.781271679215,180.781271678853,180.781271678853,180.78127167908,180.781271678738,180.781271679472,180.781271678394
180.781271678596,180.781271677928,180.781271678028,180.78127167784,180.781271677934,180.781271677978,180.781271678005,180.781271678086,180.781271677922,180.781271678101,180.781271678057,180.781271677813,180.781271677973,180.781271678053,180.781271677964,180.781271678349,180.781271677991,180.781271677967,180.78127167802,180.781271677912,180.78127167801,180.781271677853,180.781271677968,180.781271678445,180.781271678099,180.78127167788,180.78127167818,180.781271678038,180.781271677971,180.781271677924
180.781271677749,180.781271677747,180.781271677753,180.781271677747,180.781271677747,180.781271677747,180.781271677747,180.781271677797,180.781271677747,180.781271677747,180.781271677749,180.781271677747,180.781271677747,180.781271677747,180.781271677747,180.781271677747,180.781271677747,180.781271677747,180.781271677748,180.781271677747,180.781271677747,180.781271677747,180.781271677826,180.781271677747,180.781271677897,180.781271677747,180.781271677747,180.781271677747,180.781271677747,180.781271677924
180.781271677747,180.781271677747,180.781271677747,180.781271677747,180.781271677747,180.781271677747,180.781271677747,180.781271677747,180.781271677747,180.781271677747,180.781271677747,180.781271677747,180.781271677747,180.781271677747,180.781271677747,180.781271677747,180.781271677747,180.781271677747,180.781271677747,180.781271677747,180.781271677747,180.781271677747,180.781271677747,180.781271677747,180.781271677747,180.781271677747,180.781271677747,180.781271677747,180.781271677747,180.781271677747
180.781271677747,180.781271677747,180.781271677747,180.781271677747,180.781271677747,180.781271677747,180.781271677747,180.781271677747,180.781271677747,180.781271677747,180.781271677747,180.781271677747,180.781271677747,180.781271677747,180.781271677747,180.781271677747,180.781271677747,180.781271677747,180.781271677747,180.781271677747,180.781271677747,180.781271677747,180.781271677747,180.781271677747,180.781271677747,180.781271677747,180.781271677747,180.781271677747,180.781271677747,180.781271677747
180.781271677747,180.781271677747,180.781271677747,180.781271677747,180.781271677747,180.781271677747,180.781271677747,180.781271677747,180.781271677747,180.781271677747,180.781271677747,180.781271677747,180.781271677747,180.781271677747,180.781271677747,180.781271677747,180.781271677747,180.781271677747,180.781271677747,180.781271677747,180.781271677747,180.781271677747,180.781271677747,180.781271677747,180.781271677747,180.781271677747,180.781271677747,180.781271677747,180.781271677747,180.781271677747
180.781271677747,180.781271677747,180.781271677747,180.781271677747,180.781271677747,180.781271677747,180.781271677747,180.781271677747,180.781271677747,180.781271677747,180.781271677747,180.781271677747,180.781271677747,180.781271677747,180.781271677747,180.781271677747,180.781271677747,180.781271677747,180.781271677747,180.781271677747,180.781271677747,180.781271677747,180.781271677747,180.781271677747,180.781271677747,180.781271677747,180.781271677747,180.781271677747,180.781271677747,180.781271677747
180.781271677747,180.781271677747,180.781271677747,180.781271677747,180.781271677747,180.781271677747,180.781271677747,180.781271677747,180.781271677747,180.781271677747,180.781271677747,180.781271677747,180.781271677747,180.781271677747,180.781271677747,180.781271677747,180.781271677747,180.781271677747,180.781271677747,180.781271677747,180.781271677747,180.781271677747,180.781271677747,180.781271677747,180.781271677747,180.781271677747,180.781271677747,180.781271677747,180.781271677747,180.781271677747
180.781271677747,180.781271677747,180.781271677747,180.781271677747,180.781271677747,180.781271677747,180.781271677747,180.781271677747,180.781271677747,180.781271677747,180.781271677747,180.781271677747,180.781271677747,180.781271677747,180.781271677747,180.781271677747,180.781271677747,180.781271677747,180.781271677747,180.781271677747,180.781271677747,180.781271677747,180.781271677747,180.781271677747,180.781271677747,180.781271677747,180.781271677747,180.781271677747,180.781271677747,180.781271677747
