107760,113040,112000,110320,112360,114240,111160,112000,111840,112160,113120,111080,111920,112840,112480,112040,111120,110400,111040,111600,112280,111760,111800,112160,111480,111720,112280,111520,111960,112480
107760,113040,112000,110320,112360,114240,111160,112000,111840,112160,113120,111080,111920,112840,112480,112040,111120,110400,111040,111600,112280,111760,111800,112160,111480,111720,112280,111520,111960,112480
107760,113040,112000,110320,112360,114240,111160,112000,111840,112160,113120,111080,111920,112840,112480,112040,111120,110400,111040,111600,112280,111760,111800,112160,111480,111720,112280,111520,111960,112480
107760,113040,112000,110320,112360,114240,111160,112000,111840,112160,113120,111080,111920,112840,112480,112040,111120,110400,111040,111600,112280,111760,111800,112160,111480,111720,112280,111520,111960,112480
107760,113040,112000,110320,112360,114240,111160,112000,111840,112160,113120,111080,111920,112840,112480,112040,111120,110400,111040,111600,112280,111760,111800,112160,111480,111720,112280,111520,111960,112480
107760,113040,112000,110320,112360,114240,111160,112000,111840,112160,113120,111080,111920,112840,112480,112040,111120,110400,111040,111600,112280,111760,111800,112160,111480,111720,112280,111520,111960,112480
107760,113040,112000,110320,112360,114240,111160,112000,111840,112160,113120,111080,111920,112840,112480,112040,111120,110400,111040,111600,112280,111760,111800,112160,111480,111720,112280,111520,111960,112480
107760,113040,112000,110320,112360,114240,111160,112000,111840,112160,113120,111080,111920,112840,112480,112040,111120,110400,111040,111600,112280,111760,111800,112160,111480,111720,112280,111520,111960,112480
107760,113040,112000,110320,112360,114240,111160,112000,111840,112160,113120,111080,111920,112840,112480,112040,111120,110400,111040,111600,112280,111760,111800,112160,111480,111720,112280,111520,111960,112480
107760,113040,112000,110320,112360,114240,111160,112000,111840,112160,113120,111080,111920,112840,112480,112040,111120,110400,111040,111600,112280,111760,111800,112160,111480,111720,112280,111520,111960,112480
107760,113040,112000,110320,112360,114240,111160,112000,111840,112160,113120,111080,111920,112840,112480,112040,111120,110400,111040,111600,112280,111760,111800,112160,111480,111720,112280,111520,111960,112480
107760,113040,112000,110320,112360,114240,111160,112000,111840,112160,113120,111080,111920,112840,112480,112040,111120,110400,111040,111600,112280,111760,111800,112160,111480,111720,112280,111520,111960,112480
107760,113040,112000,110320,112360,114240,111160,112000,111840,112160,113120,111080,111920,112840,112480,112040,111120,110400,111040,111600,112280,111760,111800,112160,111480,111720,112280,111520,111960,112480
107760,113040,112000,110320,112360,114240,111160,112000,111840,112160,113120,111080,111920,112840,112480,112040,111120,110400,111040,111600,112280,111760,111800,112160,111480,111720,112280,111520,111960,112480
107760,113040,112000,110320,112360,114240,111160,112000,111840,112160,113120,111080,111920,112840,112480,112040,111120,110400,111040,111600,112280,111760,111800,112160,111480,111720,112280,111520,111960,112480
107760,113040,112000,110320,112360,114240,111160,112000,111840,112160,113120,111080,111920,112840,112480,112040,111120,110400,111040,111600,112280,111760,111800,112160,111480,111720,112280,111520,111960,112480
