5761.49448709117,867.040787908485,4988.45309131579,5521.97567390064,5106.11431621106,5055.91285359352,5533.67728233762,5406.93226636478,5742.97651656665,5529.26483113994,5667.8071810023,5102.52839968428,6051.61424744415,6279.37117334405,2755.79085102374,6132.64553541033,2299.9463704829,1409.08644479063,5580.33955187232,5556.68120089809,2833.79586027019,4527.20161843415,5679.65040782494,6428.56906173322,5729.992061906,6093.56580845294,5384.28731374784,4973.2883932088,5568.76693800821,5875.52213727581
5761.49448709117,867.040787908485,4988.45309131579,5521.97567390064,5106.11431621106,5055.91285359352,5533.67728233762,5406.93226636478,5742.97651656665,5529.26483113994,5667.8071810023,5102.52839968428,6051.61424744415,5583.35557228812,2755.79085102374,6132.64553541033,2299.9463704829,1409.08644479063,5580.33955187232,5556.68120089809,2833.79586027019,4125.97157463337,5679.65040782494,6199.99665265457,5729.992061906,6093.56580845294,5384.28731374784,4966.83125494412,5568.76693800821,5875.52213727581
5346.10695146575,867.040787908485,4988.45309131579,5521.97567390064,5106.11431621106,5055.91285359352,5533.67728233762,5406.93226636478,5709.29399460046,3138.83276221452,5667.8071810023,5102.52839968428,5925.16879838812,5583.35557228812,2755.79085102374,6132.64553541033,2299.9463704829,1409.08644479063,5580.33955187232,5556.68120089809,2833.79586027019,4125.97157463337,5679.65040782494,6084.40668470504,5404.10309467359,5193.96726434188,5384.28731374784,4966.83125494412,5568.76693800821,5875.52213727581
5346.10695146575,867.040787908485,4988.45309131579,4782.62503362704,1927.34087403924,5055.91285359352,5533.67728233762,5406.93226636478,5709.29399460046,3138.83276221452,5667.8071810023,5102.52839968428,5925.16879838812,5528.41696171092,2755.79085102374,5574.07957677261,2299.9463704829,1409.08644479063,5541.06087906129,4281.49035014607,2833.79586027019,4125.97157463337,5679.65040782494,6084.40668470504,5404.10309467359,5193.96726434188,4936.6991839274,4966.83125494412,867.288675322805,5843.60635946846
5346.10695146575,867.040787908485,4988.45309131579,4782.62503362704,1927.34087403924,5055.91285359352,4971.01352615202,2748.74444794515,5384.45842507154,2760.5058076374,3879.68712302734,4950.65741814343,5884.79330404581,5528.41696171092,2133.18674305208,5426.5602781239,2299.9463704829,1409.08644479063,5540.22633085803,1081.16062732846,2833.79586027019,4125.97157463337,4653.73323377053,5622.10214897243,5237.29989003707,2574.20255847256,4425.81640692357,4564.37931075312,867.288675322805,5843.60635946846
5346.10695146575,867.040787908485,4660.20366946268,3966.47602621079,1927.34087403924,3799.88127697015,4971.01352615202,514.339012465395,5384.45842507154,2760.5058076374,3323.32726010149,4950.65741814343,5515.14572513105,5528.41696171092,2133.18674305208,3797.09057936284,2299.9463704829,496.681632561289,5540.22633085803,1081.16062732846,1051.87371932375,3130.5241358619,4058.98818480856,4092.76300861613,4373.30553204849,2574.20255847256,4225.60996874263,2762.42495496891,867.288675322805,5405.28132200589
5097.28162378608,867.040787908485,3062.13467998239,3279.82283724703,1927.34087403924,3799.88127697015,2481.90036106094,314.966421305752,4929.39755321877,2744.47375678307,3014.01562462613,3446.87859268206,4519.91056463791,5201.33017148227,1065.78890618793,3797.09057936284,1908.79421984328,496.681632561289,5372.05046821837,784.604508889737,197.802840734444,401.943285731288,3961.96835600933,3049.96708959457,3575.21716272128,2574.20255847256,1828.31398034922,2093.51267639412,867.288675322805,1167.01965526745
138.244421847735,168.569161829689,473.2303452876,130.762061386024,766.745180296616,3799.88127697015,130.502760299482,128.401229418764,1699.82624079952,374.379864114354,143.042765670182,529.662294434933,270.60341292936,4758.17993429223,132.251634853521,505.13740067253,459.053304998985,136.013833506382,4433.37954939849,119.854067861168,124.900048275006,131.466984621615,460.019794135324,455.539648236845,475.041028745812,2152.99025326194,399.951325123175,128.991892417347,867.288675322805,475.699455864074
101.673132121184,103.098999552391,330.577349538752,101.271690741524,107.444070460325,3799.88127697015,101.450713304049,102.460056005338,329.397581068235,353.57492097473,101.449904186088,385.911537270391,101.82481638676,524.885259258094,101.646712591215,336.170692786498,359.449031367071,102.001378182846,4433.37954939849,101.814296784965,101.360275209508,102.847571877097,347.425770660088,372.895317695093,338.954639978544,2152.99025326194,336.018853580441,102.391832259628,663.328697385131,348.253879039064
100.742092858823,100.839275629065,318.061436026639,101.132823886362,100.97016495927,3746.05755300766,100.85987181175,100.867112829706,316.631453693694,326.937593686398,100.837677084594,325.247754256727,101.195215618749,323.449266571361,100.950949162719,328.676388362786,317.360517388548,100.840493492809,3727.60827263699,101.019566432681,100.918129749723,100.938007212969,330.629765190074,328.045543499176,305.55119881932,372.672810277542,310.526754280594,100.749087781875,663.328697385131,319.527943109749
100.647974287964,100.664074813095,218.80780360661,100.740798100138,100.635018643666,2438.22288435469,100.67936525165,100.673813910809,235.828807646861,273.448102569901,100.806099312023,268.197370624003,100.718601918857,236.47871914151,100.80785356857,227.926295217339,243.110806763212,100.779058477734,2534.9085727276,100.439637895126,100.65967943223,100.76564001162,219.175295635112,228.207211409278,230.610244002364,311.111341335559,261.436925859434,100.701383487137,663.328697385131,223.640329323773
100.507924656311,100.531365916755,214.429791961403,100.502284809902,100.504750329838,13.22826131077,100.492432736025,100.375166439646,214.222427564942,214.161202317281,100.581851223425,218.166013148481,100.524584524696,213.000296637686,100.563714076843,217.587759382515,214.492899689275,100.441497921689,305.277517187252,100.439637895126,100.532742641789,100.439424360896,212.299182173063,213.401839834567,214.038767111192,211.418718779938,213.58832627259,100.511252086279,5.79099389190287,213.248865163911
100.320301008252,100.408897077236,214.429609456539,100.405426709969,100.384703360124,11.8961630196613,100.46964013455,100.338213329168,214.221867608207,214.158589189306,100.401630192239,218.162084057816,100.372991981734,212.999848025176,100.356860432732,217.587464365112,214.492298309109,100.334491718093,303.854175549281,100.366264159587,100.379855710105,100.359545899697,212.298752366035,213.39997813357,214.038367015602,211.408986786609,213.585818973747,100.389405930158,1.98865202957813,213.248172765593
100.297118812833,100.344982223524,214.429609456532,100.337190180693,100.315325526662,11.8961629305031,100.399552991706,100.316902326363,214.22186760819,214.158589189205,100.363107602236,218.162084055269,100.317252730767,212.999848025158,100.303190223146,217.587464365098,214.492298309095,100.310265462856,303.854175382949,100.31812668339,100.314704289946,100.284420476509,212.298752366021,213.399978132005,214.03836701559,211.408986786124,213.585818973599,100.327128912678,1.98865186955709,213.248172765579
100.288378118322,100.327369827354,214.429609456532,100.319193052896,100.299988361481,11.8961629305022,100.373399324611,100.295701229905,214.22186760819,214.158589189205,100.344159908908,218.162084055269,100.303812737886,212.999848025158,100.291107289118,217.587464365098,214.492298309095,100.297120198346,303.854175382949,100.305316479335,100.297974266504,100.263689327485,212.298752366021,213.399978132005,214.03836701559,211.408986786124,213.585818973599,100.308507469346,1.98865186955663,213.248172765579
100.287110185031,100.326747990036,214.429609456532,100.317705381914,100.298696923574,11.8961629305022,100.371834581303,100.294939084131,214.221867608189,214.158589189205,100.3433437552,218.162084055269,100.302794816993,212.999848025158,100.289751269272,217.587464365098,214.492298309095,100.296034592117,303.854175382949,100.304418413043,100.296705600832,100.262803174987,212.298752366021,213.399978132005,214.03836701559,211.408986786124,213.585818973599,100.307456252612,1.98865186955663,213.248172765579
