599.437126456414,667.580562925709,716.903856080561,557.831609964379,661.314474093199,550.652324410975,643.730227092766,642.3295639195,674.373247121658,502.185265723626,545.966714025536,551.012562166176,662.997836925259,645.477025764706,598.820119758447,561.261443498249,567.842794420655,572.464901575313,677.484872278018,681.917942878849,692.368667170302,618.483946712538,600.195819423639,493.767662002856,656.261899073531,620.959608558798,599.444426227453,616.694027379136,588.471190910757,686.571840516385
322.806052594487,321.653795894423,405.010010789863,326.488024352706,321.754937144989,313.29623947768,331.737045766751,322.005759373424,327.822123917587,320.719330111118,324.779432565766,315.432032075303,320.309381677993,405.465284323738,329.513948773324,317.034247616291,316.249383782233,328.602329209828,322.106304142224,330.631424224785,330.561411010714,319.311935693674,324.733531400088,316.510839940174,404.015250395397,330.684959262735,331.746030732168,330.374182569109,317.975733313157,331.192230895755
301.257791976489,302.361490786762,400.54232456417,301.598376988748,301.672285109294,302.483927907166,302.675851595072,301.909592887585,301.602729707422,301.034198248627,301.499705568933,301.818380565243,301.65269669319,400.429957478588,301.734436932335,302.055924178516,301.625625495376,302.308972221776,301.477224586588,301.817565205091,301.915440152399,301.478246220473,302.01684981796,301.31499602651,400.289561053569,301.462957264793,302.362115319453,301.934193740267,301.31034013015,302.363800922168
300.018946141478,300.019541825504,400.005869900736,300.012786548869,300.016935543306,300.013870911087,300.012025541762,300.015358314388,300.012396135808,300.010686405341,300.019304108954,300.023104013536,300.013461078998,400.005102211905,300.016008009196,300.015234489078,300.018336710092,300.023764970429,300.021201056129,300.020466950432,300.016813517865,300.012500631568,300.022284498769,300.018710369053,400.002415326588,300.022756793579,300.016253135965,300.021048018039,300.014726727446,300.016344278488
300.000000201606,300.000000283527,400.000000061692,300.00000011942,300.000000179602,300.000000290346,300.000000188722,300.00000014961,300.000000123274,300.000000194359,300.000000239481,300.000000223475,300.000000129699,400.000000046649,300.00000027856,300.000000252778,300.000000209012,300.000000219923,300.000000179746,300.000000290246,300.000000298119,300.000000138436,300.000000213574,300.000000179899,400.000000030574,300.000000227321,300.000000211047,300.000000196908,300.000000162476,300.000000197589
300.000000000003,300.000000000003,400,300.000000000004,300.000000000004,300.000000000003,300.000000000004,300.000000000004,300.000000000003,300.000000000004,300.000000000004,300.000000000003,300.000000000004,400.000000000001,300.000000000003,300.000000000003,300.000000000005,300.000000000003,300.000000000003,300.000000000003,300.000000000003,300.000000000004,300.000000000003,300.000000000004,400,300.000000000005,300.000000000003,300.000000000003,300.000000000003,300.000000000004
300.000000000003,300.000000000003,400,300.000000000004,300.000000000004,300.000000000003,300.000000000004,300.000000000004,300.000000000003,300.000000000004,300.000000000004,300.000000000003,300.000000000004,400.000000000001,300.000000000003,300.000000000003,300.000000000005,300.000000000003,300.000000000003,300.000000000003,300.000000000003,300.000000000004,300.000000000003,300.000000000004,400,300.000000000005,300.000000000003,300.000000000003,300.000000000003,300.000000000004
300.000000000003,300.000000000003,400,300.000000000004,300.000000000004,300.000000000003,300.000000000004,300.000000000004,300.000000000003,300.000000000004,300.000000000004,300.000000000003,300.000000000004,400.000000000001,300.000000000003,300.000000000003,300.000000000005,300.000000000003,300.000000000003,300.000000000003,300.000000000003,300.000000000004,300.000000000003,300.000000000004,400,300.000000000005,300.000000000003,300.000000000003,300.000000000003,300.000000000004
300.000000000003,300.000000000003,400,300.000000000004,300.000000000004,300.000000000003,300.000000000004,300.000000000004,300.000000000003,300.000000000004,300.000000000004,300.000000000003,300.000000000004,400.000000000001,300.000000000003,300.000000000003,300.000000000005,300.000000000003,300.000000000003,300.000000000003,300.000000000003,300.000000000004,300.000000000003,300.000000000004,400,300.000000000005,300.000000000003,300.000000000003,300.000000000003,300.000000000004
300.000000000001,300.000000000001,400,300.000000000001,300.000000000001,300.000000000001,300.000000000002,300.000000000001,300.000000000001,300.000000000001,300.000000000001,300.000000000001,300.000000000001,400,300.000000000001,300.000000000001,300.000000000001,300.000000000001,300.000000000001,300.000000000001,300.000000000001,300.000000000001,300.000000000001,300.000000000001,400,300.000000000001,300.000000000001,300.000000000001,300.000000000001,300.000000000001
300.000000000001,300.000000000001,400,300.000000000001,300.000000000001,300.000000000001,300.000000000001,300.000000000001,300.000000000001,300.000000000001,300.000000000001,300.000000000001,300.000000000001,400,300.000000000001,300.000000000001,300.000000000001,300.000000000001,300.000000000001,300.000000000001,300.000000000001,300.000000000001,300.000000000001,300.000000000001,400,300.000000000001,300.000000000001,300.000000000001,300.000000000001,300.000000000001
300.000000000001,300.000000000001,400,300.000000000001,300.000000000001,300.000000000001,300.000000000001,300.000000000001,300.000000000001,300.000000000001,300.000000000001,300.000000000001,300.000000000001,400,300.000000000001,300.000000000001,300.000000000001,300.000000000001,300.000000000001,300.000000000001,300.000000000001,300.000000000001,300.000000000001,300.000000000001,400,300.000000000001,300.000000000001,300.000000000001,300.000000000001,300.000000000001
300.000000000001,300.000000000001,400,300.000000000001,300.000000000001,300.000000000001,300.000000000001,300.000000000001,300.000000000001,300.000000000001,300.000000000001,300.000000000001,300.000000000001,400,300.000000000001,300.000000000001,300.000000000001,300.000000000001,300.000000000001,300.000000000001,300.000000000001,300.000000000001,300.000000000001,300.000000000001,400,300.000000000001,300.000000000001,300.000000000001,300.000000000001,300.000000000001
300.000000000001,300.000000000001,400,300.000000000001,300.000000000001,300.000000000001,300.000000000001,300.000000000001,300.000000000001,300.000000000001,300.000000000001,300.000000000001,300.000000000001,400,300.000000000001,300.000000000001,300.000000000001,300.000000000001,300.000000000001,300.000000000001,300.000000000001,300.000000000001,300.000000000001,300.000000000001,400,300.000000000001,300.000000000001,300.000000000001,300.000000000001,300.000000000001
