486.603251441772,374.864007152931,594.448478513847,311.749053833288,973.443380888134,503.459181634918,405.445828707133,464.736597755408,480.215321023271,407.419042164577,410.053745980721,640.047352545949,485.916164025239,391.295973211831,517.196873820434,654.070992148844,860.756998866132,400.673322399603,382.480589744289,568.462895847922,307.52962834986,410.444142545975,258.616492256865,398.905790125792,598.411379904916,418.848522093062,377.506029186697,657.880802839204,474.219861561302,636.306790681677
486.603251441772,374.864007152931,392.793654382812,311.749053833288,399.514993937025,313.738947367563,405.445828707133,464.736597755408,480.215321023271,333.727375516265,410.053745980721,640.047352545949,343.653185383381,391.295973211831,386.519224754212,540.582365247219,860.756998866132,379.856943710643,359.393037941255,427.866814544758,256.012351441911,279.047047710443,258.616492256865,335.731238112364,481.011577735423,339.11544594745,377.506029186697,464.352854215749,474.219861561302,487.868583459807
402.522685505551,365.257626149337,392.793654382812,311.749053833288,399.514993937025,313.738947367563,405.445828707133,432.599948062505,437.707729166079,333.727375516265,400.431372600051,403.765573330459,247.600425588642,391.295973211831,386.519224754212,479.12402389463,476.966032013424,265.008806839747,359.393037941255,323.440563877327,256.012351441911,279.047047710443,258.616492256865,335.731238112364,419.641481192326,321.249894782674,377.506029186697,464.352854215749,474.219861561302,383.963949606732
299.446278806846,311.08437314548,392.793654382812,311.749053833288,394.340214958375,313.738947367563,405.445828707133,285.259202136393,386.045646887712,333.727375516265,330.596680656851,327.562147823829,247.600425588642,381.57996467413,373.518743613159,325.662245397929,476.966032013424,265.008806839747,359.393037941255,323.440563877327,256.012351441911,253.121409300813,258.616492256865,307.591248473715,419.641481192326,282.385729792936,355.714653031638,464.352854215749,474.219861561302,313.846972635065
255.99957807259,250.252690155027,253.941207397133,311.749053833288,297.417336111317,313.738947367563,322.748333928516,245.963266075789,311.706583406405,225.174755006133,304.108748045694,318.666946345375,247.600425588642,264.777733497199,276.5615676777,325.662245397929,381.70458732188,265.008806839747,226.782141139696,236.307912353357,256.012351441911,253.121409300813,234.234945424314,286.505203741378,419.641481192326,264.979581549543,241.309804185242,356.259794476231,375.714141045455,280.972681047376
217.51051295866,223.939909195245,242.356879295824,223.455359091998,292.717909411471,257.654600993335,214.944024229639,233.842913376348,230.102404668174,201.479720150238,209.156094851309,246.706790212713,247.600425588642,234.786027257841,221.776258526997,233.408466688006,240.12438119589,265.008806839747,201.123265190958,205.065263214719,251.949903989243,198.443993305743,214.601693602349,246.871587421708,267.39441340848,253.38677815087,241.309804185242,202.915512234266,252.417997265016,224.920626311779
205.071651094317,195.124510540928,196.476976172735,200.767692004251,221.571862166027,235.371567408623,187.264570792221,194.439523599038,193.998428044643,178.985225388441,182.592307596718,232.86297961216,218.330313879326,208.873161495368,208.567161397327,215.594817170751,218.364835383565,219.936689361327,189.203306699439,201.619614750512,203.637596964066,190.519149495649,195.570606564562,210.260960748699,191.107795442049,217.344852932191,202.326252626226,194.98514048048,252.417997265016,200.082484359555
175.993499634209,174.730239184236,181.405204921648,182.772030387957,183.422067363136,181.055838508153,176.137220217385,181.636891675018,178.6511593547,176.239037591637,174.920326096521,178.832879315006,183.55782314606,184.306861375223,182.555015149744,178.84339700549,185.284051149798,175.7102923257,176.539205384802,174.030146484246,174.986457486717,173.347029746255,176.684882673442,174.883063645425,174.224878540235,183.450574198417,176.328874885581,191.526323670538,196.349707816385,183.035157441139
166.579346936479,170.300108487522,168.87644450561,169.890228446239,170.976110504478,168.113804761809,169.895981415415,168.204513112596,167.615889542533,167.803336173146,166.091732059208,167.182800965918,171.651147146257,169.772713041554,168.363021574343,170.676629306601,169.202835043845,171.28224829855,168.913770926572,168.54988283516,169.546095007482,168.074370882252,166.797764469869,168.917380561214,169.247385254645,168.825335768945,170.783447784146,176.211602928673,172.406625704335,169.161772233832
165.134072505922,165.101623599495,165.073256540032,165.077960281987,165.142566175049,165.073744717681,165.443150602699,165.019261770706,165.06820203243,165.002407690043,164.995857984679,165.174132740497,165.034854437798,165.048960339372,164.997125242882,166.599649565803,165.042408318028,165.002041654143,165.024540092205,165.058950158205,165.118248222902,164.926545234342,165.054033932368,165.088390876804,165.530779376356,166.717517448094,165.05318872115,165.475044131146,165.329682708983,164.940261068566
164.931463794695,164.932554682037,164.931942140906,164.922646109772,164.933774020743,164.931917138485,165.215862219396,164.922179783741,164.97661477262,164.922623463525,164.922238433807,164.93330957182,164.931998730387,164.931888001973,164.922692812309,165.21908952784,164.931943543916,164.922464100706,164.931397548213,164.931208746708,164.922551173365,164.849539315037,164.931711291242,164.93170490953,165.214559086394,166.59625244923,164.922546675877,165.218509308407,164.923970360097,164.277170424021
164.931008248139,164.931008381081,164.93100822114,164.921941847718,164.931008286323,164.931008324442,165.212613883643,164.921941671185,164.975867960636,164.921941775749,164.921941647332,164.931008232204,164.931008549116,164.931008195704,164.92194193828,165.212619633628,164.931008336252,164.921941925719,164.931008135852,164.931008113439,164.921942056457,164.849257574604,164.931008009448,164.931008161317,165.212616989402,166.593791873713,164.921941713715,165.212617968103,164.921942915676,164.264957725763
164.931007902908,164.931007902914,164.931007902909,164.921941568001,164.93100790291,164.931007902908,165.212605598648,164.921941568001,164.975867633905,164.921941568002,164.921941568,164.931007902909,164.931007902909,164.931007902908,164.921941568002,165.212605599151,164.931007902911,164.921941568002,164.931007902909,164.931007902908,164.921941568003,164.849257520134,164.931007902909,164.931007902909,165.212605598499,166.593784869627,164.921941568001,165.212605598989,164.921941568007,164.264926073785
164.931007902907,164.931007902907,164.931007902907,164.921941568,164.931007902907,164.931007902907,165.212605597661,164.921941568,164.975867633901,164.921941568,164.921941568,164.931007902907,164.931007902907,164.931007902907,164.921941568,165.212605597661,164.931007902907,164.921941568,164.931007902907,164.931007902907,164.921941568,164.849257520134,164.931007902907,164.931007902907,165.212605597661,166.593784869251,164.921941568,165.212605597661,164.921941568,164.264926067347
164.931007902907,164.931007902907,164.931007902907,164.921941568,164.931007902907,164.931007902907,165.212605597661,164.921941568,164.975867633901,164.921941568,164.921941568,164.931007902907,164.931007902907,164.931007902907,164.921941568,165.212605597661,164.931007902907,164.921941568,164.931007902907,164.931007902907,164.921941568,164.849257520134,164.931007902907,164.931007902907,165.212605597661,166.593784869251,164.921941568,165.212605597661,164.921941568,164.264926067347
164.931007902907,164.931007902907,164.931007902907,164.921941568,164.931007902907,164.931007902907,165.212605597661,164.921941568,164.975867633901,164.921941568,164.921941568,164.931007902907,164.931007902907,164.931007902907,164.921941568,165.212605597661,164.931007902907,164.921941568,164.931007902907,164.931007902907,164.921941568,164.849257520134,164.931007902907,164.931007902907,165.212605597661,166.593784869251,164.921941568,165.212605597661,164.921941568,164.264926067347
