1474.47715401438,2192.00715437723,457.508192585444,2450.69398344176,655.798336437055,3238.75564513045,1051.05533786192,1554.22441282182,758.360322580895,1205.82617451129,3835.09406203767,2521.2795708217,924.846477149506,2345.55020795984,1465.04263707182,1323.82693983069,774.274773276727,1149.43003399163,1742.53503112144,1858.81988706983,1108.59991976389,1863.55461855792,1290.41299930427,724.847023362523,1241.952307864,1610.33182253235,1741.79452186254,1413.66396053441,1762.02113282529,371.313513773917
617.486330419111,1225.23885205667,327.491309826887,1579.12715113533,655.798336437055,2050.37160732885,1051.05533786192,613.736589814941,758.360322580895,1205.82617451129,2470.90327562648,2033.44550386282,924.846477149506,2345.55020795984,599.079572053808,1323.82693983069,774.274773276727,1149.43003399163,1742.53503112144,1858.81988706983,858.341692892676,1700.11682164021,1290.41299930427,724.847023362523,1241.952307864,1610.33182253235,592.194661066394,1413.66396053441,1762.02113282529,371.313513773917
617.486330419111,634.798908785508,327.491309826887,1579.12715113533,655.798336437055,1941.10374926134,847.769368137232,410.844868404612,758.360322580895,310.624643897625,469.776040516012,1189.80425216683,924.846477149506,1625.0933001043,599.079572053808,711.591416201481,774.274773276727,1149.43003399163,737.736307393282,886.306899129695,605.089063346888,1068.77273457357,366.099251733315,724.847023362523,1241.952307864,353.704172522253,592.194661066394,1014.12985228575,1762.02113282529,371.313513773917
310.638012683253,634.798908785508,181.955316202285,317.754423315346,655.798336437055,1065.67735021052,587.587272874312,410.844868404612,551.341296035551,310.624643897625,469.776040516012,1058.60580140563,520.061744529639,1522.28797219983,599.079572053808,209.527920846392,774.274773276727,686.609106776484,695.487808168204,616.799333226118,334.342010181649,997.670323734874,366.099251733315,477.964758527103,704.651775117394,353.704172522253,592.194661066394,1014.12985228575,984.977042565149,371.313513773917
114.447709890962,634.798908785508,181.955316202285,295.775131414628,296.108333439215,433.25751255402,500.601273901812,160.809110206007,380.883504137559,310.624643897625,469.776040516012,477.409375413021,520.061744529639,222.749050100612,350.212628184933,115.42598735761,539.430223188843,304.456454050343,695.487808168204,525.253428482809,274.684446094978,695.354816472397,204.190881035741,278.621882052732,557.908414396872,207.887344888765,457.690845912772,671.641051949062,429.156690144021,322.829320797915
111.084971306233,316.393711160801,171.827532450489,271.574391469881,151.306127766571,144.753645381737,201.04602142834,91.1368442708283,263.693153863049,310.372360282058,161.529636997649,209.858057666147,520.061744529639,105.949847486928,141.498684871516,115.42598735761,229.756458681449,186.035762502037,366.367706197914,193.416057722942,104.21907170785,269.977891333132,204.190881035741,223.112663176555,430.017119832736,207.887344888765,174.588772089116,272.634412724797,221.006816563074,101.831380565589
36.47966943046,91.8617493069539,69.9456341004019,104.011407912902,57.7456323866799,92.3350264975041,70.3039964011941,63.5035446186342,94.8612002711506,115.363026697791,122.406771331811,113.963937614496,173.794688097288,105.949847486928,88.2249286809741,78.5549840534954,70.1384549920129,82.6258495902869,181.862114930664,92.1127892302405,60.8947319234815,113.132838697979,82.8795655173881,119.728517808242,175.214312039773,120.213382115634,108.313041467238,101.989062248504,96.9969636509434,89.919685163449
19.4812097990927,73.5748403126493,19.0617836154134,57.5588687846107,54.351732015658,16.2976695689711,42.8545913592528,15.8751721992939,73.2204278006194,16.9415487487376,21.6176673255486,48.7691776238649,31.199758650231,85.6256841140135,54.484611562103,78.5549840534954,21.6517487055037,55.5351039508278,70.8007850584082,28.0724828660581,15.4581761870586,73.7254322671792,72.8270353114513,42.7991440569611,68.1433557733031,63.5321007968615,44.9888408586509,57.4656061030822,41.8262697132187,20.1350225803828
9.67758589945618,4.82096208789244,9.93167707452091,5.11234029810203,0.829439112535283,0.346385075885848,1.62265998539795,9.4317961829172,1.24442193106466,9.79685695500638,6.3589153660721,6.07618137617294,4.77310872119847,32.8234501953329,12.3926185477628,2.69225913373214,10.4488985427976,18.2222269808159,2.73049700145964,1.06843746255259,9.71156991085519,9.02785232847265,1.3513217289551,1.51925678171807,8.67503699251444,5.47746357842266,0.518309317704279,1.75947182362944,1.31351888892596,10.1011513629659
8.94907139410992,4.13374706735647,8.94886216140657,4.22457807092508,0.0740739239156483,0.0417011159765366,0.2201452803954,8.94254096775535,0.076813727823037,8.95393272368733,4.44084285939164,4.3328513890101,0.289722710977458,0.072471801769268,0.364414029449506,0.196398020127447,8.95463292047799,0.444901536500765,0.0803108290187424,0.0948152517927383,8.94545421543739,4.36710803923455,0.151830924284411,0.0272896654954025,0.507812959318869,0.231086879346208,0.0417395928441238,0.317280978685687,0.250556945743199,8.94176058083178
8.91625942490793,3.98668065257402,8.91621168749168,3.98665510320228,4.92120744866043e-05,2.06327981118193e-05,0.000138850613495833,8.91621120431802,8.35327705317468e-05,8.91626804813677,3.98672788495304,3.98670633891328,0.000259954602086054,0.000229079383245789,0.000270578594097515,0.00197290412677376,8.91625914562445,0.00224784321790139,0.000482983239578516,2.94408111471967e-05,8.91624643090825,3.98664970497896,0.000148236231154897,7.52954825884444e-05,0.00208805385005917,0.00051874268984875,0.000107774014963979,0.000263397643436747,0.000173699746255807,8.91625364725951
8.91610197365191,3.98657913062442,8.91610197800338,3.98657911645273,2.95199242827948e-09,1.6248691281362e-09,4.91240825795103e-09,8.91610195921709,1.49171341945475e-08,8.91610196903383,3.98657912596241,3.98657913096412,1.2859914022556e-08,1.72078671312192e-08,1.11681401904207e-08,3.29056888404011e-08,8.91610197107491,3.16975956593524e-08,1.46391130328993e-08,1.55819179781247e-09,8.91610197944931,3.98657913001153,1.45381591210025e-08,4.11205292039085e-09,3.3214462291653e-08,1.89722868526587e-08,4.27996837970568e-09,1.86232114174345e-08,1.43184024636867e-08,8.91610196545912
8.91610192778148,3.98657911234716,8.91610192778148,3.98657911234716,0,0,0,8.91610192778137,0,8.91610192778143,3.98657911234716,3.98657911234716,0,0,0,0,8.91610192778148,0,0,0,8.91610192778137,3.98657911234716,0,0,0,0,0,0,0,8.91610192778154
8.91610192778131,3.98657911234716,8.91610192778131,3.98657911234716,0,0,0,8.91610192778131,0,8.91610192778131,3.98657911234716,3.98657911234716,0,0,0,0,8.91610192778131,0,0,0,8.91610192778131,3.98657911234716,0,0,0,0,0,0,0,8.91610192778131
8.91610192778131,3.98657911234716,8.91610192778131,3.98657911234716,0,0,0,8.91610192778131,0,8.91610192778131,3.98657911234716,3.98657911234716,0,0,0,0,8.91610192778131,0,0,0,8.91610192778131,3.98657911234716,0,0,0,0,0,0,0,8.91610192778131
8.91610192778131,3.98657911234716,8.91610192778131,3.98657911234716,0,0,0,8.91610192778131,0,8.91610192778131,3.98657911234716,3.98657911234716,0,0,0,0,8.91610192778131,0,0,0,8.91610192778131,3.98657911234716,0,0,0,0,0,0,0,8.91610192778131
