109.125741889693,89.1192785574728,88.1248121106605,120.124277897504,95.2735724152507,77.247876650332,93.0483428849016,113.788113103052,100.864710945488,106.757424314102,98.258663316505,93.7675138289299,131.579824048831,89.9485659065638,83.9623083068755,90.8817080036599,92.4106266661124,105.715558779603,163.649102197619,78.2894301219562,111.549288658804,93.9365582253558,91.6821060848232,101.110265798457,105.484731261833,95.5774746893312,81.0630362218112,91.1959020385581,93.9899698986786,93.9519745541069
50.6139756559202,51.1338017627154,50.6251032248202,50.6896158025586,47.6620184914819,50.688224492096,50.8436355568959,51.3013911219116,50.6547717034586,51.2274906786546,51.7555947907414,50.6248577807776,51.5037437834015,50.9454824272998,51.282814967848,50.5274021584279,50.5079838459308,49.3956992514228,50.9574969742188,50.4559607645919,51.38368627406,50.8051006108594,50.4355213857202,51.3814381104817,51.2605774871499,51.4862432235739,50.5624557416322,51.3007178171334,50.764524778408,50.351600823407
49.1693568684419,49.1808442298502,49.2091174989799,49.1752959113812,45.0573502497291,49.1955065149049,49.1489906200063,49.2588316442463,45.153879938459,49.2334131942907,49.2245490791656,45.0795210938908,49.1896113230729,49.237332658202,49.1736775597402,49.1997674802212,45.6334755291803,45.1085325102993,49.1733729297868,45.3113619598722,49.1797628290388,49.2227841621259,49.1896368818299,46.2075917778877,49.1622035339897,49.2363825417324,49.1729628139433,49.2076940385212,49.1392880705574,49.1850550675493
49.0849966940181,49.0849882903834,49.0849240326272,49.0849005347255,44.8961846132224,49.0850493082933,49.0846674202755,49.0854567115671,44.896164264984,49.0849991147745,49.0852484042884,44.8962539627144,49.0848731665475,44.9025926649092,49.0848315431884,49.0849288928513,44.896833912645,44.8962012147986,49.084951387251,44.8965369061424,49.0849282232932,49.0850015292571,49.0847917413546,44.8974600893528,49.0849899891279,49.0851411255306,49.0849184405488,49.0849383897693,49.0849427236342,49.0846881433678
49.0844789799139,49.0844789800114,49.0844789798032,49.0844789799739,44.895469318255,49.0844789798121,49.0844789798644,49.0844789801341,44.8954693181599,49.0844789802313,49.0844789801318,44.8954693182683,49.0844789797328,44.8954693229753,49.0844789799373,49.0844789798143,44.8954693185173,44.8954693179707,49.0844789798967,44.895469318795,49.0844789799092,49.0844789798142,49.0844789798612,44.895469318897,49.0844789799904,49.0844789799283,49.0844789797487,49.0844789799684,49.0844789798162,49.0844789797338
49.0844789794812,49.0844789794812,49.0844789794812,49.0844789794812,44.8954693174513,49.0844789794812,49.0844789794812,49.0844789794812,44.8954693174513,49.0844789794813,49.0844789794812,44.8954693174513,49.0844789794812,44.8954693174513,49.0844789794812,49.0844789794812,44.8954693174513,44.8954693174513,49.0844789794812,44.8954693174513,49.0844789794812,49.0844789794812,49.0844789794812,44.8954693174514,49.0844789794812,49.0844789794812,49.0844789794812,49.0844789794812,49.0844789794812,49.0844789794812
49.0844789794812,49.0844789794812,49.0844789794812,49.0844789794812,44.8954693174513,49.0844789794812,49.0844789794812,49.0844789794812,44.8954693174513,49.0844789794813,49.0844789794812,44.8954693174513,49.0844789794812,44.8954693174513,49.0844789794812,49.0844789794812,44.8954693174513,44.8954693174513,49.0844789794812,44.8954693174513,49.0844789794812,49.0844789794812,49.0844789794812,44.8954693174513,49.0844789794812,49.0844789794812,49.0844789794812,49.0844789794812,49.0844789794812,49.0844789794812
49.0844789794812,49.0844789794812,49.0844789794812,49.0844789794812,44.8954693174513,49.0844789794812,49.0844789794812,49.0844789794812,44.8954693174513,49.0844789794813,49.0844789794812,44.8954693174513,49.0844789794812,44.8954693174513,49.0844789794812,49.0844789794812,44.8954693174513,44.8954693174513,49.0844789794812,44.8954693174513,49.0844789794812,49.0844789794812,49.0844789794812,44.8954693174513,49.0844789794812,49.0844789794812,49.0844789794812,49.0844789794812,49.0844789794812,49.0844789794812
49.0844789794812,49.0844789794812,49.0844789794812,49.0844789794812,44.8954693174513,49.0844789794812,49.0844789794812,49.0844789794812,44.8954693174513,49.0844789794812,49.0844789794812,44.8954693174513,49.0844789794812,44.8954693174513,49.0844789794812,49.0844789794812,44.8954693174513,44.8954693174513,49.0844789794812,44.8954693174513,49.0844789794812,49.0844789794812,49.0844789794812,44.8954693174513,49.0844789794812,49.0844789794812,49.0844789794812,49.0844789794812,49.0844789794812,49.0844789794812
49.0844789794812,49.0844789794812,49.0844789794812,49.0844789794812,44.8954693174513,49.0844789794812,49.0844789794812,49.0844789794812,44.8954693174513,49.0844789794812,49.0844789794812,44.8954693174513,49.0844789794812,44.8954693174513,49.0844789794812,49.0844789794812,44.8954693174513,44.8954693174513,49.0844789794812,44.8954693174513,49.0844789794812,49.0844789794812,49.0844789794812,44.8954693174513,49.0844789794812,49.0844789794812,49.0844789794812,49.0844789794812,49.0844789794812,49.0844789794812
49.0844789794812,49.0844789794812,49.0844789794812,49.0844789794812,44.8954693174513,49.0844789794812,49.0844789794812,49.0844789794812,44.8954693174513,49.0844789794812,49.0844789794812,44.8954693174513,49.0844789794812,44.8954693174513,49.0844789794812,49.0844789794812,44.8954693174513,44.8954693174513,49.0844789794812,44.8954693174513,49.0844789794812,49.0844789794812,49.0844789794812,44.8954693174513,49.0844789794812,49.0844789794812,49.0844789794812,49.0844789794812,49.0844789794812,49.0844789794812
49.0844789794812,49.0844789794812,49.0844789794812,49.0844789794812,44.8954693174513,49.0844789794812,49.0844789794812,49.0844789794812,44.8954693174513,49.0844789794812,49.0844789794812,44.8954693174513,49.0844789794812,44.8954693174513,49.0844789794812,49.0844789794812,44.8954693174513,44.8954693174513,49.0844789794812,44.8954693174513,49.0844789794812,49.0844789794812,49.0844789794812,44.8954693174513,49.0844789794812,49.0844789794812,49.0844789794812,49.0844789794812,49.0844789794812,49.0844789794812
49.0844789794812,49.0844789794812,49.0844789794812,49.0844789794812,44.8954693174513,49.0844789794812,49.0844789794812,49.0844789794812,44.8954693174513,49.0844789794812,49.0844789794812,44.8954693174513,49.0844789794812,44.8954693174513,49.0844789794812,49.0844789794812,44.8954693174513,44.8954693174513,49.0844789794812,44.8954693174513,49.0844789794812,49.0844789794812,49.0844789794812,44.8954693174513,49.0844789794812,49.0844789794812,49.0844789794812,49.0844789794812,49.0844789794812,49.0844789794812
49.0844789794812,49.0844789794812,49.0844789794812,49.0844789794812,44.8954693174513,49.0844789794812,49.0844789794812,49.0844789794812,44.8954693174513,49.0844789794812,49.0844789794812,44.8954693174513,49.0844789794812,44.8954693174513,49.0844789794812,49.0844789794812,44.8954693174513,44.8954693174513,49.0844789794812,44.8954693174513,49.0844789794812,49.0844789794812,49.0844789794812,44.8954693174513,49.0844789794812,49.0844789794812,49.0844789794812,49.0844789794812,49.0844789794812,49.0844789794812
