124.817795445344,104.203117185227,90.273446020342,118.232750514464,109.494841587548,97.0202238476924,112.981359373123,109.76850842024,106.41173110958,99.0628508741826,111.744910912772,99.3688913653473,100.608522124179,84.3506717686965,123.362738781424,104.661799608655,95.1680285672713,69.8132517026571,110.679627254601,92.8404133710517,104.293688298825,104.540253292283,115.431978557006,103.169013937042,121.876825331623,97.0758941085151,114.657556326255,100.954024323203,126.900481165225,115.210042525168
124.817795445344,93.8238247658252,90.273446020342,116.094258772462,109.494841587548,78.5083331460737,112.981359373123,109.76850842024,103.004999697523,95.693173389754,111.744910912772,99.3688913653473,100.608522124179,84.3506717686965,97.2118056460405,104.661799608655,95.1680285672713,69.8132517026571,110.679627254601,92.8404133710517,91.5378181750013,104.540253292283,102.730678726794,103.169013937042,121.876825331623,78.6439382183328,114.657556326255,81.8048627828572,89.7246687859695,102.101680222102
124.817795445344,93.8238247658252,90.273446020342,91.6340432176771,109.494841587548,77.7922745560528,102.661437024784,109.76850842024,98.7236491804439,88.2646819791267,111.744910912772,99.3688913653473,100.608522124179,84.3506717686965,68.8512661907698,97.1792337933832,78.9335708965159,69.8132517026571,99.9020346557857,92.8404133710517,91.5378181750013,90.2565338467807,81.8688874215898,88.3967548891401,106.821223177717,78.6439382183328,99.9325128907402,81.8048627828572,89.7246687859695,99.0371352253985
107.183877294253,84.0482877361712,90.273446020342,75.9282749462751,86.3504652237993,70.1320641736406,76.3186386781398,99.8102779038547,98.7236491804439,80.231516568951,99.6585707105179,97.2095783275297,84.6850618279419,84.3506717686965,68.2691772677449,95.4361599225326,78.9335708965159,69.8132517026571,80.5766758540891,92.8404133710517,91.5378181750013,83.1908602302004,77.4141305197561,88.3967548891401,96.4061951439104,78.6439382183328,92.8599746281894,75.18201004452,89.7246687859695,93.5057666955692
79.6764942966998,65.8075481958733,60.668594420721,75.9282749462751,86.3504652237993,68.97963479835,76.3186386781398,82.7586181948695,76.9565233356417,63.3393727510587,93.4097032195734,64.2695825555113,84.6850618279419,67.300407886037,68.2691772677449,86.331836335479,78.9335708965159,68.0357266231204,72.419322395855,73.0722245408318,73.5285282655923,83.1908602302004,59.2904688793553,71.6192622209571,82.2216735268,67.2700835760158,77.0730939022519,75.18201004452,82.6554839935187,83.4738026442824
76.870307020195,62.6795667904012,60.668594420721,65.9397365898287,55.837603692471,41.3609639383047,72.0982184858243,77.2445955507297,73.1213767326494,60.085363622483,89.2263766928719,52.9774600036502,74.0625141146019,62.1825933497776,47.1091428842354,73.1377292406144,78.9335708965159,56.6800440955047,57.392362857591,64.8066104746619,73.5285282655923,74.9182024799175,48.2523546322523,50.2665326839855,62.308989333569,51.3194931139598,76.9741140161958,68.1622414112002,73.8077486742104,62.4240407495695
62.389855967655,21.3180900508034,22.6759844161444,40.1570787639373,39.8621454384725,22.0561340407812,31.5730795937021,36.631283980219,32.5851280601646,27.3309024739934,62.9572337776821,34.8913999625934,30.079665209248,33.0507258410822,28.5904157823402,35.7049205541907,35.7355045096425,26.0950284626028,28.6830400407918,37.0295576832845,73.5285282655923,36.1238210458077,28.0874652969978,32.3772829473976,25.7321300183665,30.3596248309436,45.2490932034345,31.9676602099674,41.5090220064228,22.9836047040824
38.5500172270557,6.47642949476949,6.31008420318472,9.74542212127596,6.79905838958575,10.0501487406478,8.40235053948936,9.34452058567399,10.4549817890049,5.92061142414616,49.4171652396217,10.4597818517617,7.7410866347717,10.7284163037783,5.70246919037174,10.0766207872272,11.6420515620376,3.93228066994834,9.62877528324896,12.408850469587,46.8264386962235,9.06370366011981,9.48747779258622,6.79078410150055,7.16187993212475,5.32573137937572,9.14565677764858,9.88482724516587,11.3985531466068,10.8866961960889
12.3805724845448,1.81359204200874,1.81030059153966,1.88371359387895,2.05104528518143,1.96584644383438,1.96191282377151,1.43050010693185,1.95596377369031,1.77738801347368,15.9232402086046,1.51211145168304,2.41922803905027,1.9349161952025,1.48951750032415,1.90411326953006,1.9880993846449,1.72429896261974,2.34095855631426,2.00812864963279,15.7342268931109,2.28456968127136,1.98968722035772,1.66888828838705,1.70959112676439,1.92709471433523,2.02304527881302,1.90693313814438,1.6949563555105,1.95108309916805
1.61385180579975,0.176154813621224,0.191506271681192,0.193332201579437,0.109409184724541,0.202990418572881,0.203402378675946,0.165268169988963,0.185319529693402,0.14825352535604,4.26121987041449,0.185081770154625,0.226025801348214,0.245009926749844,0.131650399548448,0.131813077514153,0.190549472698535,0.203986698626409,0.238004571206829,0.201755916299248,2.61711964184076,0.163861808027491,0.1419488289323,0.150446703987768,0.114847556945733,0.155565830684623,0.198514812279768,0.150679530883167,0.195161456386927,0.160607573178254
0.210636180057804,0.00148819530681976,0.00248447994522394,0.00271631604766753,0.00231723513059023,0.00194626599557068,0.0025632783177798,0.00314761269362407,0.00295795349779837,0.00302736688092864,1.09646958455414,0.00250813818252027,0.00405681181860018,0.00324998280666478,0.00138983095712319,0.00252578299398465,0.00217523580465695,0.0023058425937279,0.0023239118776246,0.0028589143201998,0.291134609848768,0.00291412423689508,0.00274507397011803,0.00181396724235583,0.00212377603043024,0.00253290305647624,0.00420759280791572,0.0032597158470935,0.00278227771411821,0.00264705211725413
0.00414806903779663,9.81368771135749e-07,2.4201447104133e-06,1.71776753177255e-06,1.43170768751588e-06,8.24368385110574e-07,4.97524831644114e-06,2.70756527243066e-06,2.35937966408528e-06,1.05251865534228e-06,0.415724674468379,5.60118905923446e-07,1.14649571969494e-06,1.92188281289418e-06,9.23558445720118e-07,6.57173700346902e-07,1.86507304533734e-06,1.08782182905998e-06,1.79221171947574e-06,1.2505929589679e-06,0.00634695367148197,1.06859647530655e-06,1.06635707197711e-06,1.23782945138373e-06,8.03184775577392e-07,2.05851415557845e-06,5.10870711423195e-06,1.83943336651282e-06,5.71716384456522e-06,1.29584418573359e-06
8.86304030700558e-06,1.13686837721616e-13,1.13686837721616e-13,1.13686837721616e-13,1.13686837721616e-13,1.13686837721616e-13,2.27373675443232e-13,2.27373675443232e-13,1.13686837721616e-13,1.13686837721616e-13,0.318695145792503,1.13686837721616e-13,1.13686837721616e-13,1.13686837721616e-13,1.13686837721616e-13,1.13686837721616e-13,1.13686837721616e-13,1.13686837721616e-13,1.13686837721616e-13,1.13686837721616e-13,1.43629388276167e-05,1.13686837721616e-13,1.13686837721616e-13,1.13686837721616e-13,1.13686837721616e-13,2.27373675443232e-13,2.27373675443232e-13,1.13686837721616e-13,1.13686837721616e-13,1.13686837721616e-13
3.19545279126032e-07,1.13686837721616e-13,1.13686837721616e-13,1.13686837721616e-13,1.13686837721616e-13,1.13686837721616e-13,1.13686837721616e-13,1.13686837721616e-13,1.13686837721616e-13,1.13686837721616e-13,0.31429301543335,1.13686837721616e-13,1.13686837721616e-13,1.13686837721616e-13,1.13686837721616e-13,1.13686837721616e-13,1.13686837721616e-13,1.13686837721616e-13,1.13686837721616e-13,1.13686837721616e-13,8.16440888229408e-08,1.13686837721616e-13,1.13686837721616e-13,1.13686837721616e-13,1.13686837721616e-13,1.13686837721616e-13,1.13686837721616e-13,1.13686837721616e-13,1.13686837721616e-13,1.13686837721616e-13
3.19085188493773e-07,0,1.13686837721616e-13,1.13686837721616e-13,1.13686837721616e-13,1.13686837721616e-13,1.13686837721616e-13,1.13686837721616e-13,1.13686837721616e-13,1.13686837721616e-13,0.314291394474594,1.13686837721616e-13,1.13686837721616e-13,1.13686837721616e-13,1.13686837721616e-13,0,1.13686837721616e-13,1.13686837721616e-13,1.13686837721616e-13,1.13686837721616e-13,8.07542619440937e-08,1.13686837721616e-13,1.13686837721616e-13,1.13686837721616e-13,1.13686837721616e-13,1.13686837721616e-13,1.13686837721616e-13,1.13686837721616e-13,1.13686837721616e-13,1.13686837721616e-13
3.18969910040323e-07,0,1.13686837721616e-13,0,1.13686837721616e-13,1.13686837721616e-13,0,1.13686837721616e-13,1.13686837721616e-13,0,0.314291380035456,0,0,1.13686837721616e-13,0,0,1.13686837721616e-13,0,1.13686837721616e-13,1.13686837721616e-13,8.07542619440937e-08,1.13686837721616e-13,1.13686837721616e-13,1.13686837721616e-13,1.13686837721616e-13,1.13686837721616e-13,1.13686837721616e-13,0,0,0
