131.044271604572,124.892896882604,120.991821143884,145.287689561885,128.919047617072,130.650688746791,125.069559025336,134.557851079521,129.531052595549,125.215557527269,132.537887452532,129.556158445052,121.873135173362,136.370552879446,143.424341906659,143.9558478508,129.462276294597,128.307225472641,150.381196024859,144.669030605171,133.355465790049,102.646803002242,140.074361217763,137.358193836256,140.05574882467,139.318422857578,133.085650817663,118.275612423883,136.507139267353,141.29474900063
124.219323242645,113.665185463187,118.351904398641,127.627661417695,112.554590178931,126.241277545462,96.1612921060002,110.258008097702,98.6337361242895,110.781061740954,109.054446302973,118.376855768726,113.357342584839,112.832114676006,126.732190176139,107.589487929071,97.4381368883506,106.146956721807,108.556674784145,102.549680692775,122.757528079677,102.646803002242,101.125652755039,105.039567332075,104.675226656951,91.9660632018092,103.241580747072,113.204067449084,107.088961840407,80.1470275223892
110.4477752517,108.69094198507,107.98280774478,97.9815106791631,106.03761677384,107.980150518086,96.1612921060002,102.67652910483,88.8935061898322,110.781061740954,109.054446302973,105.880923739112,106.12124966917,89.6655148912454,106.870455188679,107.589487929071,97.4381368883506,106.146956721807,108.556674784145,93.6236392488789,101.073512950721,102.646803002242,101.125652755039,105.039567332075,104.675226656951,91.9660632018092,90.5322546239007,78.0209956949993,107.088961840407,80.1470275223892
100.323494773454,80.3047482399591,82.176427566336,92.6614166957077,91.7294568282031,98.2191629973931,96.1612921060002,88.3818152198164,88.8935061898322,96.7510949024576,92.4748197731992,103.758545778614,95.1267772695662,87.5307229890482,90.1249728073014,93.4712099115551,97.4381368883506,94.3074866214727,85.5905134791175,93.6236392488789,94.9412879339822,98.6345875747305,101.125652755039,105.039567332075,103.294032117571,85.8098610076753,90.5322546239007,78.0209956949993,89.6721516094774,80.1470275223892
6.99918253584519,49.5635285796435,8.62827739329384,64.3336093494141,5.05773476624915,10.254647717003,4.19191025691327,4.06604695039289,18.6344043896394,2.55999389206465,6.02557972571037,4.43750513710575,8.03313434839367,7.69054796207183,6.76222598656375,4.17700645417949,5.79148054785776,8.27054081404356,3.23322152317155,5.29132118359348,10.1959843870145,4.92648436233549,4.03030576438005,9.9604846274766,11.7075697405844,4.03081066935158,5.47162403949358,4.02943069340768,4.10008230654125,3.04430694864288
6.96471339965797,7.95967245753025,4.97479528557301,3.97983623018513,4.9747952854724,6.96471339973152,3.97983622840638,3.97983622838626,6.96471340030723,1.98991811420683,5.96975434256672,3.97983622846129,7.95967245675558,2.98487717144189,5.96975434264857,3.9798362283974,2.98487717138198,6.96471339981156,2.98487717130104,4.97479528547899,7.95967245692202,3.97983622845823,3.97983622838467,8.95463151394995,3.97983622849131,3.97983622838376,4.97479528556153,3.97983622837603,2.98487717141518,2.98487717129137
6.96471339965308,7.95967245674638,4.97479528546648,3.97983622837319,4.97479528546648,6.96471339965308,3.97983622837319,3.97983622837319,6.96471339965308,1.98991811418659,5.96975434255978,3.97983622837319,7.95967245674638,2.98487717127989,5.96975434255978,3.97983622837319,2.98487717127989,6.96471339965308,2.98487717127989,4.97479528546648,7.95967245674638,3.97983622837319,3.97983622837319,8.95463151383967,3.97983622837319,3.97983622837319,4.97479528546648,3.97983622837319,2.98487717127989,2.98487717127989
6.96471339965308,7.95967245674638,4.97479528546648,3.97983622837319,4.97479528546648,6.96471339965308,3.97983622837319,3.97983622837319,6.96471339965308,1.98991811418659,5.96975434255978,3.97983622837319,7.95967245674638,2.98487717127989,5.96975434255978,3.97983622837319,2.98487717127989,6.96471339965308,2.98487717127989,4.97479528546648,7.95967245674638,3.97983622837319,3.97983622837319,8.95463151383967,3.97983622837319,3.97983622837319,4.97479528546648,3.97983622837319,2.98487717127989,2.98487717127989
6.96471339965308,7.95967245674638,4.97479528546648,3.97983622837319,4.97479528546648,6.96471339965308,3.97983622837319,3.97983622837319,6.96471339965308,1.98991811418659,5.96975434255978,3.97983622837319,7.95967245674638,2.98487717127989,5.96975434255978,3.97983622837319,2.98487717127989,6.96471339965308,2.98487717127989,4.97479528546648,7.95967245674638,3.97983622837319,3.97983622837319,8.95463151383967,3.97983622837319,3.97983622837319,4.97479528546648,3.97983622837319,2.98487717127989,2.98487717127989
6.96471339965308,7.95967245674638,4.97479528546648,3.97983622837319,4.97479528546648,6.96471339965308,3.97983622837319,3.97983622837319,6.96471339965308,1.98991811418659,5.96975434255978,3.97983622837319,7.95967245674638,2.98487717127989,5.96975434255978,3.97983622837319,2.98487717127989,6.96471339965308,2.98487717127989,4.97479528546648,7.95967245674638,3.97983622837319,3.97983622837319,8.95463151383967,3.97983622837319,3.97983622837319,4.97479528546648,3.97983622837319,2.98487717127989,2.98487717127989
6.96471339965308,7.95967245674638,4.97479528546648,3.97983622837319,4.97479528546648,6.96471339965308,3.97983622837319,3.97983622837319,6.96471339965308,1.98991811418659,5.96975434255978,3.97983622837319,7.95967245674638,2.98487717127989,5.96975434255978,3.97983622837319,2.98487717127989,6.96471339965308,2.98487717127989,4.97479528546648,7.95967245674638,3.97983622837319,3.97983622837319,8.95463151383967,3.97983622837319,3.97983622837319,4.97479528546648,3.97983622837319,2.98487717127989,2.98487717127989
6.96471339965308,7.95967245674638,4.97479528546648,3.97983622837319,4.97479528546648,6.96471339965308,3.97983622837319,3.97983622837319,6.96471339965308,1.98991811418659,5.96975434255978,3.97983622837319,7.95967245674638,2.98487717127989,5.96975434255978,3.97983622837319,2.98487717127989,6.96471339965308,2.98487717127989,4.97479528546648,7.95967245674638,3.97983622837319,3.97983622837319,8.95463151383967,3.97983622837319,3.97983622837319,4.97479528546648,3.97983622837319,2.98487717127989,2.98487717127989
6.96471339965308,7.95967245674638,4.97479528546648,3.97983622837319,4.97479528546648,6.96471339965308,3.97983622837319,3.97983622837319,6.96471339965308,1.98991811418659,5.96975434255978,3.97983622837319,7.95967245674638,2.98487717127989,5.96975434255978,3.97983622837319,2.98487717127989,6.96471339965308,2.98487717127989,4.97479528546648,7.95967245674638,3.97983622837319,3.97983622837319,8.95463151383967,3.97983622837319,3.97983622837319,4.97479528546648,3.97983622837319,2.98487717127989,2.98487717127989
6.96471339965308,7.95967245674638,4.97479528546648,3.97983622837319,4.97479528546648,6.96471339965308,3.97983622837319,3.97983622837319,6.96471339965308,1.98991811418659,5.96975434255978,3.97983622837319,7.95967245674638,2.98487717127989,5.96975434255978,3.97983622837319,2.98487717127989,6.96471339965308,2.98487717127989,4.97479528546648,7.95967245674638,3.97983622837319,3.97983622837319,8.95463151383967,3.97983622837319,3.97983622837319,4.97479528546648,3.97983622837319,2.98487717127989,2.98487717127989
