1156.57857324886,1408.14162658661,1159.24016156894,578.877710094355,1889.62993754193,1890.37727897401,1194.68775073144,1156.7493377231,1008.41675468219,1056.54465666807,397.435067600459,789.339444950717,1865.52982751081,902.079050999236,1544.1611248055,1049.26633063111,1407.74180024498,779.687266069309,1412.86308264069,1115.42073527499,682.099651577438,796.911900466981,2619.71641549665,3003.8226603039,580.238596462626,2282.8990785142,2012.86637807742,945.293196479355,1898.77175734336,1686.34187491673
1043.196669453,1090.52725199999,1159.24016156894,578.877710094355,689.481903031527,1040.06629128053,879.643514947718,1049.60868721327,709.748925534195,1056.54465666807,397.435067600459,789.339444950717,1679.2663421083,902.079050999236,1544.1611248055,488.317617842444,1407.74180024498,779.687266069309,1412.86308264069,1115.42073527499,682.099651577438,796.911900466981,2619.71641549665,1245.21922406117,580.238596462626,933.257383238831,1988.56364103777,772.425044000904,1504.28824615139,1686.34187491673
1043.196669453,705.305967795385,435.112496032627,578.877710094355,689.481903031527,735.019152971112,325.691065017973,875.910637256803,578.369847622123,470.860723136298,397.435067600459,647.280467418032,1150.24928724602,656.012424867555,1544.1611248055,488.317617842444,1407.74180024498,779.687266069309,494.787321826126,1002.90921660958,439.903480745525,796.911900466981,2164.39255047917,1216.83693355236,459.856449091346,864.9883180696,1331.29562636127,403.643571755518,1504.28824615139,664.121606572087
479.14372352771,437.050415058411,91.3428611675336,426.955355508163,352.34763818412,568.867015845869,325.691065017973,324.369638467225,285.559025741518,356.785289299584,397.435067600459,261.211252011582,1032.54529794093,240.363706891287,1126.4109718021,488.317617842444,1127.49438779548,553.777038861921,318.912304725599,826.441858323436,137.815878002632,796.911900466981,1967.34974922622,868.212260038717,437.672850895455,653.739958707868,840.643328954411,226.067156200569,891.636694189734,554.654535025044
183.888330945861,437.050415058411,91.3428611675336,252.720884717977,352.34763818412,366.187378923184,325.691065017973,81.6656593970972,65.2687923444309,206.472957661934,324.432350564588,146.116491445382,433.636454950626,240.363706891287,727.885855926768,357.061322593469,938.391351428277,288.868321524885,207.441228625464,486.611775094395,124.918013701672,144.904448256541,1940.40708457986,525.216081895863,288.712686252855,653.739958707868,526.84955289954,180.161709459395,415.573742817716,301.829180800939
27.6209172384267,64.1180228189892,20.1941814412743,43.3238021414702,147.873558223907,162.045643929185,84.0682739815657,24.0433024745137,21.7589472998067,198.308373629663,222.647877942246,48.1386137647422,244.201552158984,43.6003530055268,287.14113760475,40.3239472290904,221.499375202454,174.967645967381,173.321357144112,264.069224109341,75.8082520528123,136.77535632216,448.339922107308,406.502555962302,99.3854663044874,265.027725299295,149.356695089223,52.076927661627,226.936230671398,167.364737838956
5.42093856362862,38.6106906530042,3.30166496666664,10.5119869653935,88.433160339157,140.397856785246,35.3353528112087,2.65837938018672,3.12697047247343,65.7059886856119,78.3465943484069,1.73660480452088,113.756817187632,0.951251966999052,41.7124766187818,6.17573348428323,128.999447029768,96.5594491973665,35.6321163136727,115.161762507897,7.1830132127842,70.2124613644548,198.308988174783,92.0026521706067,32.5821391016677,50.0792990484076,65.6948169270345,4.36706681259079,72.1304140523233,76.7165536079964
1.32561118459409,9.70865970841851,0.376168896512468,0.76565359822348,7.52090766286233,15.3887019869459,6.37300889309881,0.759870929794033,0.409520126509506,23.5527648514841,12.4285911176778,1.09985547774147,14.6840420687536,0.662984218232054,7.87315035923064,0.429860900733047,28.170997235999,31.0816211179116,18.5601311637653,16.8455834142669,0.36619020442879,3.5571192870666,55.1348818414073,20.1117656509476,11.7584288444848,4.5891073532747,4.06863211055952,0.450033973884956,14.1986370866056,9.59510992784999
0.0521615781813125,0.298534758871824,0.00336067743432977,0.0460366718477871,1.71212795217275,2.30322687750561,1.05017805950718,0.00593314162415481,0.00218815460652877,2.55629704911235,1.67226105691998,0.0120518486957053,2.2540516235033,0.013607407732934,1.03379234836495,0.0938586409804429,3.43283913559958,1.20640062872849,1.57762611059502,1.63624690734457,0.0119994155622862,2.57980359045303,3.41309092640904,1.58166191464147,2.25561824540614,3.13325283379231,0.990964087242787,0.0213905275029447,0.9859704664525,2.79502529503497
6.39534744095727e-06,0.132885092222864,2.99008695492375e-06,1.28111530557362e-05,0.283258978647837,0.279602752520645,0.275640077884077,1.28921999476006e-06,1.32421655507642e-06,0.204568979380952,0.178441352324057,7.00087184668519e-06,0.184559210391967,2.17855676964973e-06,0.243430131471428,7.37303719233751e-06,0.245230126406227,0.107939082352914,0.269787097420817,0.245897946332207,4.40563121628657e-06,0.276995727376629,0.169319176871795,0.213481634768982,0.156244811689021,0.149211666341103,0.2674856934741,5.06844071423984e-06,0.207793259150208,0.32647942538415
1.02886588138063e-10,0.000290119030523783,1.64845914696343e-11,1.62685864779633e-10,0.000227817845825484,0.000318646669143163,0.000281475949577725,1.15960574476048e-11,1.25055521493778e-11,0.000158230397914849,0.000252403931767731,7.53743734094314e-11,0.000250193812235011,2.11457518162206e-11,0.000260582183386759,7.71933628129773e-11,0.000535328229261722,0.000105003255157499,0.00041937614150811,0.000299860155450915,2.51247911364771e-11,0.000243366955260171,0.000758908803391023,0.000139109016345174,0.000371358261872956,0.000188666651752101,0.000363561377980659,5.46833689440973e-11,0.000450634515118509,0.000523450761193089
0,7.35724370315438e-09,0,0,3.09041752188932e-08,4.58190925201052e-08,5.16623686053208e-08,0,0,5.71544660488144e-08,1.42787257573218e-08,0,4.29130295742652e-08,0,2.32673755817814e-08,0,5.11390680912882e-08,1.61647903951234e-08,4.88331579617807e-08,2.01043803826906e-08,0,9.52609298110474e-08,1.06862785287376e-07,9.00399754755199e-09,3.21003881254001e-08,3.07583150060964e-08,9.34721811063355e-09,0,5.71062628296204e-08,7.1587237471249e-08
0,0,0,0,0,0,0,0,0,0,0,0,0,0,0,0,0,0,0,0,0,0,0,0,0,0,0,0,0,1.13686837721616e-13
0,0,0,0,0,0,0,0,0,0,0,0,0,0,0,0,0,0,0,0,0,0,0,0,0,0,0,0,0,0
0,0,0,0,0,0,0,0,0,0,0,0,0,0,0,0,0,0,0,0,0,0,0,0,0,0,0,0,0,0
0,0,0,0,0,0,0,0,0,0,0,0,0,0,0,0,0,0,0,0,0,0,0,0,0,0,0,0,0,0
