168.538226322551,147.88661504868,190.741686156272,172.965219633644,167.510653347828,202.169881773731,124.410827207689,218.555986440664,119.859962652314,171.942533326916,141.78380233667,164.88779943113,158.125352641689,167.013462319332,160.355991705503,167.913028022904,143.39221805869,121.949968975457,193.359914205564,167.450455577994,163.113349463205,139.834060608115,161.777626325324,190.630241330987,151.874968349181,172.18902213118,162.874548298067,160.849277957068,180.393481896293,204.737351376023
116.428436320173,115.165470950681,122.307683632549,121.140598635146,143.551386467809,129.121816475382,119.865318227073,120.104666423125,114.893187173715,118.762709785916,104.769190024569,108.077395740861,127.172576231303,135.082034223861,132.890794811736,110.024588900009,92.1476911228979,121.949968975457,94.7430662607185,141.707979730632,104.71567317685,125.224719746876,97.779886529443,101.897581586394,114.940204732941,139.019351756036,141.291906613362,128.113053179161,126.405748622975,137.688818625372
112.453120771386,99.4247674764561,92.4921894394024,101.201559815125,128.435316522675,88.3215258747337,81.6123295858802,92.8559077679342,113.012365422427,99.3923664455947,82.6802511710348,96.324113847606,86.5946784117423,99.7910735004957,108.444482408295,109.078319733725,81.7966810333237,109.613679780738,94.7430662607185,102.393179608951,91.4997757640685,98.6110089580302,94.9173019331074,97.8251781905328,107.266691091315,107.642303212981,108.405937668294,105.546854886143,100.021453641814,82.6320160600053
51.8949902434715,72.9674605022424,91.393575662994,87.3301384285996,80.3564579456329,67.4916071164735,76.1508401855167,55.8914295329769,88.0289044113165,73.1022457224235,51.6436261355357,66.4594013746705,46.0105875049198,65.1571693500819,64.7470498958837,39.6247762535811,81.7966810333237,80.046776494788,61.0696829373255,44.4486328358198,59.5140562072361,87.682863538862,93.9333739155063,55.0700068421197,82.2529366241943,81.5493291779508,88.4028662746246,58.7633409279056,76.9167267673902,42.8785185640115
22.0312791886963,60.4847219434487,27.9319701439049,57.8484684947398,51.1447491956151,54.64603544286,64.8160419127303,22.1392100355467,24.9234812605939,54.1094402439971,10.8377730173647,59.2390737272763,24.0346989142727,59.1427218188619,23.828760039876,1.32086756286276,67.3437076007426,23.7896563484787,24.0958102761572,22.5459862971195,55.6039320796031,22.4468459431821,61.5170733787395,2.49886790865594,74.8041906403223,57.8292083065298,64.3525064351215,23.7276941942205,48.6273607767862,21.6799369308353
20.9970578363573,52.7980855660448,21.6742935132067,52.3380825919953,51.1447491956151,54.64603544286,46.7959017031712,20.1894274872759,2.58746773052985,46.4045174188011,0.624398142520931,36.286292361576,22.4600747325164,23.7237400986075,0.000521574228059762,8.66969435264764e-06,51.0516148393067,21.5051294866732,0.00114701421239261,0.312390000076903,48.5229956075368,20.5600263833176,57.5410480728615,0.312182203831753,0.636174544903042,54.5202479704458,21.280463639933,0.312350353942975,21.1336418284536,20.6014835776655
20.8363954949302,52.7980855660448,20.5890460326079,50.4749310571015,21.9337428605675,54.64603544286,46.7959017031712,20.1709712891986,0.994966129870363,46.4045174188011,0.624346518635548,36.286292361576,22.1924762038166,22.5160028777966,1.39725671033375e-08,6.69206201564521e-09,51.0516148393067,21.5051294866732,1.4797706171521e-08,0.312173266852824,45.1283660148604,20.4973611454598,56.1818254929462,0.312173263177101,0.62434659748692,50.1896705897466,1.27188946502474,0.312173265318279,20.8454953770583,20.4604339716236
20.661035064413,52.7980855660448,20.1834405838033,48.3613986149312,21.4785940064357,47.631341631381,46.7959017031712,20.13730005206,0.994959063399392,46.4045174188011,0.624346514586023,36.286292361576,21.218831451597,22.1717275801443,4.74778971693013e-09,2.49065124080516e-09,40.0270914533855,21.4743468089112,4.49972503702156e-09,0.312173259296969,45.1283660148604,20.4881318020327,49.8411756033693,0.312173258659868,0.624346516334981,48.1025899119923,1.27078832094821,0.312173259706697,20.7353818770082,20.4604339716236
20.661035064413,52.2123523778173,20.1520084370225,48.3613986149312,21.4633166318933,24.5234424499702,46.7959017031712,20.13730005206,0.994959060065412,46.4045174188011,0.62434651357762,36.286292361576,21.1869513116471,21.7988205584552,3.104105417151e-09,1.72826730704401e-09,40.0270914533855,21.2511125491499,2.50361154030543e-09,0.312173258194662,45.1283660148604,20.4410851018711,49.8411756033693,0.312173257174436,0.624346514148783,48.1025899119923,1.27078830756136,0.312173257483892,20.7353818770082,20.4604339716236
20.661035064413,47.7009795594872,20.0990309123038,48.3613986149312,21.4413806914592,21.7810410868237,45.2164568524202,20.13730005206,0.9949590583808,44.9687848490148,0.624346512752481,36.286292361576,21.1656759846906,21.7988205584552,2.66800270765088e-09,1.49088918988127e-09,23.1359448835697,20.3327685365346,1.24441612570081e-09,0.3121732580355,44.5608195298571,20.4410851018711,49.8411756033693,0.312173256605547,0.624346513254977,48.1025899119923,1.27078830756136,0.312173256938877,20.7353818770082,20.460132185066
20.4910220447637,46.5231937255817,20.0990309123038,48.3613986149312,21.4413806914592,1.10442781250504,45.2164568524202,20.13730005206,0.994959058140921,37.9011059668114,0.62434651255785,36.286292361576,21.1426100159872,21.7988205584552,1.72644831764046e-09,1.12754605652299e-09,22.8689511655543,20.2273264969151,8.52878656587563e-10,0.312173257328823,44.5608195298571,20.4410851018711,48.2006028538858,0.312173256533242,0.62434651276908,48.1025899119923,1.27078830756136,0.31217325642524,20.7353818770082,20.3720970004272
20.486208485109,46.5231937255817,20.0990309123038,48.3613986149312,21.4413806914592,1.02999150163441,44.6829914303339,20.1245639388774,0.994959057803271,37.9011059668114,0.62434651229205,36.286292361576,21.1426100159872,21.7988205584552,1.60889612743631e-09,8.21273715700954e-10,22.7986326263963,20.1639657436333,6.96672941558063e-10,0.312173256697406,44.5608195298571,20.4410851018711,47.843122093097,0.312173256435699,0.624346512523061,43.2442080959781,1.27078830756136,0.312173256406368,20.7204225465694,20.3430471275008
20.4474260399381,46.5231937255817,20.0990309123038,48.3613986149312,21.4413806914592,1.02999058810838,44.6829914303339,20.1245639388774,0.994959057619326,37.9011059668114,0.624346512162447,36.286292361576,21.1426100159872,21.4721157030435,1.53181645146105e-09,7.19182935426943e-10,22.7542119316608,20.1383218521808,5.30008037458174e-10,0.312173256665574,44.5608195298571,20.4191784273701,47.843122093097,0.312173256350661,0.624346512314787,43.2442080959781,1.27078830756136,0.31217325623652,20.7204225465694,20.3298511109824
20.4334120968972,44.1786466798926,20.0990309123038,20.2207340955388,21.4049806710079,1.02999058052592,44.6829914303339,20.1180370185552,0.994959057591586,37.9011059668114,0.624346512096736,36.286292361576,21.1320330448625,21.4721157030435,1.43859324452933e-09,6.55290932627395e-10,22.7542119316608,20.1379854918537,4.84533302369528e-10,0.31217325662692,44.5608195298571,20.4065434327949,47.843122093097,0.312173256336564,0.62434651226431,43.2442080959781,1.27078830756136,0.312173256159895,20.7204225465694,20.3298511109824
