37.4316098983877,36.4699854282112,38.3282258675927,49.3231202728575,47.7825783625444,47.0355979144629,43.3219662463075,31.334383490409,41.9227273738179,56.2391217936338,36.5239119846738,38.0569998957453,35.9457625928239,39.8558919890156,40.5305852132337,38.6102704575451,45.1608354518512,43.6798673177195,45.2971114410866,56.7642233773877,50.9025709684843,60.9712296972789,49.9165369779707,34.7064100374378,51.2898977675372,48.1805848606168,40.483229942201,31.1463578900839,58.1631743975745,35.7251474167365
27.0107338146195,30.5540899135103,38.3282258675927,30.2991719470438,30.0979245438684,33.7678754729577,33.5556494005659,31.334383490409,34.2096908893677,33.7937167075138,32.6966600630944,34.2433488785296,34.4797463026207,32.7563659110956,36.8180238152959,37.7892502442946,35.847383337632,34.8279315757541,33.072503840629,33.9667004165976,40.4328070861652,34.1108917622782,42.5092384031364,34.7064100374378,38.3110524673539,43.6728340432128,35.3818569243172,31.1463578900839,38.4974157571,35.7251474167365
27.0107338146195,30.5540899135103,35.420743559298,30.2991719470438,30.0979245438684,33.7678754729577,28.9779058918075,31.334383490409,34.2096908893677,29.8993996950385,26.2235132683677,32.9015106294219,31.8641688877337,29.9670530241847,34.1253253593254,27.5664130045384,33.0621844787643,34.0585319494039,33.072503840629,32.3784781293916,35.1977927915113,28.1546206818866,36.1998211077785,33.9252164612235,30.9049093738327,43.6728340432128,27.5619357680562,29.1709795887837,36.6507532029977,32.5432456515491
27.0107338146195,30.5540899135103,32.8931470455755,30.2991719470438,28.1098350974057,30.0493850401745,28.9779058918075,31.334383490409,34.2096908893677,29.8993996950385,14.7320034168042,30.0680841925932,31.8641688877337,29.9670530241847,27.3207807821809,26.2882279281448,30.0485827247085,29.1670720320371,25.7198464314433,27.9118341756935,29.2630398640549,28.1546206818866,34.612480445996,27.6616316496243,30.9049093738327,40.1261983171221,27.5619357680562,29.1709795887837,34.982756904325,31.2782883810623
27.0107338146195,28.3289360860431,27.1145744699693,25.4370529151129,26.1640956441247,24.2899911661461,25.9307979885916,22.975660771102,27.8488766316345,25.5889937547959,9.55480950689525,28.3340297523314,25.1822210329328,13.0512011128358,24.3243606153519,25.362593928432,26.5363892490877,23.8657393428402,25.7198464314433,25.8876328800957,15.7862560721305,26.8665657768338,25.7911365281434,27.2881705827508,27.1739064280878,26.6449718098606,26.6685223169525,29.1709795887837,16.5574397050768,24.4953982292795
24.7270650111377,28.0400254743422,17.0111961000075,25.4370529151129,24.9505266579022,24.2899911661461,25.9307979885916,10.0567818941345,23.1489070187067,24.182769120906,9.55480950689525,24.3751206447018,24.7012366889812,10.6382955807558,24.0387305348459,25.0823981943586,25.8799841342789,8.07535856986897,25.5929206161181,24.0843072046632,6.59115723269588,24.2483994969725,24.7282372571394,24.8780889043705,25.054031584395,26.0555804741207,25.061673989976,28.7081233445679,7.48253599698955,12.484900737491
24.4340463234334,28.0400254743422,8.62174300915149,22.5528244127026,24.6307838173379,24.2899911661461,25.9307979885916,5.60980006867976,23.1489070187067,24.182769120906,9.55480950689525,23.6391484562923,10.2246541445102,10.6382955807558,24.0387305348459,24.3522923285364,25.517551401821,6.46785647773322,11.097458693127,24.0843072046632,5.45752172582297,23.9830785548597,24.7282372571394,24.0189707304044,25.054031584395,25.1757068032298,23.735902823802,25.5913562875985,6.76772725094179,12.484900737491
24.4340463234334,24.2469561722414,7.17654277177598,22.5528244127026,24.6307838173379,24.2844602788741,25.9307979885916,4.4205230536154,23.1489070187067,24.182769120906,9.55480950689525,23.6391484562923,7.24194632078024,10.6382955807558,11.7789563683232,23.51557938417,14.7432107985151,6.16877489538001,6.57314782289768,24.0843072046632,3.97528818468936,23.9130825057559,24.0942234302415,24.0189707304044,25.0153730773186,25.0091196139056,23.735902823802,25.2246474550698,6.76772725094179,12.484900737491
20.9925041345618,24.2469561722414,6.86381614361562,22.5528244127026,24.036208711243,24.2844602788741,25.9307979885916,4.09222123891368,23.1489070187067,24.182769120906,9.55480950689525,23.3639888550792,7.02786726406657,10.6382955807558,5.92209923878499,23.374759623704,6.25055911691379,5.83760255689231,6.57314782289768,19.6622776406916,3.97528818468936,23.9130825057559,14.6483736786572,24.0189707304044,25.0153730773186,25.0091196139056,23.735902823802,23.681312311804,6.70664655470773,12.484900737491
20.492299302698,23.1993283386332,4.92390709017991,22.5528244127026,24.036208711243,24.2296967660786,24.7127671448707,4.09222123891368,22.2760222275879,24.182769120906,9.21591558846831,23.3639888550792,6.70295841699635,10.6382955807558,4.18981729283178,22.5329965665064,6.13407171863946,5.43869953734884,4.63024390201826,12.8768690812612,3.97528818468936,23.9130825057559,6.31453069373674,24.0189707304044,25.0153730773186,24.2390148950685,23.735902823802,23.681312311804,3.95497061839706,12.484900737491
20.492299302698,23.1993283386332,4.92390709017991,22.5528244127026,24.036208711243,24.2296967660786,24.7127671448707,3.23701739471062,21.9110505022895,24.182769120906,6.52870637506703,23.3639888550792,6.68327595412529,5.75178895216095,3.4986931203789,22.5329965665064,4.76456445500617,5.43869953734884,1.96655925576852,7.87493606031421,3.97528818468936,23.9130825057559,5.35599308656174,24.0189707304044,24.6176121400545,24.2390148950685,23.735902823802,23.681312311804,3.95497061839706,6.48871624610592
20.492299302698,23.110814509289,4.92390709017991,22.5528244127026,24.036208711243,23.7784292102119,24.3870989351503,3.23701739471062,21.8574756830635,24.182769120906,5.48050158217575,23.3639888550792,5.76892171728196,4.75743934283537,3.4986931203789,22.5329965665064,2.85368316824542,5.29243946279894,0.271257056606828,7.51535000608692,3.97528818468936,23.9130825057559,5.35599308656174,24.0189707304044,24.6176121400545,24.2390148950685,23.735902823802,23.5345272057757,3.95497061839706,5.30267212812169
20.492299302698,19.0443383799879,4.92390709017991,22.5528244127026,24.036208711243,23.7784292102119,24.1411391491329,3.1906245445598,2.79483808475516,24.182769120906,4.50905475648551,23.3639888550792,5.76892171728196,4.75743934283537,3.4986931203789,22.5329965665064,2.85368316824542,5.18521316074475,0.113019640694802,6.02438040531069,3.97528818468936,23.9130825057559,5.01863679652934,24.0189707304044,10.3348171509761,24.2390148950685,23.735902823802,23.5345272057757,3.95497061839706,5.30267212812169
17.0353165849619,19.0443383799879,4.83973861256027,22.5528244127026,24.036208711243,23.7784292102119,22.9306805161918,3.1906245445598,1.60770976069034,24.182769120906,4.03888244409973,23.3639888550792,5.76892171728196,4.04955740307105,3.4986931203789,22.5329965665064,2.85368316824542,4.55385819108096,0.108840376363787,5.4917033037259,3.97528818468936,23.5328693752863,4.66180067483583,24.0189707304044,4.63908405800976,24.2390148950685,23.735902823802,23.5345272057757,3.95497061839706,3.57676083276374
