443.859885163469,375.713011567406,428.626392578941,374.683705103537,381.944958263176,401.388291779606,355.469825585998,510.227074384961,442.206146874471,355.135781680277,415.414917869435,311.530137197375,312.239613017201,365.970261145702,361.833414013702,403.091972910258,420.465716449897,348.018840626257,366.104537186474,386.369917205337,398.788721132652,435.941889991085,418.653393080222,355.72807465148,359.949859813642,393.201816102575,389.689696646498,400.876549740965,351.072520540342,353.499648704808
322.542121246677,268.370625080704,297.895769952136,263.581431968633,324.374336202371,249.661255166924,249.724321894917,278.988891983331,341.771723538779,265.930462810828,301.097604387733,261.543069144319,244.567413538476,268.191192374474,276.878065249115,328.583786612698,315.348551859878,272.873935922772,250.150337450975,295.078357467412,274.882956418905,302.993934405602,275.205364178594,271.15817348855,256.415064459212,315.879784224748,270.434968347904,289.772427886722,257.76082928599,266.879825938488
241.39555648579,240.959815880783,241.539433587452,238.952639225,233.609397261937,237.867507134572,234.981247525802,233.761348273124,237.586535677035,235.026830024214,246.344887157665,233.712077061265,234.961458942844,236.7027404565,236.448218145393,252.794722166413,253.206937203483,239.111005930194,234.906200035221,238.325642681541,239.967517330109,237.343536575731,237.354162362263,247.971987395169,236.125669982183,242.634199018093,237.726994533018,235.698408305926,235.817653023397,233.549110547345
230.613371930647,230.400351894211,230.057131534629,230.306778416013,230.217402485838,229.789922843971,229.901021176202,230.084731949325,230.561112445312,230.105472401764,230.29357850552,229.674926522449,229.687833739916,229.98112296155,230.345878972317,231.125531502732,230.418422268276,230.132109803744,230.190996599505,230.407904239549,230.22584967456,230.623577532299,230.377181170621,230.090545911269,230.21243035733,230.445903074,230.312536569873,230.362126625188,230.125137981619,229.881806537106
229.30375151752,229.298026432641,229.290360639985,229.292205981868,229.293831035447,229.290265616858,229.289231606911,229.289743500452,229.298974414243,229.289415107586,229.288767978125,229.287270696069,229.288897405975,229.288676498995,229.290219071896,229.293217835639,229.295041139626,229.293646254047,229.292033912594,229.295284398539,229.293734589601,229.293982849955,229.291447937487,229.291319120247,229.289149424854,229.29592412072,229.292924276867,229.296155098909,229.293179281584,229.289101939959
229.284384169443,229.284384480293,229.284383088951,229.284383462396,229.284383567569,229.284383175299,229.284383091455,229.284383169525,229.284383848694,229.284383308465,229.284383296061,229.284383111355,229.284382891899,229.28438332825,229.284383419326,229.284383616432,229.284383810534,229.284383688711,229.284383238722,229.284383370647,229.284383335376,229.28438401955,229.284383677538,229.284383483888,229.284383129198,229.284383234528,229.284383837195,229.284383704485,229.284383252701,229.284383754674
229.284382708599,229.284382708621,229.284382708543,229.28438270854,229.284382708584,229.284382708522,229.284382708537,229.284382708521,229.284382708706,229.284382708525,229.284382708535,229.284382708539,229.284382708505,229.284382708546,229.284382708559,229.28438270861,229.284382708569,229.284382708663,229.284382708552,229.284382708547,229.284382708532,229.284382708638,229.284382708589,229.284382708541,229.284382708545,229.284382708562,229.284382708648,229.284382708563,229.284382708573,229.284382708665
229.284382708487,229.284382708487,229.284382708487,229.284382708487,229.284382708487,229.284382708487,229.284382708487,229.284382708487,229.284382708487,229.284382708487,229.284382708487,229.284382708487,229.284382708487,229.284382708487,229.284382708487,229.284382708487,229.284382708487,229.284382708487,229.284382708487,229.284382708487,229.284382708487,229.284382708487,229.284382708487,229.284382708487,229.284382708487,229.284382708487,229.284382708487,229.284382708487,229.284382708487,229.284382708487
229.284382708487,229.284382708487,229.284382708487,229.284382708487,229.284382708487,229.284382708487,229.284382708487,229.284382708487,229.284382708487,229.284382708487,229.284382708487,229.284382708487,229.284382708487,229.284382708487,229.284382708487,229.284382708487,229.284382708487,229.284382708487,229.284382708487,229.284382708487,229.284382708487,229.284382708487,229.284382708487,229.284382708487,229.284382708487,229.284382708487,229.284382708487,229.284382708487,229.284382708487,229.284382708487
229.284382708487,229.284382708487,229.284382708487,229.284382708487,229.284382708487,229.284382708487,229.284382708487,229.284382708487,229.284382708487,229.284382708487,229.284382708487,229.284382708487,229.284382708487,229.284382708487,229.284382708487,229.284382708487,229.284382708487,229.284382708487,229.284382708487,229.284382708487,229.284382708487,229.284382708487,229.284382708487,229.284382708487,229.284382708487,229.284382708487,229.284382708487,229.284382708487,229.284382708487,229.284382708487
229.284382708487,229.284382708487,229.284382708487,229.284382708487,229.284382708487,229.284382708487,229.284382708487,229.284382708487,229.284382708487,229.284382708487,229.284382708487,229.284382708487,229.284382708487,229.284382708487,229.284382708487,229.284382708487,229.284382708487,229.284382708487,229.284382708487,229.284382708487,229.284382708487,229.284382708487,229.284382708487,229.284382708487,229.284382708487,229.284382708487,229.284382708487,229.284382708487,229.284382708487,229.284382708487
229.284382708487,229.284382708487,229.284382708487,229.284382708487,229.284382708487,229.284382708487,229.284382708487,229.284382708487,229.284382708487,229.284382708487,229.284382708487,229.284382708487,229.284382708487,229.284382708487,229.284382708487,229.284382708487,229.284382708487,229.284382708487,229.284382708487,229.284382708487,229.284382708487,229.284382708487,229.284382708487,229.284382708487,229.284382708487,229.284382708487,229.284382708487,229.284382708487,229.284382708487,229.284382708487
229.284382708487,229.284382708487,229.284382708487,229.284382708487,229.284382708487,229.284382708487,229.284382708487,229.284382708487,229.284382708487,229.284382708487,229.284382708487,229.284382708487,229.284382708487,229.284382708487,229.284382708487,229.284382708487,229.284382708487,229.284382708487,229.284382708487,229.284382708487,229.284382708487,229.284382708487,229.284382708487,229.284382708487,229.284382708487,229.284382708487,229.284382708487,229.284382708487,229.284382708487,229.284382708487
229.284382708487,229.284382708487,229.284382708487,229.284382708487,229.284382708487,229.284382708487,229.284382708487,229.284382708487,229.284382708487,229.284382708487,229.284382708487,229.284382708487,229.284382708487,229.284382708487,229.284382708487,229.284382708487,229.284382708487,229.284382708487,229.284382708487,229.284382708487,229.284382708487,229.284382708487,229.284382708487,229.284382708487,229.284382708487,229.284382708487,229.284382708487,229.284382708487,229.284382708487,229.284382708487
