1.98991811420319
0.995308970380847
8.39216070289694e-05
20.9950223061107
1.50816958921496e-09
0.624099321263202
20.0001323852389
20.0000673509692
1.98991811419478
7.60337570682168e-10
2.61433654170105
7.12361725163646e-10
4.56111592939124e-10
20.6245610579494
20.6235323550202
8.56489552916173e-05
0.62409932110927
20.6241400420831
3.42652128892951e-10
1.61905837787731
0.99501982443644
1.98991811519113
4.35967613157118e-05
2.01998773263767e-09
21.6190449380779
0.624099321125414
21.6118824351411
0.62477689105549
21.6197634624389
1.61905837841437
