0.0556939011516988
1.74737755003252
0.211873726764679
0.278307154689173
20.7837390759864
0.964128326080754
0.796058848060511
0.108939590554201
0.194162937791589
0.129379318756492
0.542821804544474
4.60557322750992
2.44889117559478
0.918716114938888
1.07459586137611
20.7984651535598
0.150154156857752
3.03409624501091
0.756149417615688
0.566219162074049
0.226565664753252
20.8139834769913
20.8354590404156
0.705854700689997
20.837895366371
0.137268252998183
20.7695528614449
20.2687663968295
0.817433938077102
20.7802138148422
