16.1333994717279
1.0216683075671
2.13146347373345
21.5679268985245
8.01503987658407
1.49444286453127
0.0982452240955354
9.08212898232023
2.48991811399355
13.1444867640148
1.11668091555816
4.20121803838765
4.03077866150056
4.06161463594208
2.25211480432836
1.03490189771469
1.13241785690093
10.006718305224
1.48657603281322
5.05954892085265
2.18785193658437
10.0687554836079
4.47983119055402
12.9926518935756
5.47083103113914
5.12208535344689
34.223475466762
4.08681723331961
0.289174347596145
2.16368975807904
