100.263982070063
205.441510596716
205.404440617026
205.979436781221
203.723708740545
100.331227914747
190.730237594815
205.121736874563
208.343118378749
205.403385469987
208.500815537242
203.723708740545
207.846309600421
100.316559335283
203.68406497516
205.943658409577
205.121736874563
100.290874346168
204.999909307886
208.368966124959
205.943658409577
100.303334746656
100.183300155165
100.297075108212
144.522197308309
204.052388132814
100.301039973961
204.615314817153
205.023642670081
206.515183065182
