5.12853184145752
4.17073964395172
1.4877613166243
18.5355627117494
4.03548540713518
13.0890827135609
4.39618477050249
24.9040760834887
13.2857621954531
5.05264388507089
21.5679268985245
13.0234435894022
10.0134610461764
2.09221055678995
4.42623784680632
9.02036369522443
4.13956028249322
10.3969952175685
4.18045187213738
5.46983679823461
9.08119163772585
5.23795876249415
1.07641356827412
10.1052960632182
5.00269909818235
8.43426162046217
8.00260621716325
5.07502140451311
22.3820872955084
5.00935014528409
