100.287110185031
100.326747990036
214.429609456532
100.317705381914
100.298696923574
11.8961629305022
100.371834581303
100.294939084131
214.221867608189
214.158589189205
100.3433437552
218.162084055269
100.302794816993
212.999848025158
100.289751269272
217.587464365098
214.492298309095
100.296034592117
303.854175382949
100.304418413043
100.296705600832
100.262803174987
212.298752366021
213.399978132005
214.03836701559
211.408986786124
213.585818973599
100.307456252612
1.98865186955663
213.248172765579
