2.18278728425503e-11
0.995374347834058
21.9704972138024
21.1891095137671
0.62409932086166
0.624099326110127
1.00271790870465e-10
2.61412073696965
2.61401744082104
3.0504452297464e-09
0.6240993225083
21.6191072041427
0.994959060058818
0.994959058101813
0.000425431027906598
20.0001006050766
1.5741079550935e-09
20.6234016999097
0.624099325458474
1.98991811444716
0.624099321875519
0.994959057099777
20.0001662853292
20.9949991714261
0.00187629901597575
2.80465428659227e-09
2.61401743639863
0.994959057560209
20.6530249577841
1.61905837854056
