36736.6480322987,25234.442808158,30480.4577824643,38788.0104237941,28241.8765744553,31255.8693444848,27449.9452249308,27159.2205691271,37259.3628903327,38362.5400978825,33979.9694205092,35253.1193690693,23848.4497118755,26044.8524966365,18910.1761232759,30617.3627288426,21003.5566050919,31510.139925531,31822.8557770593,34606.227478926,37531.320248199,27889.4330488297,35385.0393477207,25346.1155553304,32526.5380538228,15507.1556076542,25030.947973156,31206.5970781797,24609.9264775281,27640.4735630107
1119.46194630449,774.986865553911,2705.13628427734,265.749549059062,2272.44730432598,1111.81823171761,410.535250679372,650.416293776174,1699.48160430162,847.773407285376,1597.21395058712,835.413532865959,641.77686287825,666.008797515414,355.379310995462,785.334175096134,268.699374746303,1161.67815750603,1325.71500745819,750.03878616518,595.438319360878,865.98766497711,680.166609675073,361.357593247955,537.051830883579,2641.82755526161,549.008435735136,534.768842945023,405.734449243412,1424.06846097847
29.960641732308,17.1194825549414,36.2614018135568,19.9704241825333,63.3901525768508,14.7186519173494,57.1026224710101,19.883786597028,32.9706687298136,39.781667869039,36.3044204229552,32.9427576416742,43.4720250081041,18.4315291709869,16.6501784481379,31.1453301200285,19.5514928580936,29.2343817981193,23.1825419499449,39.2566892660297,22.5857009917933,22.9252794254123,29.879827802585,25.4614234042137,14.6398189364591,63.7821588015719,13.1338474136291,25.3122028429256,19.6956753201039,37.2552898129455
0.163845209691829,0.202857478765509,0.260568521844903,0.210788380766814,0.394442052694615,0.130044072413,0.167422903021759,0.259454135216401,0.167201833339277,0.256615214715509,0.410009668488669,0.222928695729422,0.41077369679607,0.158770464742133,0.315411138313038,0.256078241514842,0.145807446815809,0.231054623517878,0.30740156200477,0.210211318254892,0.189970728293758,0.163813626815397,0.246037416485194,0.232346149683053,0.187778174632456,0.423711266044052,0.109112509343504,0.408411115456829,0.167603982994535,0.217293536274667
2.91115929940133e-06,1.4474475165116e-06,2.01932414256589e-06,1.34319020617113e-06,4.10827698260618e-06,2.06793072266009e-06,3.53188801227589e-06,2.00679210138333e-06,1.96312555544864e-06,2.622970896482e-06,1.77546417035046e-06,1.6638730357954e-06,2.82877948620808e-06,1.2572643868225e-06,1.1800769925685e-06,6.06241133027652e-06,2.40157652342532e-06,1.25672488593409e-06,1.7812285477703e-06,5.55949276304091e-06,1.41394042429965e-06,1.89499786529268e-06,4.05842052941807e-06,5.02666472357305e-06,2.82991311451042e-06,6.25408694077123e-06,1.65871210811019e-06,2.33451339681778e-06,3.80042206415965e-06,2.92386749833895e-06
0,0,0,0,0,0,0,0,0,0,0,0,0,0,0,0,0,0,0,0,0,0,0,0,0,0,0,0,0,0
0,0,0,0,0,0,0,0,0,0,0,0,0,0,0,0,0,0,0,0,0,0,0,0,0,0,0,0,0,0
0,0,0,0,0,0,0,0,0,0,0,0,0,0,0,0,0,0,0,0,0,0,0,0,0,0,0,0,0,0
0,0,0,0,0,0,0,0,0,0,0,0,0,0,0,0,0,0,0,0,0,0,0,0,0,0,0,0,0,0
0,0,0,0,0,0,0,0,0,0,0,0,0,0,0,0,0,0,0,0,0,0,0,0,0,0,0,0,0,0
0,0,0,0,0,0,0,0,0,0,0,0,0,0,0,0,0,0,0,0,0,0,0,0,0,0,0,0,0,0
0,0,0,0,0,0,0,0,0,0,0,0,0,0,0,0,0,0,0,0,0,0,0,0,0,0,0,0,0,0
0,0,0,0,0,0,0,0,0,0,0,0,0,0,0,0,0,0,0,0,0,0,0,0,0,0,0,0,0,0
0,0,0,0,0,0,0,0,0,0,0,0,0,0,0,0,0,0,0,0,0,0,0,0,0,0,0,0,0,0
