7574.67681756982,9828.3360884513,6482.11036190248,4150.93329441295,6600.97903004276,8616.8712344407,6472.75929821234,7131.51229470896,8828.76628912092,9330.11358982615,7614.43520395977,7115.79549012052,8342.62772545974,7243.64131107454,8277.87572066866,8811.59001403954,8772.57343656368,9207.29799407376,8687.06117179688,6291.02344829182,8849.32201152705,8863.48566003851,5825.29846012801,9176.51652003456,5428.18201812145,8157.04210023371,7299.39233839709,8800.06769024374,8089.77252092708,8752.36625158003
7574.67681756982,5527.29548567229,6482.11036190248,4150.93329441295,6600.97903004276,6912.17333569935,6472.75929821234,7131.51229470896,6227.35235844028,8621.07941998794,7614.43520395977,7115.79549012052,8342.62772545974,7243.64131107454,8277.87572066866,8811.59001403954,7409.62897508264,8639.55775575674,6013.58296563282,6291.02344829182,7970.81238768462,5521.68976286421,5825.29846012801,8990.8777770518,5428.18201812145,7654.57967684031,7299.39233839709,8800.06769024374,8038.05692204521,6886.7034186752
5350.81492570434,5527.29548567229,6482.11036190248,4150.93329441295,5980.60501555788,5299.68843819122,6472.75929821234,7131.51229470896,6227.35235844028,6796.32324247331,6409.77205343619,7115.79549012052,7689.61545039788,6396.8228693507,5929.86334033681,6502.50654305583,5559.32136047232,7202.06058902473,5372.97797810511,6177.71859718304,5353.65860266483,5196.077156995,5825.29846012801,5672.85452908597,5428.18201812145,6714.36869305599,5845.00470259087,5867.33426105993,5099.66929666075,5662.4677721091
5350.81492570434,5527.29548567229,6176.50197569303,4150.93329441295,5696.41253242052,5299.68843819122,5576.43216510209,5905.09377761702,5472.71465067278,5482.08190683435,6409.77205343619,7026.67390596636,4872.77741737567,6396.8228693507,5562.56694331102,6502.50654305583,5156.21646488353,6965.23682671176,5372.97797810511,6177.71859718304,5353.65860266483,4477.26075325931,5176.36243091883,5632.85597846855,5302.74631465341,6061.25429023833,5845.00470259087,5702.36585257239,4999.2107195892,5662.4677721091
4269.89568386071,3913.14017159296,5327.04448275857,4150.93329441295,4657.17961060899,5276.83154471756,5498.92612907992,5457.49091161046,5035.74258956637,4949.77609276662,3159.17540548275,5102.76504577545,4283.08966151557,5727.84211006339,5221.61059530232,5480.4213735759,4527.50904852315,6225.2546264702,5372.97797810511,5057.5332410015,5143.36866337687,4238.7532171965,4160.08090856923,3602.36086485142,4057.00453037968,5418.63191291077,5427.21572494627,4074.25507972339,4416.67029797646,5580.64357382199
2445.11144722481,2258.41552198604,4849.89604389906,4150.93329441295,3624.94039305325,3651.54190028797,3025.8209972603,2900.12810303964,2963.22108291513,3695.4601556345,2211.63058784166,4080.43029132473,2963.60330808095,3958.8611957177,4541.97437245949,4859.18823551402,2746.82471418018,5410.92260628035,4243.8515205076,3816.68206016887,3749.94011454538,3046.05764823585,2309.4015746193,2272.44762470843,3495.2236911533,3727.62118125268,4239.56580356681,3086.18610186852,2610.41803402315,5522.33352304178
1825.89115738033,1447.7525240932,3060.08029897061,1504.84094468577,2371.13093384835,1384.96096262043,2136.49283668756,1508.94821762386,1583.9214299736,1598.89357613829,1421.01664694443,1692.21181537631,1534.16997971871,1629.50814777135,1570.73482831936,2003.5731888207,1484.61114519156,1385.53709687493,2725.05411424504,1519.2987595981,1391.21365190399,1556.20984354232,1535.00273512465,1581.30867297142,1611.05178820419,1477.43041575468,1894.47609862854,1616.24608533297,1622.63949559813,2614.51104205403
806.292023545033,850.664829240045,864.122328410972,693.057842079386,858.799826842758,807.853941975235,846.079620059497,921.755814849923,761.858697655913,882.877650985363,836.280943345179,865.495500551384,885.07709476209,733.534715104123,793.547141282515,923.49266302349,869.567411679641,860.092154449489,707.240978225723,998.610600231599,850.687006678178,734.94575618133,759.883259501506,791.641414516513,865.959496472392,817.987437556921,850.668992806995,890.533045345959,845.923257112304,826.878321241579
367.829649256556,382.223994913667,413.127290704329,353.543000856464,384.224289139065,381.877071650408,376.381869033682,395.900946518574,355.791418061498,372.078995703966,375.738721965565,384.955781276408,348.471640931401,412.766320846631,382.827987543176,384.056091716775,372.587334742533,363.717039053,414.813597007264,375.426405250809,384.929773611471,353.589673198519,370.724902567097,373.380093721866,388.065408693988,364.290536601128,366.844426412649,377.684807344182,387.897079242179,386.282433896061
303.243387765301,302.73523437897,305.402470825224,304.433029696286,304.701608299173,304.150716466139,303.843510625383,303.048288742376,303.583776705427,303.45691505418,303.596831424874,303.80663349058,304.378784119669,400.578287308248,303.787832381623,303.45762671118,303.07126996275,303.814267184296,400.545929419875,303.43158099,303.58363600524,302.965226726023,302.951666056009,303.967673611275,303.710233930851,302.549499161652,303.017773796131,302.99030541524,305.064245896924,303.769008073107
300.013755890289,300.011641835976,300.023816329065,300.018245231757,300.020246141111,300.019016734513,300.013920984359,300.012075261297,300.019600841623,300.01436625813,300.014600126974,300.013978778524,300.016466622256,400.003354834492,300.021851129531,300.014573798552,300.013713448403,300.02040424277,400.004067981509,300.018295281473,300.015837813579,300.013975242692,300.016876179801,300.015618762683,300.02165868463,300.015788431165,300.019418012034,300.015785832252,300.02435996318,300.016421758661
300.000001806433,300.000001340026,300.000002030939,300.000001762469,300.000001739423,300.000001965327,300.000001384748,300.00000101799,300.000001549616,300.000001075464,300.000001366939,300.000001418015,300.000001371635,400.000000290946,300.000001996813,300.000000854181,300.000001471068,300.000001571181,400.000000322673,300.000002058374,300.000001064143,300.000001233373,300.000001523635,300.000001956755,300.000001318893,300.000000861008,300.000001564801,300.000001318279,300.000001462038,300.000001152626
300.000000000005,300.000000000002,300.000000000004,300.000000000004,300.000000000003,300.000000000003,300.000000000004,300.000000000004,300.000000000004,300.000000000005,300.000000000003,300.000000000003,300.000000000003,400.000000000001,300.000000000004,300.000000000003,300.000000000004,300.000000000003,400,300.000000000003,300.000000000004,300.000000000003,300.000000000002,300.000000000003,300.000000000003,300.000000000004,300.000000000003,300.000000000004,300.000000000003,300.000000000004
300.000000000005,300.000000000002,300.000000000004,300.000000000004,300.000000000003,300.000000000003,300.000000000004,300.000000000004,300.000000000004,300.000000000005,300.000000000003,300.000000000003,300.000000000003,400.000000000001,300.000000000004,300.000000000003,300.000000000004,300.000000000003,400,300.000000000003,300.000000000004,300.000000000003,300.000000000002,300.000000000003,300.000000000003,300.000000000004,300.000000000003,300.000000000004,300.000000000003,300.000000000004
300.000000000002,300.000000000002,300.000000000002,300.000000000002,300.000000000001,300.000000000001,300.000000000002,300.000000000002,300.000000000002,300.000000000001,300.000000000001,300.000000000001,300.000000000002,400,300.000000000002,300.000000000002,300.000000000002,300.000000000001,400,300.000000000002,300.000000000002,300.000000000001,300.000000000002,300.000000000002,300.000000000001,300.000000000002,300.000000000002,300.000000000002,300.000000000002,300.000000000001
300.000000000001,300.000000000001,300.000000000001,300.000000000001,300.000000000001,300.000000000001,300.000000000001,300.000000000001,300.000000000001,300.000000000001,300.000000000001,300.000000000001,300.000000000001,400,300.000000000001,300.000000000001,300.000000000002,300.000000000001,400,300.000000000001,300.000000000001,300.000000000001,300.000000000001,300.000000000001,300.000000000001,300.000000000001,300.000000000001,300.000000000001,300.000000000001,300.000000000001
