2058.29748096266,1326.24819094994,1577.61451028799,1893.37636960742,2456.48653092582,1550.93114082404,1527.07653253801,1516.02984302911,1816.67297317148,2004.40303778766,2064.58150016878,1630.65747974888,1666.78154647517,1830.61829096788,1907.80298004634,2134.51946995523,2025.08549674263,1894.04068242487,1747.25322871199,1359.26908457654,2180.01704789195,2247.60690078718,1411.34239883953,1403.97605638723,2061.77766421787,1443.64610796975,1567.69608642763,1822.28973170635,2048.12462491751,1862.34765309948
1460.80071169474,1326.24819094994,1577.61451028799,1501.04593139919,1974.38768781296,1550.93114082404,1527.07653253801,1516.02984302911,1816.67297317148,2004.40303778766,2064.58150016878,1402.81332919986,1666.78154647517,1313.92278317879,1907.80298004634,1764.33804016593,1443.54392721912,989.460415548281,1747.25322871199,1359.26908457654,1849.33551123527,2247.60690078718,1411.34239883953,1403.97605638723,2061.77766421787,1443.64610796975,1567.69608642763,1289.02180348829,2048.12462491751,1838.96327253181
1460.80071169474,1326.24819094994,990.126583410643,1501.04593139919,1974.38768781296,1496.61695699672,1527.07653253801,1516.02984302911,1816.67297317148,1595.81490254625,1909.46754191882,1369.68450129874,1666.78154647517,1313.92278317879,1252.9405016205,1436.47320694437,1443.54392721912,989.460415548281,1662.08781973249,1359.26908457654,1444.40711989894,2247.60690078718,1411.34239883953,1403.97605638723,2033.51049458434,1443.64610796975,1567.69608642763,1289.02180348829,1573.21452405783,1838.96327253181
1460.80071169474,1326.24819094994,990.126583410643,1001.18679490249,1770.93293039443,1372.46941643728,1425.63927680483,1367.77956241229,1785.37229847796,1265.58726017552,1909.46754191882,1369.68450129874,1666.78154647517,1313.92278317879,1252.9405016205,1270.40798743655,1443.54392721912,989.460415548281,1278.9914602733,1359.26908457654,1371.04312381176,1177.32473642999,1411.34239883953,1403.97605638723,2033.51049458434,1346.56884826236,1490.2768377385,1289.02180348829,1573.21452405783,1530.29586430281
1431.24341554367,1253.58421937476,990.126583410643,1001.18679490249,1256.1301101215,1288.62703709115,1415.63151286281,1056.33133434752,1262.21836675515,1089.60319070368,1201.35348022751,889.303660986869,1378.63628162347,1313.92278317879,1053.37443448809,1270.40798743655,1153.75619042463,989.460415548281,1229.32877197045,971.909279480963,1349.32512230907,1177.32473642999,1411.34239883953,1241.20390492959,1234.9818982758,1346.56884826236,1183.10029360768,1087.40120299941,1571.96025238329,1192.08958702527
1119.00815047102,971.200291371817,914.319317814889,1001.18679490249,1080.87824903686,946.004169100785,1277.23447188628,909.685480390669,1262.21836675515,909.238577991656,1105.89111427149,889.303660986869,1300.83362785999,1313.92278317879,1053.37443448809,868.769634870671,1153.75619042463,970.322872451626,1229.32877197045,971.909279480963,1116.07353569239,1177.32473642999,1117.14256786101,868.784543030022,1234.9818982758,1304.9316413917,1092.45350556908,1087.40120299941,1533.76677544805,755.850157867333
1056.98170713369,660.875174670809,804.635184500089,1001.18679490249,674.657587009261,942.362729645347,1021.49649551501,851.322439628228,1124.93843074278,868.81290987693,1105.89111427149,758.557655308217,801.305607117105,920.741757249078,927.973206131809,706.602801279595,1096.95013141422,843.186024716221,644.229103988508,713.720040444215,840.447718872337,1125.82012655881,775.175976953876,765.882852164154,999.069621626981,1033.1266260538,822.524196909804,1074.4433221117,703.037499463213,741.461458052813
699.477352471898,480.538437264909,555.916143532721,598.4770008913,590.780054958533,561.697994255419,591.650806810575,509.985560056391,861.577834931595,636.607630607024,862.436691132138,607.60044671005,514.241789498302,675.604591865896,590.557482023083,558.296475830735,591.641690415068,629.344659173836,580.413195817669,558.980197605912,626.922314308224,758.102927618174,556.933654164921,530.173604386474,637.77601002434,823.172345788144,557.065308195843,509.384988439882,494.332445313432,569.501474318175
415.44613668546,324.531525750674,373.369991470289,408.654694189976,403.788087287228,393.640831232375,435.396809860943,369.368399155198,432.781389854162,419.622750676829,418.814470378398,413.515299250678,382.160952105618,440.971149213955,352.549231434631,377.746765304229,399.973204396305,384.223023946442,364.86579225253,351.830374081674,382.422185613374,409.493179199455,370.634031430807,381.781722349288,464.861923429033,413.9390476183,369.317051080373,355.791315601289,341.01702224807,370.913459779527
295.987664451856,262.074197384452,289.403047785459,282.765640723748,298.026448876545,287.335766507681,298.936257217031,275.082531070067,321.256957696978,280.334163271628,309.159253112908,276.9437718923,277.034417869728,309.503783151056,263.787184216545,289.383497508952,286.527556884062,277.000619623467,286.260629000015,265.858552146728,279.464008320276,299.760878902833,275.617008491452,262.67196542358,318.761363513114,308.046160417688,285.129020252522,268.766987540342,272.215831329571,281.117536846312
247.139201056389,248.080149491165,266.885380478693,246.589991063997,241.891100864961,244.095819992984,242.679681191252,250.288325268348,251.925985873538,237.965751541381,256.688517588989,236.394592779454,243.869411642039,249.689613072936,239.203240256923,240.549557920951,250.514352964419,242.5459283944,248.611164156471,242.254064096659,253.153823262831,247.565724950222,243.468271398491,233.909257194993,268.764096449605,260.546079032424,239.86408035435,246.213944451959,240.452732802246,252.476469150682
246.434307095329,248.014739320198,266.766003028443,246.124606276046,240.105644929117,243.492371014792,240.330293500872,250.052498238977,250.46093968212,236.500357405234,255.285745461581,235.14379607429,243.15397658613,247.287967662543,238.850225150845,239.5761831229,249.215422652151,241.846426560784,248.318917147472,241.924606769088,253.043701884958,242.937561344852,241.430521908896,232.87818644864,263.352089708106,257.52807189718,238.873828903861,245.670745600793,239.420485893147,250.473678093259
246.434205678491,248.014731289917,266.766000182963,246.124494656369,240.105170833067,243.492049728206,240.326680005807,250.05243634828,250.460728255046,236.499201277739,255.284508089157,235.142436151632,243.153809776221,247.28689708895,238.850156244873,239.575748495567,249.21503033478,241.846084690262,248.318889723926,241.924429777079,253.043697326862,242.934484930338,241.429922654891,232.876838434845,263.347167337698,257.526318558822,238.873085940537,245.670453894955,239.418829306848,250.47356749885
246.434205678462,248.014731289915,266.766000182963,246.12449465623,240.105170832363,243.492049727683,240.326679988838,250.052436348266,250.460728254904,236.499201274861,255.284508086724,235.142436144296,243.153809776046,247.286897087704,238.850156244844,239.575748495155,249.215030334378,241.846084689833,248.318889723925,241.924429776843,253.043697326862,242.934484922089,241.429922654062,232.876838423133,263.347167301847,257.52631855697,238.873085939153,245.670453894537,239.418829285677,250.473567498813
246.434205678462,248.014731289915,266.766000182963,246.12449465623,240.105170832363,243.492049727683,240.326679988838,250.052436348266,250.460728254904,236.499201274861,255.284508086724,235.142436144296,243.153809776046,247.286897087704,238.850156244844,239.575748495155,249.215030334378,241.846084689833,248.318889723925,241.924429776843,253.043697326862,242.934484922089,241.429922654062,232.876838423132,263.347167301847,257.52631855697,238.873085939153,245.670453894537,239.418829285677,250.473567498813
246.434205678462,248.014731289915,266.766000182963,246.12449465623,240.105170832362,243.492049727683,240.326679988838,250.052436348265,250.460728254904,236.499201274861,255.284508086724,235.142436144296,243.153809776046,247.286897087704,238.850156244844,239.575748495155,249.215030334378,241.846084689833,248.318889723925,241.924429776843,253.043697326862,242.934484922089,241.429922654062,232.876838423132,263.347167301847,257.52631855697,238.873085939153,245.670453894537,239.418829285677,250.473567498813
