590.536295037977,450.834367784057,402.551522966891,571.721277565223,524.991028706396,561.697994255419,585.696543393609,454.459072772453,634.012943053701,529.585122259286,601.62549917607,493.935136390727,495.394043859204,599.8684971283,490.638682079115,503.151945176745,555.42001860962,448.822695311309,460.108168838091,461.842221921282,492.161731651464,723.433737141111,449.677873258713,420.722546346469,603.863777634172,615.314537992894,470.890473689226,509.384988439882,445.044828683207,475.632149239649
362.601758314747,288.35918582265,320.919964650757,330.38691365614,342.652834227634,323.566701002076,353.519105395584,317.634079435341,377.694500258758,338.449942963079,368.975209573353,345.142644978827,319.419314428914,356.388627370358,305.540272880459,327.391631570249,318.398289304353,325.776092958128,331.69771892459,313.748963308458,326.12630139989,360.6546768134,308.184462767415,288.218718403601,377.84704085346,380.144076073707,321.092781504495,309.052913891235,297.163308728109,349.353528254498
282.536486610165,256.935629349874,282.204408829805,272.752253171451,280.495676075478,273.039138127412,281.140522713321,275.082531070067,307.510716965136,267.714355640747,296.685468152785,270.235370476305,266.721931536665,296.478926186987,259.336441763429,275.973590019174,283.892552462961,273.317465354966,263.608933875201,262.568190606899,265.240732417875,293.743020937742,261.074187991097,254.499621768948,307.662991139719,301.3883684559,275.97022725377,265.597983546706,267.666281358169,275.16815322708
247.139201056389,248.080149491165,266.885380478693,246.589991063997,241.891100864961,244.095819992984,242.679681191252,250.288325268348,251.925985873538,237.965751541381,256.688517588989,236.394592779454,243.869411642039,249.689613072936,239.203240256923,240.549557920951,250.514352964419,242.5459283944,248.611164156471,242.254064096659,253.153823262831,247.565724950222,243.468271398491,233.909257194993,268.764096449605,260.546079032424,239.86408035435,246.213944451959,240.452732802246,252.476469150682
246.434222587691,248.014733457082,266.766000570241,246.124519302068,240.105244598041,243.492107133984,240.327365589854,250.052446395659,250.460773699731,236.499466405121,255.284897230213,235.142658483582,243.153858742428,247.28716023885,238.850165658158,239.575809330243,249.215090695694,241.846149243398,248.318894668865,241.924464914311,253.043697875227,242.935026115326,241.430029946756,232.877123270299,263.34826128051,257.52670034827,238.873180658268,245.670518159634,239.419173273912,250.473586752795
246.434205678462,248.014731289915,266.766000182963,246.12449465623,240.105170832364,243.492049727683,240.326679988891,250.052436348266,250.460728254904,236.499201274869,255.284508086731,235.142436144336,243.153809776046,247.286897087706,238.850156244844,239.575748495155,249.215030334379,241.846084689833,248.318889723925,241.924429776843,253.043697326862,242.93448492212,241.429922654064,232.876838423196,263.34716730198,257.526318556974,238.873085939157,245.670453894538,239.41882928577,250.473567498813
246.434205678462,248.014731289915,266.766000182963,246.12449465623,240.105170832363,243.492049727683,240.326679988838,250.052436348266,250.460728254904,236.499201274861,255.284508086724,235.142436144296,243.153809776046,247.286897087704,238.850156244844,239.575748495155,249.215030334378,241.846084689833,248.318889723925,241.924429776843,253.043697326862,242.934484922089,241.429922654062,232.876838423133,263.347167301847,257.52631855697,238.873085939153,245.670453894537,239.418829285677,250.473567498813
246.434205678462,248.014731289915,266.766000182963,246.12449465623,240.105170832363,243.492049727683,240.326679988838,250.052436348266,250.460728254904,236.499201274861,255.284508086724,235.142436144296,243.153809776046,247.286897087704,238.850156244844,239.575748495155,249.215030334378,241.846084689833,248.318889723925,241.924429776843,253.043697326862,242.934484922089,241.429922654062,232.876838423133,263.347167301847,257.52631855697,238.873085939153,245.670453894537,239.418829285677,250.473567498813
246.434205678462,248.014731289915,266.766000182963,246.12449465623,240.105170832363,243.492049727683,240.326679988838,250.052436348266,250.460728254904,236.499201274861,255.284508086724,235.142436144296,243.153809776046,247.286897087704,238.850156244844,239.575748495155,249.215030334378,241.846084689833,248.318889723925,241.924429776843,253.043697326862,242.934484922089,241.429922654062,232.876838423132,263.347167301847,257.52631855697,238.873085939153,245.670453894537,239.418829285677,250.473567498813
246.434205678462,248.014731289915,266.766000182963,246.12449465623,240.105170832363,243.492049727683,240.326679988838,250.052436348266,250.460728254904,236.499201274861,255.284508086724,235.142436144296,243.153809776046,247.286897087704,238.850156244844,239.575748495155,249.215030334378,241.846084689833,248.318889723925,241.924429776843,253.043697326862,242.934484922089,241.429922654062,232.876838423132,263.347167301847,257.52631855697,238.873085939153,245.670453894537,239.418829285677,250.473567498813
246.434205678462,248.014731289915,266.766000182963,246.12449465623,240.105170832363,243.492049727683,240.326679988838,250.052436348266,250.460728254904,236.499201274861,255.284508086724,235.142436144296,243.153809776046,247.286897087704,238.850156244844,239.575748495155,249.215030334378,241.846084689833,248.318889723925,241.924429776843,253.043697326862,242.934484922089,241.429922654062,232.876838423132,263.347167301847,257.52631855697,238.873085939153,245.670453894537,239.418829285677,250.473567498813
246.434205678462,248.014731289915,266.766000182963,246.12449465623,240.105170832362,243.492049727683,240.326679988838,250.052436348266,250.460728254904,236.499201274861,255.284508086724,235.142436144296,243.153809776046,247.286897087704,238.850156244844,239.575748495155,249.215030334378,241.846084689833,248.318889723925,241.924429776843,253.043697326862,242.934484922089,241.429922654062,232.876838423132,263.347167301847,257.52631855697,238.873085939153,245.670453894537,239.418829285677,250.473567498813
246.434205678462,248.014731289915,266.766000182963,246.12449465623,240.105170832362,243.492049727683,240.326679988838,250.052436348265,250.460728254904,236.499201274861,255.284508086724,235.142436144296,243.153809776046,247.286897087704,238.850156244844,239.575748495155,249.215030334378,241.846084689833,248.318889723925,241.924429776843,253.043697326862,242.934484922089,241.429922654062,232.876838423132,263.347167301847,257.52631855697,238.873085939153,245.670453894537,239.418829285677,250.473567498813
246.434205678462,248.014731289915,266.766000182963,246.12449465623,240.105170832362,243.492049727683,240.326679988838,250.052436348265,250.460728254904,236.499201274861,255.284508086724,235.142436144296,243.153809776046,247.286897087704,238.850156244844,239.575748495155,249.215030334378,241.846084689833,248.318889723925,241.924429776843,253.043697326862,242.934484922089,241.429922654062,232.876838423132,263.347167301847,257.52631855697,238.873085939153,245.670453894537,239.418829285677,250.473567498813
