114.222008431018,118.366815798889,129.734341454963,89.2376803699409,98.195050747252,87.7469361936316,101.58110262149,87.5664251575567,113.805369177136,79.8988079015149,86.7608378260401,91.9243359699612,103.739391662622,106.976190970128,137.170166723158,96.8369256440817,96.4674592130744,101.507689440927,133.983302418366,83.5293049527804,79.4994684716082,97.6836268531226,109.634495290805,81.9295743051055,87.7298182428426,102.816053348668,99.5650035482337,104.520393125201,86.6747134081834,101.273377217867
51.6738013820291,51.7388472963959,50.6265623442386,51.0408722405774,50.6291601452828,50.7978389807692,52.1618320984444,49.5355548743302,50.5183347807687,50.1551632013156,50.8426447988555,50.6367533507242,50.5152596890224,51.104184643773,51.8447920788493,50.9528671685736,50.6740588780758,50.8961218241982,73.0650020369224,50.54011111403,48.1046146774819,50.4278918502597,50.761902703357,51.2361805466107,51.1341477197756,50.3575609670413,50.4030930603391,51.525576905087,51.2576861382446,51.0028870508707
49.2448518299204,49.2090816441323,49.2138652250952,45.0575816268869,49.1751194377279,49.2534080999207,49.2184958777235,45.1170123326672,45.1235421874206,49.1930393936285,45.4493063238161,49.1842282068593,49.1925986556818,45.2197149432634,49.2593558090222,45.0332367158655,45.3936715369981,49.1960641248339,54.6282659440134,45.2907272997104,45.0635439227389,45.0475702554282,49.1642927490212,49.1637775623456,45.323969234622,45.0988573447542,49.1819339930336,49.2499319268011,49.2367071647189,49.1745922992033
49.0850947056263,49.0851507211526,49.084939575391,44.8962309733096,49.0849080389,49.085006039235,49.0849764758107,44.8962339708309,44.8961227089318,49.0848439605654,44.8962438547969,49.0848159088329,49.0850697067041,44.8964065736707,49.0851891727818,44.8959725919503,44.8963768413081,49.084846115474,49.0873027949092,44.8962148715004,44.8963142754087,44.8962647619472,49.0848566757177,49.0848218076279,44.896531397947,44.8963633736317,49.0846881527231,49.085068198179,49.0850359862786,49.0847740850161
49.0844789799411,49.0844789801952,49.0844789798441,44.8954693182654,49.0844789798563,49.084478979975,49.0844789798274,44.8954693178405,44.8954693183321,49.0844789799524,44.8954693187989,49.0844789800259,49.08447897984,44.8954693186214,49.0844789800686,44.8954693182272,44.8954693184428,49.0844789797134,49.0844789819226,44.8954693178391,44.8954693181778,44.8954693182257,49.0844789798526,49.0844789797588,44.8954693182302,44.8954693180026,49.0844789797092,49.0844789800852,49.0844789800312,49.0844789797646
49.0844789794812,49.0844789794812,49.0844789794812,44.8954693174513,49.0844789794812,49.0844789794812,49.0844789794812,44.8954693174513,44.8954693174513,49.0844789794812,44.8954693174513,49.0844789794812,49.0844789794812,44.8954693174513,49.0844789794812,44.8954693174513,44.8954693174513,49.0844789794812,49.0844789794812,44.8954693174513,44.8954693174513,44.8954693174514,49.0844789794812,49.0844789794812,44.8954693174513,44.8954693174513,49.0844789794812,49.0844789794812,49.0844789794812,49.0844789794812
49.0844789794812,49.0844789794812,49.0844789794812,44.8954693174513,49.0844789794812,49.0844789794812,49.0844789794812,44.8954693174513,44.8954693174513,49.0844789794812,44.8954693174513,49.0844789794812,49.0844789794812,44.8954693174513,49.0844789794812,44.8954693174513,44.8954693174513,49.0844789794812,49.0844789794812,44.8954693174513,44.8954693174513,44.8954693174513,49.0844789794812,49.0844789794812,44.8954693174513,44.8954693174513,49.0844789794812,49.0844789794812,49.0844789794812,49.0844789794812
49.0844789794812,49.0844789794812,49.0844789794812,44.8954693174513,49.0844789794812,49.0844789794812,49.0844789794812,44.8954693174513,44.8954693174513,49.0844789794812,44.8954693174513,49.0844789794812,49.0844789794812,44.8954693174513,49.0844789794812,44.8954693174513,44.8954693174513,49.0844789794812,49.0844789794812,44.8954693174513,44.8954693174513,44.8954693174513,49.0844789794812,49.0844789794812,44.8954693174513,44.8954693174513,49.0844789794812,49.0844789794812,49.0844789794812,49.0844789794812
49.0844789794812,49.0844789794812,49.0844789794812,44.8954693174513,49.0844789794812,49.0844789794812,49.0844789794812,44.8954693174513,44.8954693174513,49.0844789794812,44.8954693174513,49.0844789794812,49.0844789794812,44.8954693174513,49.0844789794812,44.8954693174513,44.8954693174513,49.0844789794812,49.0844789794812,44.8954693174513,44.8954693174513,44.8954693174513,49.0844789794812,49.0844789794812,44.8954693174513,44.8954693174513,49.0844789794812,49.0844789794812,49.0844789794812,49.0844789794812
49.0844789794812,49.0844789794812,49.0844789794812,44.8954693174513,49.0844789794812,49.0844789794812,49.0844789794812,44.8954693174513,44.8954693174513,49.0844789794812,44.8954693174513,49.0844789794812,49.0844789794812,44.8954693174513,49.0844789794812,44.8954693174513,44.8954693174513,49.0844789794812,49.0844789794812,44.8954693174513,44.8954693174513,44.8954693174513,49.0844789794812,49.0844789794812,44.8954693174513,44.8954693174513,49.0844789794812,49.0844789794812,49.0844789794812,49.0844789794812
49.0844789794812,49.0844789794812,49.0844789794812,44.8954693174513,49.0844789794812,49.0844789794812,49.0844789794812,44.8954693174513,44.8954693174513,49.0844789794812,44.8954693174513,49.0844789794812,49.0844789794812,44.8954693174513,49.0844789794812,44.8954693174513,44.8954693174513,49.0844789794812,49.0844789794812,44.8954693174513,44.8954693174513,44.8954693174513,49.0844789794812,49.0844789794812,44.8954693174513,44.8954693174513,49.0844789794812,49.0844789794812,49.0844789794812,49.0844789794812
49.0844789794812,49.0844789794812,49.0844789794812,44.8954693174513,49.0844789794812,49.0844789794812,49.0844789794812,44.8954693174513,44.8954693174513,49.0844789794812,44.8954693174513,49.0844789794812,49.0844789794812,44.8954693174513,49.0844789794812,44.8954693174513,44.8954693174513,49.0844789794812,49.0844789794812,44.8954693174513,44.8954693174513,44.8954693174513,49.0844789794812,49.0844789794812,44.8954693174513,44.8954693174513,49.0844789794812,49.0844789794812,49.0844789794812,49.0844789794812
49.0844789794812,49.0844789794812,49.0844789794812,44.8954693174513,49.0844789794812,49.0844789794812,49.0844789794812,44.8954693174513,44.8954693174513,49.0844789794812,44.8954693174513,49.0844789794812,49.0844789794812,44.8954693174513,49.0844789794812,44.8954693174513,44.8954693174513,49.0844789794812,49.0844789794812,44.8954693174513,44.8954693174513,44.8954693174513,49.0844789794812,49.0844789794812,44.8954693174513,44.8954693174513,49.0844789794812,49.0844789794812,49.0844789794812,49.0844789794812
49.0844789794812,49.0844789794812,49.0844789794812,44.8954693174513,49.0844789794812,49.0844789794812,49.0844789794812,44.8954693174513,44.8954693174513,49.0844789794812,44.8954693174513,49.0844789794812,49.0844789794812,44.8954693174513,49.0844789794812,44.8954693174513,44.8954693174513,49.0844789794812,49.0844789794812,44.8954693174513,44.8954693174513,44.8954693174513,49.0844789794812,49.0844789794812,44.8954693174513,44.8954693174513,49.0844789794812,49.0844789794812,49.0844789794812,49.0844789794812
