5.62094265357803,3.0490698599375,5.2170601437283,19.0357595029951,5.42369343346172,4.99814559888443,7.07434902521641,6.02888250289698,5.29342386816211,6.60828664480675,9.66687828989643,8.50675140552505,3.77887962097077,5.74263886018616,5.27980784423505,7.14215381406359,4.47141081801306,7.79430483860801,4.82997604101956,40.8688834901582,7.9866667403511,5.96077536859593,29.2492611641138,5.48454966613144,6.84563101473361,4.5006965921342,25.3251841736278,40.6670537509851,5.07237524036555,24.8508995371701
0.854704946958236,0.781647422794777,0.499088990277983,4.22081346568143,0.561999649698578,0.67520047351536,1.18690442455647,0.686600568307767,0.613094171823377,0.659992232382137,0.999093267948524,0.858994833548195,0.661991333791775,0.666633598860017,0.689450664596507,0.443546102867231,0.666684508504773,0.581383501897221,0.519188095820482,5.33179481225511,0.694361692187158,0.689220932009903,5.57025729220538,0.78610976196353,0.851773687501918,1.13677386801464,4.56708916278319,10.6969417409176,0.56518826132492,6.81235998960744
0.118773548755257,0.0941257593120781,0.0787150696563685,1.21003580647437,0.129883718375481,0.0888126852128153,0.143593881626543,0.109563691020185,0.10181910079541,0.116395985746635,0.121334086353954,0.106871005910307,0.0823383532061825,0.0971744756726594,0.122450671236606,0.0637926704708889,0.0861445238358556,0.088597453629859,0.102153347704075,1.52304567938961,0.132394437930202,0.124591661259728,2.01260081322664,0.110584490939345,0.130005037781189,0.102849446978439,1.80943633142863,2.4796871247421,0.0876307373390546,1.84127958417707
0.00217727053905037,0.00280018096771073,0.00147508762654525,0.197920361843444,0.00197970746808096,0.00232123235821291,0.00271072027749142,0.00225581498739302,0.00213246529665412,0.00231702143162238,0.00353636621093756,0.00268474364440863,0.00213720642784665,0.00232775400468199,0.00319149420806752,0.00305353388591811,0.00172048541367076,0.00322929953620132,0.00243561861395847,0.101001060231283,0.00281765804174938,0.00244258566624467,0.287367676494,0.00288488014462018,0.00291872062939547,0.00208463802994174,0.188809621103701,0.381016584857207,0.00180954285303869,0.175548910079328
2.83802592093707e-07,2.2171036562213e-07,1.81904056262283e-07,0.00204239405115914,2.90788307211187e-07,3.96841642213985e-07,3.07655341202917e-07,4.4989997149969e-07,2.93666857942299e-07,3.65423943549104e-07,3.59512000613904e-07,3.79015659746074e-07,3.04502691506059e-07,2.28067960961198e-07,4.85788746118487e-07,3.64495690519107e-07,3.49285187439818e-07,3.78614913643105e-07,3.44446220879036e-07,0.000830490555586039,4.4233092921786e-07,3.75056174561905e-07,0.00206685514729088,3.98220890929224e-07,3.30984221363906e-07,2.69817746811896e-07,0.00185633853391209,0.00174365816747013,3.23025119541853e-07,0.0010819100551771
1.13686837721616e-13,1.13686837721616e-13,1.13686837721616e-13,5.09549636262818e-07,1.13686837721616e-13,1.13686837721616e-13,1.13686837721616e-13,1.13686837721616e-13,1.13686837721616e-13,1.13686837721616e-13,1.13686837721616e-13,1.13686837721616e-13,1.13686837721616e-13,1.13686837721616e-13,1.13686837721616e-13,1.13686837721616e-13,1.13686837721616e-13,1.13686837721616e-13,1.13686837721616e-13,3.02255784845329e-07,1.13686837721616e-13,1.13686837721616e-13,1.11254860257759e-06,1.13686837721616e-13,1.13686837721616e-13,1.13686837721616e-13,1.61720242886076e-06,7.64984292800364e-07,1.13686837721616e-13,1.01144780728646e-06
1.13686837721616e-13,1.13686837721616e-13,1.13686837721616e-13,8.03532884674496e-08,1.13686837721616e-13,1.13686837721616e-13,1.13686837721616e-13,1.13686837721616e-13,1.13686837721616e-13,1.13686837721616e-13,1.13686837721616e-13,1.13686837721616e-13,1.13686837721616e-13,1.13686837721616e-13,1.13686837721616e-13,1.13686837721616e-13,1.13686837721616e-13,1.13686837721616e-13,1.13686837721616e-13,7.99449253463536e-08,1.13686837721616e-13,1.13686837721616e-13,3.20850858770427e-07,1.13686837721616e-13,1.13686837721616e-13,1.13686837721616e-13,7.21179731044685e-07,8.07129936220008e-08,1.13686837721616e-13,3.20633716910379e-07
1.13686837721616e-13,1.13686837721616e-13,1.13686837721616e-13,7.98995642981026e-08,1.13686837721616e-13,1.13686837721616e-13,1.13686837721616e-13,1.13686837721616e-13,1.13686837721616e-13,1.13686837721616e-13,1.13686837721616e-13,1.13686837721616e-13,1.13686837721616e-13,1.13686837721616e-13,1.13686837721616e-13,1.13686837721616e-13,1.13686837721616e-13,1.13686837721616e-13,1.13686837721616e-13,7.98461314843735e-08,1.13686837721616e-13,1.13686837721616e-13,3.1960030355549e-07,1.13686837721616e-13,1.13686837721616e-13,1.13686837721616e-13,7.19950207894726e-07,7.9858182289172e-08,1.13686837721616e-13,3.19663513437263e-07
1.13686837721616e-13,1.13686837721616e-13,1.13686837721616e-13,7.98995642981026e-08,1.13686837721616e-13,1.13686837721616e-13,1.13686837721616e-13,1.13686837721616e-13,1.13686837721616e-13,1.13686837721616e-13,1.13686837721616e-13,1.13686837721616e-13,1.13686837721616e-13,1.13686837721616e-13,1.13686837721616e-13,1.13686837721616e-13,1.13686837721616e-13,1.13686837721616e-13,1.13686837721616e-13,7.98461314843735e-08,1.13686837721616e-13,1.13686837721616e-13,3.1960030355549e-07,1.13686837721616e-13,1.13686837721616e-13,1.13686837721616e-13,7.19950207894726e-07,7.9858182289172e-08,1.13686837721616e-13,3.19663513437263e-07
1.13686837721616e-13,1.13686837721616e-13,1.13686837721616e-13,7.98995642981026e-08,1.13686837721616e-13,1.13686837721616e-13,1.13686837721616e-13,1.13686837721616e-13,1.13686837721616e-13,1.13686837721616e-13,1.13686837721616e-13,1.13686837721616e-13,1.13686837721616e-13,1.13686837721616e-13,1.13686837721616e-13,1.13686837721616e-13,1.13686837721616e-13,1.13686837721616e-13,1.13686837721616e-13,7.98461314843735e-08,1.13686837721616e-13,1.13686837721616e-13,3.1960030355549e-07,1.13686837721616e-13,1.13686837721616e-13,1.13686837721616e-13,7.19950207894726e-07,7.9858182289172e-08,1.13686837721616e-13,3.19663513437263e-07
1.13686837721616e-13,1.13686837721616e-13,1.13686837721616e-13,7.98995642981026e-08,1.13686837721616e-13,1.13686837721616e-13,1.13686837721616e-13,1.13686837721616e-13,1.13686837721616e-13,1.13686837721616e-13,1.13686837721616e-13,1.13686837721616e-13,1.13686837721616e-13,1.13686837721616e-13,1.13686837721616e-13,1.13686837721616e-13,1.13686837721616e-13,1.13686837721616e-13,1.13686837721616e-13,7.98461314843735e-08,1.13686837721616e-13,1.13686837721616e-13,3.1960030355549e-07,1.13686837721616e-13,0,1.13686837721616e-13,7.19950207894726e-07,7.9858182289172e-08,1.13686837721616e-13,3.19663513437263e-07
1.13686837721616e-13,1.13686837721616e-13,1.13686837721616e-13,7.98995642981026e-08,1.13686837721616e-13,1.13686837721616e-13,1.13686837721616e-13,1.13686837721616e-13,1.13686837721616e-13,1.13686837721616e-13,1.13686837721616e-13,1.13686837721616e-13,1.13686837721616e-13,1.13686837721616e-13,1.13686837721616e-13,1.13686837721616e-13,1.13686837721616e-13,1.13686837721616e-13,1.13686837721616e-13,7.98461314843735e-08,1.13686837721616e-13,1.13686837721616e-13,3.1960030355549e-07,1.13686837721616e-13,0,1.13686837721616e-13,7.19950207894726e-07,7.9858182289172e-08,1.13686837721616e-13,3.19663513437263e-07
1.13686837721616e-13,1.13686837721616e-13,1.13686837721616e-13,7.98995642981026e-08,1.13686837721616e-13,1.13686837721616e-13,1.13686837721616e-13,1.13686837721616e-13,1.13686837721616e-13,1.13686837721616e-13,1.13686837721616e-13,1.13686837721616e-13,1.13686837721616e-13,1.13686837721616e-13,1.13686837721616e-13,1.13686837721616e-13,1.13686837721616e-13,1.13686837721616e-13,1.13686837721616e-13,7.98461314843735e-08,1.13686837721616e-13,1.13686837721616e-13,3.1960030355549e-07,1.13686837721616e-13,0,1.13686837721616e-13,7.19950207894726e-07,7.9858182289172e-08,1.13686837721616e-13,3.19663513437263e-07
1.13686837721616e-13,1.13686837721616e-13,1.13686837721616e-13,7.98995642981026e-08,1.13686837721616e-13,1.13686837721616e-13,1.13686837721616e-13,1.13686837721616e-13,1.13686837721616e-13,1.13686837721616e-13,1.13686837721616e-13,1.13686837721616e-13,1.13686837721616e-13,1.13686837721616e-13,1.13686837721616e-13,1.13686837721616e-13,1.13686837721616e-13,1.13686837721616e-13,1.13686837721616e-13,7.97945176600479e-08,1.13686837721616e-13,1.13686837721616e-13,3.1960030355549e-07,1.13686837721616e-13,0,1.13686837721616e-13,7.19950207894726e-07,7.9858182289172e-08,1.13686837721616e-13,3.19663513437263e-07
