133.665754480638,100.273727809494,134.054750004806,131.34035911718,150.730576375305,160.13915171537,127.607621328349,138.730759539193,140.847397145439,131.979549798567,149.737754108856,118.497676095393,134.120442535312,136.174923695174,148.247263499974,111.631064832743,135.805422356516,137.919794461608,142.130088631746,135.613031536576,131.520890445156,138.616655212965,121.348447665882,117.961340968632,116.919673204534,118.398463004917,144.389211997469,126.870943566415,129.848146060275,133.900485707102
122.359874173037,100.273727809494,124.575004488311,110.998204274483,115.266196815959,114.777059456226,116.110399451767,111.594042820421,119.451134475313,116.522847991478,126.192581929526,101.443944556589,94.4014504072072,112.965050343163,98.7902912845867,111.631064832743,113.233794969605,111.817210682513,109.636776172381,119.608316193172,115.838044828266,112.175461004074,101.425312817358,117.961340968632,96.8086118169235,118.398463004917,113.628760059411,108.350766938628,104.489400449963,105.756464633362
96.8000694995292,91.4673123280691,110.910148650079,94.2898779328757,108.165166700934,111.842868638803,105.804997462996,108.079245593807,118.04680439639,110.204533399138,93.919108891876,101.443944556589,86.5632136996521,110.646261189693,98.7902912845867,107.176347186319,112.611044820413,92.2805990259508,109.636776172381,96.7711267177719,102.229595608285,72.6837759010289,101.425312817358,112.871490711247,96.8086118169235,103.244642794178,109.100716581902,108.350766938628,104.489400449963,105.756464633362
96.6550086810379,91.0437912758325,90.33233131319,94.2898779328757,79.6485346079905,100.889290899055,88.1655712503795,95.6841439029813,101.507726658537,79.3209100964517,93.919108891876,101.443944556589,86.5632136996521,85.8841010123709,98.7902912845867,102.205659886187,100.652885228691,92.2805990259508,97.247158621152,90.3738210575273,94.5233972914658,72.6837759010289,101.071425172064,98.9543496127512,96.8086118169235,96.3832263547478,98.0845450176909,97.3667550711276,103.82628198151,103.826857858879
2.15883017724298,8.03708827533592,24.0125701636118,5.18918798037964,13.4822111516717,5.00258452028913,3.06184087026213,10.8963576864371,9.72025536861281,8.54615423623432,2.20201742221991,86.2797721607943,60.174147081902,40.5520205061374,8.25053168808904,14.1917460649138,8.256280941505,3.03716980077604,6.94289958627257,3.15017623934705,4.27913519143488,4.38074918766006,9.44061408047537,50.44762202638,3.89694447924444,11.1631343274564,10.1584961738174,13.8554488712483,65.2116971412155,73.3603661694096
1.98991811420387,5.96975434276294,3.97983622880452,4.97479528549638,6.9647133998385,4.97479528546944,2.98487717130001,6.96471340009691,7.95967245698841,6.96471339987397,1.98991811419182,3.97983623187883,4.97479528645329,5.96975434319381,7.9596724567599,4.97479528574161,7.95967245676843,2.98487717129035,4.97479528560643,2.98487717130445,3.97983622839718,3.97983622841446,7.95967245683175,5.96975434392118,2.98487717140631,6.96471339978609,7.95967245688189,9.94959057106439,0.994959061539475,7.95966745963494
1.98991811418659,5.96975434255978,3.97983622837319,4.97479528546648,6.96471339965308,4.97479528546648,2.98487717127989,6.96471339965308,7.95967245674638,6.96471339965308,1.98991811418659,3.97983622837319,4.97479528546648,5.96975434255978,7.95967245674638,4.97479528546648,7.95967245674638,2.98487717127989,4.97479528546648,2.98487717127989,3.97983622837319,3.97983622837319,7.95967245674638,5.96975434255978,2.98487717127989,6.96471339965308,7.95967245674638,9.94959057093297,0.994959057093297,7.95966741892721
1.98991811418659,5.96975434255978,3.97983622837319,4.97479528546648,6.96471339965308,4.97479528546648,2.98487717127989,6.96471339965308,7.95967245674638,6.96471339965308,1.98991811418659,3.97983622837319,4.97479528546648,5.96975434255978,7.95967245674638,4.97479528546648,7.95967245674638,2.98487717127989,4.97479528546648,2.98487717127989,3.97983622837319,3.97983622837319,7.95967245674638,5.96975434255978,2.98487717127989,6.96471339965308,7.95967245674638,9.94959057093297,0.994959057093297,7.95966741892721
1.98991811418659,5.96975434255978,3.97983622837319,4.97479528546648,6.96471339965308,4.97479528546648,2.98487717127989,6.96471339965308,7.95967245674638,6.96471339965308,1.98991811418659,3.97983622837319,4.97479528546648,5.96975434255978,7.95967245674638,4.97479528546648,7.95967245674638,2.98487717127989,4.97479528546648,2.98487717127989,3.97983622837319,3.97983622837319,7.95967245674638,5.96975434255978,2.98487717127989,6.96471339965308,7.95967245674638,9.94959057093297,0.994959057093297,7.95966741892721
1.98991811418659,5.96975434255978,3.97983622837319,4.97479528546648,6.96471339965308,4.97479528546648,2.98487717127989,6.96471339965308,7.95967245674638,6.96471339965308,1.98991811418659,3.97983622837319,4.97479528546648,5.96975434255978,7.95967245674638,4.97479528546648,7.95967245674638,2.98487717127989,4.97479528546648,2.98487717127989,3.97983622837319,3.97983622837319,7.95967245674638,5.96975434255978,2.98487717127989,6.96471339965308,7.95967245674638,9.94959057093297,0.994959057093297,7.95966741892721
1.98991811418659,5.96975434255978,3.97983622837319,4.97479528546648,6.96471339965308,4.97479528546648,2.98487717127989,6.96471339965308,7.95967245674638,6.96471339965308,1.98991811418659,3.97983622837319,4.97479528546648,5.96975434255978,7.95967245674638,4.97479528546648,7.95967245674638,2.98487717127989,4.97479528546648,2.98487717127989,3.97983622837319,3.97983622837319,7.95967245674638,5.96975434255978,2.98487717127989,6.96471339965308,7.95967245674638,9.94959057093297,0.994959057093297,7.95966741892721
1.98991811418659,5.96975434255978,3.97983622837319,4.97479528546648,6.96471339965308,4.97479528546648,2.98487717127989,6.96471339965308,7.95967245674638,6.96471339965308,1.98991811418659,3.97983622837319,4.97479528546648,5.96975434255978,7.95967245674638,4.97479528546648,7.95967245674638,2.98487717127989,4.97479528546648,2.98487717127989,3.97983622837319,3.97983622837319,7.95967245674638,5.96975434255978,2.98487717127989,6.96471339965308,7.95967245674638,9.94959057093297,0.994959057093297,7.95966741892721
1.98991811418659,5.96975434255978,3.97983622837319,4.97479528546648,6.96471339965308,4.97479528546648,2.98487717127989,6.96471339965308,7.95967245674638,6.96471339965308,1.98991811418659,3.97983622837319,4.97479528546648,5.96975434255978,7.95967245674638,4.97479528546648,7.95967245674638,2.98487717127989,4.97479528546648,2.98487717127989,3.97983622837319,3.97983622837319,7.95967245674638,5.96975434255978,2.98487717127989,6.96471339965308,7.95967245674638,9.94959057093297,0.994959057093297,7.95966741892721
1.98991811418659,5.96975434255978,3.97983622837319,4.97479528546648,6.96471339965308,4.97479528546648,2.98487717127989,6.96471339965308,7.95967245674638,6.96471339965308,1.98991811418659,3.97983622837319,4.97479528546648,5.96975434255978,7.95967245674638,4.97479528546648,7.95967245674638,2.98487717127989,4.97479528546648,2.98487717127989,3.97983622837319,3.97983622837319,7.95967245674638,5.96975434255978,2.98487717127989,6.96471339965308,7.95967245674638,9.94959057093297,0.994959057093297,7.95966741892721
