276.216186110579,252.738832166596,300.088508826938,265.675079181665,254.179567331091,236.896392371868,246.75163734418,282.009495144443,273.288294077194,290.841021336856,241.052351498079,308.578156725425,293.956237181025,296.985962242225,255.617511825443,291.527565331173,256.432357682358,282.375176299795,274.687648885934,288.832626040497,302.997736734158,284.794524661608,272.896638024455,249.09411290585,206.837855982903,258.36232073511,265.570797056967,286.700816507613,266.726795855026,247.593758434252
219.60037825518,221.501641038807,241.084617129077,263.024661832807,187.546282973785,236.896392371868,246.75163734418,282.009495144443,265.778565078421,221.35075719564,241.052351498079,304.852741729367,293.956237181025,262.852256726754,255.617511825443,268.654051667875,256.432357682358,239.838881805142,274.687648885934,288.832626040497,223.23441605867,275.379434629896,272.896638024455,248.414563781973,206.837855982903,185.721045765345,247.008209404228,229.899650143918,253.903049750212,244.808459936841
197.556629028179,221.501641038807,236.838570050348,231.183622530782,187.546282973785,236.896392371868,221.765995536348,249.76052860399,244.311549317092,221.35075719564,241.052351498079,237.458574600746,267.857770278026,223.467866386059,227.398586530657,255.670967467173,245.693940508423,239.838881805142,268.497754638008,269.776552972976,223.23441605867,275.379434629896,238.394291054776,248.414563781973,206.837855982903,185.721045765345,245.39514465148,229.899650143918,253.903049750212,238.083855864273
197.556629028179,221.501641038807,236.838570050348,231.183622530782,187.546282973785,234.374104462358,221.765995536348,216.567066581434,234.493388795399,206.292109269061,225.818452953619,237.458574600746,267.857770278026,207.269098501226,216.71817974442,241.055665060033,205.484185086071,239.838881805142,268.497754638008,248.677323262673,223.23441605867,237.423375519434,230.5315559211,248.414563781973,206.837855982903,185.721045765345,238.860342175054,193.973015409388,217.3243326787,238.083855864273
197.556629028179,221.501641038807,206.342638651132,217.964401641338,187.546282973785,234.374104462358,199.302563464506,216.567066581434,219.525080877873,206.292109269061,203.098038423818,207.133952809378,192.062441507209,186.219290828013,216.71817974442,225.055017456358,205.484185086071,198.215275652337,257.117199962703,211.826465787698,221.839758080901,220.005834632237,163.795387246151,221.567348186949,201.803371051058,185.721045765345,186.591726470613,193.973015409388,204.208787060801,191.129418061787
186.435534308519,192.703675986717,206.342638651132,217.964401641338,187.546282973785,216.165996986792,199.302563464506,212.296457539117,190.165669671431,187.051635902148,203.098038423818,179.746228905191,187.355615542856,186.219290828013,188.701614664445,185.824128633813,189.950598787097,198.215275652337,183.906716978864,179.120771464887,164.096743057312,205.74171743159,163.795387246151,221.567348186949,175.136663017306,185.721045765345,144.389211997469,193.973015409388,169.754688069743,188.05696768802
179.498529595482,179.192025391361,134.054750004806,163.427702636599,187.546282973785,191.448146387359,145.829102221209,174.371228870535,167.104227800911,159.271419094267,203.098038423818,167.858166905739,187.355615542856,147.795060613969,164.764578117343,151.615459697056,189.950598787097,156.162829543967,183.906716978864,151.992116945769,164.096743057312,168.378734999656,160.491345223569,178.435985186415,172.40101175061,160.003702498448,144.389211997469,181.444269947742,158.911160004095,178.386822438267
134.042526475349,100.273727809494,134.054750004806,131.34035911718,151.012824209587,164.908870697236,137.440741390034,145.137132528647,153.878894888829,131.979549798567,149.737754108856,118.497676095393,145.953070467258,136.174923695174,154.63450576936,111.631064832743,155.370739354919,156.162829543967,143.187326659019,143.67810600517,131.520890445156,148.133793888311,145.450457169885,117.961340968632,116.919673204534,118.398463004917,144.389211997469,142.051297898698,129.848146060275,150.24079962439
125.277915050317,100.273727809494,127.291246059963,128.648753829533,115.266196815959,114.777059456226,127.607621328349,111.594042820421,119.451134475313,117.713641405378,128.409816399855,101.443944556589,94.4014504072072,115.080394217005,117.217869846936,111.631064832743,126.594017303375,126.905734643727,109.636776172381,119.608316193172,123.247099149887,112.175461004074,101.425312817358,117.961340968632,116.919673204534,118.398463004917,137.923645229265,117.951322642366,126.107644608236,105.756464633362
96.8000694995292,91.4673123280691,110.910148650079,110.998204274483,113.835308416888,114.777059456226,105.804997462996,108.079245593807,118.04680439639,110.204533399138,113.295090732653,101.443944556589,86.5632136996521,110.646261189693,98.7902912845867,108.843906458164,112.611044820413,111.817210682513,109.636776172381,96.7711267177719,102.229595608285,72.6837759010289,101.425312817358,112.871490711247,96.8086118169235,103.244642794178,113.628760059411,108.350766938628,104.489400449963,105.756464633362
96.6550086810379,91.0437912758325,90.33233131319,94.2898779328757,79.6485346079905,100.889290899055,88.1655712503795,95.6841439029813,101.507726658537,79.3209100964517,93.919108891876,101.443944556589,86.5632136996521,85.8841010123709,98.7902912845867,102.205659886187,100.652885228691,92.2805990259508,97.247158621152,90.3738210575273,94.5233972914658,72.6837759010289,101.071425172064,98.9543496127512,96.8086118169235,96.3832263547478,98.0845450176909,97.3667550711276,103.82628198151,103.826857858879
3.17026507612343,40.7039907200954,79.7875511087692,6.99272641751509,62.4183779031642,5.24735889812746,3.62174351353633,52.9854259228435,42.0415305193803,36.4676513972728,4.489334686441,86.2797721607943,86.2815250197917,82.7466178460978,12.0972160644149,52.3430349662808,12.2181507505271,3.33345882460037,53.7692329432538,6.25399344576249,8.40494326714179,10.9387205149905,26.488142848253,84.4766906498196,22.2974923339706,64.1893856030059,36.8075237969581,63.8899485805465,90.5283528558547,73.3603661694096
1.98991814597764,5.96975459764099,3.97983784571807,4.97479536628555,6.96471397284063,4.97479529319435,2.98487718448382,6.96471428383722,7.95967276795056,6.96471369966662,1.98991813676162,3.97985349216879,4.97480339576475,5.96975859590589,7.95967250942635,4.97479627709311,7.95967251130185,2.98487719042942,4.97479571153383,2.984877239497,3.97983630963324,3.97983632233172,7.95967268393269,5.96975701270389,2.98487753213226,6.96471372942983,7.95967291497789,9.94959118858708,0.994964265207159,7.95970380678477
1.98991811418659,5.96975434255978,3.97983622837319,4.97479528546648,6.96471339965308,4.97479528546648,2.98487717127989,6.96471339965308,7.95967245674638,6.96471339965308,1.98991811418659,3.97983622837319,4.97479528546648,5.96975434255978,7.95967245674638,4.97479528546648,7.95967245674638,2.98487717127989,4.97479528546648,2.98487717127989,3.97983622837319,3.97983622837319,7.95967245674638,5.96975434255978,2.98487717127989,6.96471339965308,7.95967245674638,9.94959057093297,0.994959057093297,7.95966741892721
1.98991811418659,5.96975434255978,3.97983622837319,4.97479528546648,6.96471339965308,4.97479528546648,2.98487717127989,6.96471339965308,7.95967245674638,6.96471339965308,1.98991811418659,3.97983622837319,4.97479528546648,5.96975434255978,7.95967245674638,4.97479528546648,7.95967245674638,2.98487717127989,4.97479528546648,2.98487717127989,3.97983622837319,3.97983622837319,7.95967245674638,5.96975434255978,2.98487717127989,6.96471339965308,7.95967245674638,9.94959057093297,0.994959057093297,7.95966741892721
1.98991811418659,5.96975434255978,3.97983622837319,4.97479528546648,6.96471339965308,4.97479528546648,2.98487717127989,6.96471339965308,7.95967245674638,6.96471339965308,1.98991811418659,3.97983622837319,4.97479528546648,5.96975434255978,7.95967245674638,4.97479528546648,7.95967245674638,2.98487717127989,4.97479528546648,2.98487717127989,3.97983622837319,3.97983622837319,7.95967245674638,5.96975434255978,2.98487717127989,6.96471339965308,7.95967245674638,9.94959057093297,0.994959057093297,7.95966741892721
