143.738696497124,103.782172639928,197.835196468998,138.363332929401,334.348299138461,182.943981565858,83.3315396212329,187.456175174117,312.417391940785,123.117374776976,186.917141502144,732.376219846292,204.790567202991,322.00129475988,247.748877859203,103.144165471832,210.702549955237,125.715298604008,105.821644288579,310.854005938516,117.633473715538,126.468465038446,160.583895377411,194.028183188463,221.542400730609,456.700243646812,132.706087643489,131.354473389009,441.789294524324,179.117136536119
12.2283593635065,7.01912707351846,13.6113607603378,6.57499009310675,21.0911503244618,26.1302605562673,28.934224883025,7.31011124261602,27.2756299543073,21.1898592022413,20.1904191180821,51.9988284412623,11.464659045697,22.4218982613298,12.368575261627,16.1476750448201,22.8878488629725,16.0116377438353,6.88544845153081,23.1989680731689,8.21069176775063,20.367203189472,17.0310967358494,30.5158795467142,25.0162942761126,22.9627237056301,12.0477577498976,15.439458793717,18.2595466245132,30.5869406938123
1.88866687990947,1.71297094719773,1.54606911997428,3.59620141441508,3.15743434674266,3.9034391805003,2.64437830173017,2.37613346273838,1.95385307128947,2.46776636389541,2.90959420919671,2.44304163883282,2.75142698395871,2.53944275119886,2.19304685841792,1.18291420871481,2.80624241581552,3.1035150515163,2.18164889578907,1.99086922888068,1.65253944917538,1.68784176166866,2.47156270908704,5.48448058043357,2.44909435822933,1.62486027907585,2.43447627898161,1.89991854755726,2.0892769254267,3.41315054028541
0.278411068288165,0.204459938509331,0.193522984459491,0.313193825917324,0.438553621797041,0.290461549142947,0.216699109971159,0.159253073994137,0.254133985030421,0.149026735043321,0.267540647600981,0.0461801225850422,0.0870537857164209,0.315761202385943,0.556381398918461,0.162406457467455,0.194912404709157,0.306911185826038,0.0995614918743968,0.226003012591946,0.24418681641987,0.287090045040372,0.221576372073628,0.20109609486849,0.228751357684814,0.332710040206962,0.152259739906071,0.237988024085666,0.239402947791405,0.349005854944494
4.13243810726271e-07,5.35682829649886e-07,3.94103039980109e-07,1.29150419070356e-06,1.35513391796849e-06,6.19936486145889e-07,3.61699676432181e-07,7.79718448029598e-07,6.85439886183303e-07,3.81210611521965e-07,9.29841121433128e-07,3.68704831998912e-07,2.27772829930473e-07,5.55255496692553e-07,1.24774749110657e-06,3.99272835238662e-07,7.23047264727938e-07,8.43812813400291e-07,3.0474564027827e-07,8.37006837173249e-07,5.88848934057751e-07,6.99246015756216e-07,5.44093268217694e-07,7.29230009710591e-07,8.28441102385113e-07,6.55880285194144e-07,2.51761548497598e-07,8.44640908326255e-07,5.70419842915726e-07,1.22459334761515e-06
0,0,0,0,0,0,0,0,0,0,0,0,0,0,0,0,0,0,0,0,0,0,0,0,0,0,0,0,0,0
0,0,0,0,0,0,0,0,0,0,0,0,0,0,0,0,0,0,0,0,0,0,0,0,0,0,0,0,0,0
0,0,0,0,0,0,0,0,0,0,0,0,0,0,0,0,0,0,0,0,0,0,0,0,0,0,0,0,0,0
0,0,0,0,0,0,0,0,0,0,0,0,0,0,0,0,0,0,0,0,0,0,0,0,0,0,0,0,0,0
0,0,0,0,0,0,0,0,0,0,0,0,0,0,0,0,0,0,0,0,0,0,0,0,0,0,0,0,0,0
0,0,0,0,0,0,0,0,0,0,0,0,0,0,0,0,0,0,0,0,0,0,0,0,0,0,0,0,0,0
0,0,0,0,0,0,0,0,0,0,0,0,0,0,0,0,0,0,0,0,0,0,0,0,0,0,0,0,0,0
0,0,0,0,0,0,0,0,0,0,0,0,0,0,0,0,0,0,0,0,0,0,0,0,0,0,0,0,0,0
0,0,0,0,0,0,0,0,0,0,0,0,0,0,0,0,0,0,0,0,0,0,0,0,0,0,0,0,0,0
