6916380709.3182,2291262367.0219,7091315125.88213,6456570410.32085,6452881578.14291,3615493450.55339,5584091979.83892,6874865282.23462,3738131643.54415,7606720997.91382,3048306783.52321,5748624879.01972,3201538672.50992,7079036628.38565,8176090874.1354,4998847273.02925,5317791227.40423,7972814142.58978,5701916291.12746,3301384154.80797,4050351920.08989,3953118103.93098,5345419747.06905,4826706969.50369,6435090031.86452,4438295524.74473,3542486231.9636,3461130872.03822,8623051132.91896,4270540661.58078
171725231.054337,2291262367.0219,4869935831.65096,1906249436.02482,2744410415.21815,1283512965.75793,4250330209.91851,1905487979.88139,3738131643.54415,5968948491.19315,2286390585.93498,4211823633.81871,3201538672.50992,2246321228.38789,2077465558.2162,4998847273.02925,4093649804.13781,2346908483.94216,4587994939.52513,3301384154.80797,2629903260.33935,3398416249.3475,2966957399.30854,3142777622.95869,3109648841.52283,2069800400.1812,3542486231.9636,3461130872.03822,4979595586.45332,4047530231.30772
171725231.054337,2291262367.0219,1031814892.14053,1662233920.50105,2744410415.21815,1283512965.75793,2731593876.33004,1905487979.88139,3738131643.54415,5968948491.19315,2286390585.93498,3428040266.53769,3201538672.50992,2246321228.38789,2077465558.2162,2714270661.76333,4093649804.13781,2346908483.94216,4587994939.52513,3301384154.80797,2629903260.33935,3280269010.52766,2966957399.30854,3142777622.95869,3109648841.52283,1800974293.4277,3542486231.9636,3461130872.03822,4164318049.10575,4047530231.30772
171725231.054337,2291262367.0219,1031814892.14053,1662233920.50105,1232302261.83605,1283512965.75793,2419228715.60975,1905487979.88139,3738131643.54415,4760479240.15611,2286390585.93498,2626957269.09131,3141382724.37926,2246321228.38789,2077465558.2162,2714270661.76333,3103867776.16299,2346908483.94216,1993797780.78201,2676773849.44476,2629903260.33935,2447973307.72487,1633933521.15269,1652737100.93141,2061152151.6042,1653457078.33869,3240617539.08929,3461130872.03822,4164318049.10575,2763259392.92399
171725231.054337,622859868.286592,1031814892.14053,624782334.958845,1218221933.50459,1283512965.75793,1747205298.53768,1905487979.88139,1059912276.89199,2607617811.32329,2215984337.49672,1776292687.88393,3141382724.37926,894898259.045537,2077465558.2162,2714270661.76333,2520650815.87089,1540146153.82804,677905095.121034,2062546477.91886,2629903260.33935,2447973307.72487,348572845.867466,1181343686.24257,1345057303.01011,411162024.788044,2258565629.12633,1881085457.82772,2073184227.06993,1427993806.00387
171725231.054337,406567292.994266,349470781.343012,523895906.785546,489185480.918536,1181405126.15007,616297833.166507,1059458930.17613,1059912276.89199,957809401.850656,1312452359.36663,1639178508.68738,451816100.272197,894898259.045537,1302915849.18411,1766735444.13207,1275248029.24925,1034087620.99353,380916679.912219,993998528.735384,2069408813.74447,700636950.602939,348572845.867466,505340588.774644,464932096.846307,295370867.547983,1213316203.41749,343033607.02065,1375058531.12603,1427993806.00387
171725231.054337,118569011.48716,307770137.717405,199035174.555424,52131740.7857734,209898778.464719,362123522.928702,310268985.848192,681353919.312355,549157447.738098,431372416.593751,136812633.948157,451816100.272197,599690737.97675,358877033.473032,956463228.82851,894657190.919879,386838990.196823,251434550.795517,406439287.543105,1084461846.822,72198800.5363215,348572845.867466,505340588.774644,464932096.846307,295370867.547983,350467756.839005,343033607.02065,259412368.193879,766147900.686459
70775867.2281809,39408020.3608256,33577378.5518102,25195039.317697,21136096.8455338,80319155.3305902,33919475.7840617,33833970.0668097,70867214.7446128,94547038.7580965,33963889.4239174,39177124.0873848,59833817.1565933,82394850.7696616,67667112.809622,78960782.1170761,77112977.5774215,54486611.0989069,24907994.5773145,164027519.539016,18977968.9236983,30482694.7611374,11514931.7795108,27099222.3210594,176174002.983256,54979316.4393212,49764641.2676023,21481727.4770562,32738800.0706169,119964439.57494
3029764.15020484,4153795.86423075,3904804.93747722,4085462.58593124,4657963.80254224,2595945.19929287,4648793.2899576,4238929.28271112,6259010.79910693,5189018.58081398,3706113.20591074,4499551.55470049,5347157.6727525,6852022.35907959,4493984.19609656,11792701.5844984,5164147.82107752,5441707.20941194,3827845.25274291,6004414.11323846,4194686.07508896,1328985.54828575,1868667.31940771,3133717.04175809,8941843.92146138,2823169.97087186,6002817.14467323,2268380.2265452,3036133.6225172,6246886.82829119
59284.6983116339,53269.8966769561,115638.505024898,14460.9566083341,37959.4849274606,113267.365368766,42959.4379894758,74415.5841773203,59958.4147058681,35242.9801233368,28012.1835321209,57518.2708398624,59482.3581226758,89324.7476363287,36396.3135904989,212308.242533292,74844.0264227227,47655.5102132142,100786.958084777,143244.056896285,41273.2216455245,49376.5686113787,10427.7359557266,31705.5271468116,103909.334285308,45854.8481493969,66340.0788749624,51852.0815921234,49125.4268397455,116604.35728698
233.166861015656,207.719960145414,174.842094361099,245.530333115619,427.886583420489,196.707989356932,174.205592658737,182.217475623376,203.798803312235,223.070679155015,125.966439803102,231.063562564636,138.683896497034,136.33605746216,401.91933394029,618.985480405313,119.350833048458,200.370319748121,277.497078455853,186.362590413418,151.116934202443,227.050449266054,234.061369514792,244.825000362307,217.213777954888,117.150205501655,148.888628564733,683.261291493544,164.879506974612,495.738100767842
48.823570063845,71.0511166533204,83.993963416365,55.9391538287407,30.4405522166674,75.2224214430619,25.3717190300031,39.4761242980685,58.0585759975279,44.6676226228258,34.6047969125868,95.7408480882184,34.1837784613949,57.7278201666343,40.3410100520316,49.7296506893915,18.8773937743338,46.4414233265863,54.4382295647574,51.1617326976068,14.4548731814896,39.1275979206098,42.0991700261291,42.3899846282245,58.1541521121446,21.2374867558747,25.6607626928962,19.1751645699708,15.1276772254578,73.1900228647846
46.0713655262575,70.4820255470784,83.8552259472069,50.8813370917519,29.6950180528099,75.0123636180945,25.150157206321,36.9950933545235,57.8895448674282,39.7777053920286,34.4554325077647,83.7077046124525,29.8672825888302,57.5458104853801,40.125201532225,43.0149339915636,11.254065047737,43.9491580827198,39.459837260745,50.9444112675785,14.2792766975499,34.06541857759,41.9051871322338,42.165143635842,57.9076610368861,21.1190936071785,25.0096783704,19.0102371719565,14.3935189218546,72.837934982879
46.066931795963,70.4726702609887,83.853158116134,50.8737883058577,29.6913628290447,75.0093814686645,25.1442687334024,36.9819985825632,57.8816434933919,39.7665168687777,34.4532030358689,83.6902183824545,29.8500460652594,57.5420942686455,40.1210098849965,43.008454531157,11.2441167286538,43.9415043241654,39.4494214980318,50.9390165053417,14.2738452384324,34.0629238689585,41.9005637860068,42.1592388204626,57.9041773378615,21.116095400409,25.0043791463581,19.0086859596165,14.39213128033,72.8337392677943
46.0668715680388,70.4726351670256,83.8531375986292,50.8734801735695,29.6913507713002,75.0093475122728,25.1441710244499,36.981634205601,57.8815383145914,39.7664837403775,34.4531964229477,83.6901293363744,29.8499481488386,57.5420795526393,40.120974890948,43.0084148610517,11.2439735170349,43.9413564191173,39.449374291029,50.938956181036,14.2737697597149,34.0628426037358,41.9004660744629,42.1591854204623,57.9041279338132,21.1160194778809,25.0042413546726,19.008639785055,14.3921107476608,72.8336532637925
46.066871465182,70.4726324879796,83.8531375746838,50.8734795716198,29.6913493211794,75.0093474933979,25.1441708805571,36.9816334632183,57.8815376414243,39.7664797322718,34.4531948060089,83.6901282109366,29.8499456540367,57.5420776926528,40.120974699083,43.0084128392118,11.2439732109383,43.9413560699156,39.4493718343106,50.9389554392183,14.2737696166557,34.0628418423605,41.9004655976321,42.1591848806065,57.9041274186318,21.116018763187,25.0042407285694,19.0086394666971,14.3921107215679,72.8336528606615
