62.3070458176676,69.6554594761046,60.5293036997755,83.023413179209,57.6649494113703,61.4892575462113,58.9248145371766,62.4724356401784,63.1555846034735,86.2793144931093,89.9262645572435,43.3324698337015,74.9796070894777,86.2705198225131,41.2771440725319,46.6882986073629,55.9404161277553,62.1109281752906,96.9240471456392,54.1784346462287,58.5358394907894,55.1765739074176,59.595583403714,59.9794743651432,57.6419916288223,43.6394841937895,47.39493536076,40.9998760097901,77.6788669715002,52.2491415797394
44.8886814499019,45.502053776605,46.2591004557635,38.890263394981,43.9149900071197,35.8268536294481,38.4098059498351,48.6964464164962,45.5166785433753,49.4168221778182,43.0126398030256,43.3324698337015,48.1535146707865,39.925020369596,41.2771440725319,46.6882986073629,41.2794809808447,52.759534763401,45.3793748089838,42.5902789731485,35.8142395859372,46.2316180757784,47.1954993216468,45.9355054675966,45.041427492908,42.7486968427643,47.39493536076,38.4671456750325,46.5652761326173,43.6900121002782
40.4991761066162,37.7647216683163,35.6158363010263,36.6680579966705,39.030153856449,35.8268536294481,38.4098059498351,45.0693321592057,44.8919203088108,44.6895435059769,40.6086677348676,42.8572488204604,41.3288600465371,39.925020369596,41.2771440725319,35.5954071862311,41.2794809808447,43.1284797010226,38.7433066901781,40.0870454534761,35.8142395859372,38.1535654828313,37.4622363918347,40.9037094754217,41.1081881563159,40.5264911086433,41.5976749673359,38.4671456750325,46.5652761326173,43.5743964776166
27.4524330490553,37.7647216683163,35.6158363010263,29.5822578645311,37.1406520029541,35.8268536294481,34.4853127705119,35.8526377219605,34.0217043213206,29.3042715779739,31.8793683466547,34.478325089889,34.6069737121893,33.1751242217315,32.7235249019468,35.5954071862311,41.2794809808447,29.7088204846168,35.6766514869382,39.7212603210164,33.2816781425081,30.6165945251901,36.7787828451342,40.9037094754217,28.837635111357,39.0700807763023,41.5976749673359,34.1845325081499,41.8561493006673,39.2928512328849
11.0972464432662,37.3454996957762,27.3620892269346,26.1028236470038,30.0640089189305,27.4087697624509,31.6424596979605,32.2074697540797,32.3406845620216,25.0931258077098,26.93615622588,31.2508952373964,32.1028153277016,30.8442228344443,27.0600241216257,31.2523448684478,37.2611034483857,27.1154606903556,32.6111152282742,32.1038175868121,26.6224162031499,26.8601045799887,33.8337765354827,34.9758071478282,26.6809404457244,32.2010838539309,28.1232596062296,33.4684165649787,26.177794601992,32.9482080190037
1.89537020457783,36.3361247535104,26.6770336582617,26.1028236470038,30.0640089189305,25.8688433184352,30.51201836576,30.3120414457212,31.0355211721912,25.0931258077098,26.277322781536,31.2508952373964,32.1028153277016,28.5004509147611,8.06912092141874,31.2523448684478,34.6640243834941,27.0680397717147,30.3781579695005,32.1038175868121,25.7561103981052,26.5202457318578,31.1047983608591,31.5240509679593,25.8546007538839,31.6657857590681,25.5229933046467,30.5302333965628,25.8922137281475,31.0005254919156
0.717952571861588,32.344754973723,25.9656726131316,26.1028236470038,29.0514816499108,24.7961528390815,30.51201836576,29.6888679832964,31.0355211721912,25.0931258077098,25.8872354494442,28.2808712125629,29.360151115045,28.5004509147611,5.70193951932742,30.3503292461323,34.6640243834941,25.096553183485,30.3781579695005,32.1038175868121,25.2169985932342,26.0594340331982,29.9214803743625,30.6438146390642,25.8546007538839,29.576699027054,25.4672050444142,28.92467073643,25.6023237339882,29.8194226136479
0.704776417582707,32.344754973723,24.8436688998991,25.078899408074,29.0514816499108,24.7961528390815,28.9029508217486,29.6888679832964,28.0352247292171,24.4781003287317,25.7390834365983,28.2808712125629,29.360151115045,28.5004509147611,4.60868256267031,30.2050582750994,33.8008109577991,25.0208360420711,29.6483611561207,28.3352533525995,25.2169985932342,26.0594340331982,29.5245047683702,30.6438146390642,25.6636110264039,29.576699027054,25.4672050444142,28.92467073643,25.2155444279806,29.8194226136479
0.703833056521944,32.1595237692536,24.8436688998991,24.7521748424315,29.0514816499108,24.7961528390815,28.9029508217486,29.6888679832964,28.0352247292171,24.4781003287317,24.3852187632046,26.9697793688724,29.360151115045,28.5004509147611,4.14881685344926,30.2050582750994,33.8008109577991,25.0208360420711,29.6483611561207,28.3352533525995,25.0995837974101,25.9631538718372,29.5245047683702,30.6438146390642,25.5686671973608,29.576699027054,25.4415108094613,28.92467073643,25.1366359010894,28.7418102288984
0.703572037639788,32.1595237692536,24.8436688998991,24.4046468523707,29.0514816499108,24.7961528390815,28.9029508217486,29.6888679832964,28.0352247292171,24.4781003287317,24.3852187632046,25.8287123728001,29.360151115045,28.5004509147611,3.14112346308229,30.2050582750994,32.5121398476726,24.4463519610058,29.6483611561207,28.3352533525995,24.7550339528871,25.3288434665401,29.5245047683702,29.1850196059368,25.5686671973608,29.576699027054,25.3374201963752,28.92467073643,25.1313198836783,28.588435006383
0.703443192061513,30.4106490152735,24.8436688998991,23.5771324607672,29.0514816499108,24.7961528390815,28.9029508217486,29.6888679832964,26.858015607344,24.4781003287317,24.292400285723,25.8287123728001,29.360151115045,28.5004509147611,0.737833010166469,26.5102368247658,32.5121398476726,24.240070281463,29.6483611561207,27.8429604328658,24.7550339528871,25.3288434665401,27.9328016890972,29.1850196059368,25.0566506643904,29.576699027054,25.3374201963752,28.7437377485817,25.1313198836783,28.588435006383
0.703382298157976,30.3147256517555,24.8436688998991,23.5771324607672,29.0514816499108,24.7961528390815,28.9029508217486,29.6888679832964,26.858015607344,24.4781003287317,24.292400285723,25.5106722194378,29.0381226727363,28.5004509147611,0.534301855765534,25.820082523067,32.5121398476726,24.240070281463,29.6483611561207,27.3536454857676,24.6822367548798,25.3288434665401,27.9328016890972,29.1850196059368,24.800692748358,29.576699027054,25.3374201963752,28.7437377485817,25.1313198836783,28.588435006383
0.703362112722061,30.3147256517555,24.8436688998991,23.5771324607672,29.0514816499108,24.7961528390815,28.9029508217486,29.6888679832964,26.858015607344,24.4781003287317,24.2300186018579,25.5106722194378,29.0381226727363,28.5004509147611,0.426608627447422,25.6547686036311,32.5121398476726,24.240070281463,29.6483611561207,25.584655627606,24.6822367548798,25.3288434665401,27.9328016890972,29.1850196059368,24.800692748358,29.576699027054,24.7866477270813,28.4703664525809,25.1313198836783,28.588435006383
0.703354251295877,30.3147256517555,24.8436688998991,23.5771324607672,29.0514816499108,24.7961528390815,28.3830084096749,29.6888679832964,26.858015607344,24.4781003287317,24.2300186018579,24.8870288480539,29.0381226727363,28.5004509147611,0.409780591222898,25.6547686036311,32.5121398476726,24.1147653546682,29.6483611561207,25.5301110377595,24.6822367548798,25.3288434665401,27.9328016890972,29.1850196059368,24.800692748358,29.576699027054,24.7866477270813,28.4703664525809,25.0039118272171,28.588435006383
