223.03025481027,185.801581899287,192.32482622511,198.241961367964,177.708715095542,180.246509664436,207.090399739135,191.678962852519,275.589742748486,235.228978412221,185.289314751692,177.234129335124,194.052190932838,209.556460065093,183.857896532317,214.266566569186,180.008335502682,196.389437907855,200.728374068293,184.375378249919,188.705271438413,267.520065581368,235.44120409423,188.903156381898,206.434798223345,181.850542085104,203.616939667471,188.990601560708,224.189317532549,186.639261653309
172.247533236004,169.165812289872,171.759028427742,172.129757622901,169.286936363047,170.222798212018,172.175177712057,170.694289581744,224.240693123033,169.463487531933,169.829134744648,170.578127500166,171.503991579119,178.355659624297,166.672532785629,169.951715902989,172.207643149679,168.116895798481,166.257995218556,167.606609348496,167.254869467036,179.151106697836,177.651797660136,171.327006519787,172.029392055109,168.743689529592,170.807395409878,170.441374873735,171.8368196748,168.409935832628
165.899430635087,165.106304751057,165.181733455489,165.430915425494,165.536590516744,165.769777910702,166.408722076488,165.331253803447,173.755979931376,165.190280040491,166.229122411339,165.199095094613,165.401844794378,167.045517973253,165.114949185952,165.561945497282,165.226442354447,165.087689029491,163.062607016508,165.145008384466,165.20800021896,177.392760484375,167.505121858347,166.104241267672,165.300374078727,165.17481762317,165.13518972533,165.500897221352,165.157094156066,165.034101856591
165.21932958226,164.932304166628,164.922919180779,164.936307320782,165.217996371402,165.218941153434,164.93345131949,164.931818675091,169.167808653133,164.934141003897,164.93299947165,164.931774640327,164.923646423455,165.52160489664,164.922356080185,165.216028338547,164.9327970037,164.932535371622,162.702761442739,164.922318204005,164.933440254694,167.482398218033,166.681973747752,165.218648013993,164.922869789697,164.932870337164,164.924100671686,164.922767563828,164.932131343026,164.931590766939
165.212606239712,164.931007906367,164.92194157434,164.931007918925,165.21260621518,165.212605817881,164.931007906122,164.931007904388,168.606945706903,164.931007905786,164.931007906769,164.931007904417,164.921941572831,165.516157174103,164.92194156944,165.212605786876,164.931007906737,164.931007904169,162.700130587994,164.921941569738,164.93100790803,166.683498808505,166.661967271541,165.212606483193,164.92194157042,164.931007907058,164.921941571304,164.921941569249,164.931007904745,164.931007904125
165.212605597661,164.931007902907,164.921941568,164.931007902907,165.212605597661,165.212605597661,164.931007902907,164.931007902907,168.606048566138,164.931007902907,164.931007902907,164.931007902907,164.921941568,165.516157123748,164.921941568,165.212605597661,164.931007902907,164.931007902907,162.700130535329,164.921941568,164.931007902907,166.682114802881,166.66196384554,165.212605597661,164.921941568,164.931007902907,164.921941568,164.921941568,164.931007902907,164.931007902907
165.212605597661,164.931007902907,164.921941568,164.931007902907,165.212605597661,165.212605597661,164.931007902907,164.931007902907,168.606048560443,164.931007902907,164.931007902907,164.931007902907,164.921941568,165.516157123748,164.921941568,165.212605597661,164.931007902907,164.931007902907,162.700130535329,164.921941568,164.931007902907,166.682114787081,166.66196384554,165.212605597661,164.921941568,164.931007902907,164.921941568,164.921941568,164.931007902907,164.931007902907
165.212605597661,164.931007902907,164.921941568,164.931007902907,165.212605597661,165.212605597661,164.931007902907,164.931007902907,168.606048560443,164.931007902907,164.931007902907,164.931007902907,164.921941568,165.516157123748,164.921941568,165.212605597661,164.931007902907,164.931007902907,162.700130535329,164.921941568,164.931007902907,166.682114787081,166.66196384554,165.212605597661,164.921941568,164.931007902907,164.921941568,164.921941568,164.931007902907,164.931007902907
165.212605597661,164.931007902907,164.921941568,164.931007902907,165.212605597661,165.212605597661,164.931007902907,164.931007902907,168.606048560443,164.931007902907,164.931007902907,164.931007902907,164.921941568,165.516157123748,164.921941568,165.212605597661,164.931007902907,164.931007902907,162.700130535329,164.921941568,164.931007902907,166.682114787081,166.66196384554,165.212605597661,164.921941568,164.931007902907,164.921941568,164.921941568,164.931007902907,164.931007902907
165.212605597661,164.931007902907,164.921941568,164.931007902907,165.212605597661,165.212605597661,164.931007902907,164.931007902907,168.606048560443,164.931007902907,164.931007902907,164.931007902907,164.921941568,165.516157123748,164.921941568,165.212605597661,164.931007902907,164.931007902907,162.700130535329,164.921941568,164.931007902907,166.682114787081,166.66196384554,165.212605597661,164.921941568,164.931007902907,164.921941568,164.921941568,164.931007902907,164.931007902907
165.212605597661,164.931007902907,164.921941568,164.931007902907,165.212605597661,165.212605597661,164.931007902907,164.931007902907,168.606048560443,164.931007902907,164.931007902907,164.931007902907,164.921941568,165.516157123747,164.921941568,165.212605597661,164.931007902907,164.931007902907,162.700130535329,164.921941568,164.931007902907,166.682114787081,166.66196384554,165.212605597661,164.921941568,164.931007902907,164.921941568,164.921941568,164.931007902907,164.931007902907
165.212605597661,164.931007902907,164.921941568,164.931007902907,165.212605597661,165.212605597661,164.931007902907,164.931007902907,168.606048560443,164.931007902907,164.931007902907,164.931007902907,164.921941568,165.516157123747,164.921941568,165.212605597661,164.931007902907,164.931007902907,162.700130535329,164.921941568,164.931007902907,166.682114787081,166.66196384554,165.212605597661,164.921941568,164.931007902907,164.921941568,164.921941568,164.931007902907,164.931007902907
165.212605597661,164.931007902907,164.921941568,164.931007902907,165.212605597661,165.212605597661,164.931007902907,164.931007902907,168.606048560443,164.931007902907,164.931007902907,164.931007902907,164.921941568,165.516157123747,164.921941568,165.212605597661,164.931007902907,164.931007902907,162.700130535329,164.921941568,164.931007902907,166.682114787081,166.66196384554,165.212605597661,164.921941568,164.931007902907,164.921941568,164.921941568,164.931007902907,164.931007902907
165.212605597661,164.931007902907,164.921941568,164.931007902907,165.212605597661,165.212605597661,164.931007902907,164.931007902907,168.606048560579,164.931007902907,164.931007902907,164.931007902907,164.921941568,165.516157123747,164.921941568,165.212605597661,164.931007902907,164.931007902907,162.700130535329,164.921941568,164.931007902907,166.682114787622,166.66196384554,165.212605597661,164.921941568,164.931007902907,164.921941568,164.921941568,164.931007902907,164.931007902907
