69.3380466256614,90.1374324645218,88.6105708277345,81.2670021587962,84.7021456850391,49.3950341989274,87.3883731815191,72.6172901884436,215.633727020012,77.4958879393739,90.7904502315685,91.7962319798299,93.9975547276948,96.6873689857447,86.23382473444,98.4743485103621,62.1304208743885,73.5745959065347,90.2509649546017,46.4284959837146,108.752086674316,31.6665389911877,72.1113124063737,70.8498730065238,50.5917466081526,106.338662127618,100.446597569502,76.4463890496968,96.6420452395599,79.4584163541737
12.1787230408838,12.944462775885,1.10240601157875,1.46475491857825,1.07871896118451,0.543621889467943,2.89231098908635,1.60062040597199,70.2022609105782,13.7532848486845,10.4820604227331,4.72085617347039,42.1111602688418,5.30149630579984,11.5813742306353,3.27397569222245,0.76613164160716,1.83041427034982,1.58426439518036,1.98587745440403,67.7926044710736,11.7434149680508,7.96631125363069,2.07552679824209,2.34359852071623,5.42942682846683,7.52857931256534,1.50479308798458,18.1160353209184,4.69787229944058
9.22119039808251,7.12806235720956,0.0244075443119982,0.35517122187639,0.246297009837861,0.0134846700581761,0.281167287214259,0.0457473277760982,0.345537420267533,9.1027308603575,7.17167978244458,0.134767769170594,4.78931875193433,4.14997698118191,9.08232206906109,0.171563079737552,0.108126245732763,0.281780600261641,0.0622395091339172,0.080229876552437,0.566593654475184,9.00543938203452,4.86521291589014,0.160575239016794,0.178840791244454,4.10295358939328,4.95706184380236,0.169252652504213,0.534814099358812,4.31261946586108
8.91773973792289,4.1282095652557,1.23505221267806e-05,0.000340709651084126,4.4270769421928e-05,4.5072680109115e-05,0.000232090470888124,5.30596851717746e-05,0.000541748561545319,8.91780627580596,4.04450769737912,9.45544977071222e-05,3.98773627619943,3.9866754273441,8.91704987204656,0.000106179111924121,5.03318935329844e-05,0.000184561409525941,0.000117091450420048,2.65130896082155e-05,0.00822021015511609,8.91689941245022,3.98708477348714,8.18155539832333e-05,3.47435678236252e-05,3.98664647217669,3.98718588509689,8.32079863926083e-05,0.00285735110753649,3.98693656313742
8.91610193407598,3.98657911283703,9.66338120633736e-13,5.82076609134674e-11,1.16529008664656e-11,2.67164068645798e-12,1.85877979674842e-11,8.92441676114686e-12,6.13340489508118e-11,8.91610193140474,3.98657911250416,1.15960574476048e-11,3.9865791124443,3.98657911235961,8.91610193357576,1.34718902700115e-11,3.46744855050929e-12,1.98951966012828e-11,8.86757334228605e-12,7.67386154620908e-12,3.17186277243309e-11,8.9161019308396,3.98657911238161,2.61479726759717e-12,4.37694325228222e-12,3.9865791123492,3.98657911236864,3.41060513164848e-12,8.06039679446258e-11,3.98657911236091
8.91610192778131,3.98657911234716,0,0,0,0,0,0,0,8.91610192778131,3.98657911234716,0,3.98657911234716,3.98657911234716,8.91610192778131,0,0,0,0,0,0,8.91610192778131,3.98657911234716,0,0,3.98657911234716,3.98657911234716,0,0,3.98657911234716
8.91610192778131,3.98657911234716,0,0,0,0,0,0,0,8.91610192778131,3.98657911234716,0,3.98657911234716,3.98657911234716,8.91610192778131,0,0,0,0,0,0,8.91610192778131,3.98657911234716,0,0,3.98657911234716,3.98657911234716,0,0,3.98657911234716
8.91610192778131,3.98657911234716,0,0,0,0,0,0,0,8.91610192778131,3.98657911234716,0,3.98657911234716,3.98657911234716,8.91610192778131,0,0,0,0,0,0,8.91610192778131,3.98657911234716,0,0,3.98657911234716,3.98657911234716,0,0,3.98657911234716
8.91610192778131,4.00432994406822,0.00134477113033427,0.0110359123352168,0.0059294000797081,0.00238842173257581,0.0015888961499968,0.00295061502629324,0.0246560639896529,8.91610192778131,4.00742319835786,0.00430608242021435,3.99188899491742,3.99002710394649,8.91610192778131,0.00160335230185638,0.00427041656325855,0.0200728748439474,0.00354421984633291,0.00335502803670806,0.00343621724988452,8.91610192778131,3.98735119131425,0.00179488012275897,0.00867480896681627,4.01816534234621,3.9944120423973,0.00183342499116179,0.0143884383836621,3.98943991290861
8.91610193299437,3.98657911234716,0,0,0,0,0,0,0,8.91610192860264,3.98657911234716,0,3.98657911234716,3.98657911234716,8.91610193025156,0,0,0,0,0,0,8.91610192789045,3.98657911234716,0,0,3.98657911234716,3.98657911234716,0,0,3.98657911234716
8.91610192778131,3.98657911234716,0,0,0,0,0,0,0,8.91610192778131,3.98657911234716,0,3.98657911234716,3.98657911234716,8.91610192778131,0,0,0,0,0,0,8.91610192778131,3.98657911234716,0,0,3.98657911234716,3.98657911234716,0,0,3.98657911234716
8.91610192778131,3.98657911234716,0,0,0,0,0,0,0,8.91610192778131,3.98657911234716,0,3.98657911234716,3.98657911234716,8.91610192778131,0,0,0,0,0,0,8.91610192778131,3.98657911234716,0,0,3.98657911234716,3.98657911234716,0,0,3.98657911234716
8.91610192778131,3.98657911234716,0,0,0,0,0,0,0,8.91610192778131,3.98657911234716,0,3.98657911234716,3.98657911234716,8.91610192778131,0,0,0,0,0,0,8.91610192778131,3.98657911234716,0,0,3.98657911234716,3.98657911234716,0,0,3.98657911234716
8.91610192778131,3.98657911234716,0,0,0,0,0,0,0,8.91610192778131,3.98657911234716,0,3.98657911234716,3.98657911234716,8.91610192778131,0,0,0,0,0,0,8.91610192778131,3.98657911234716,0,0,3.98657911234716,3.98657911234716,0,0,3.98657911234716
