257.762248105186,102.225747433431,271.924499952278,275.523704934201,260.930928410336,267.613819915339,203.685583541415,253.694155140726,173.562477949367,272.08216368928,269.929398179955,276.899628497334,133.083944206972,102.738867287514,256.588789537498,251.060600091778,272.847528649745,111.8930404417,266.99330415271,101.554501045284,253.322540217849,239.232845267415,273.395323380776,263.748049605475,241.383999006307,101.406168630529,265.460745662547,207.858168296794,103.751276306152,101.710002819092
248.680600259599,100.832846711502,249.866270090516,243.514823730746,248.073541306884,262.166148847696,203.684072458634,241.082137436659,173.562477949367,237.561328604449,251.08077065022,246.161254623306,133.083944206972,101.090906132887,253.776881170384,251.060600091778,245.210306979169,100.740121883523,243.945558740043,100.409158768291,253.322540217849,239.232845267415,245.750465178223,250.27747033821,241.383999006307,100.661715913296,258.908329132733,207.858168296794,100.652643003011,100.703927218735
245.710908000553,100.465000446143,245.945490096628,242.455813781521,240.781862840692,239.503453492935,203.68406566305,241.082137436659,173.562477949367,237.561328604449,238.99777966311,242.091329475388,133.083944206972,100.504504356489,249.961849289233,247.423623433468,234.727992613408,100.671826995974,239.059372081914,100.409158768291,239.647420942998,239.232845267415,242.952833571471,244.429025231871,236.624610084149,100.647207624828,229.80779852828,207.858168296794,100.652643003011,100.703927218735
228.747984980034,100.461115054113,217.000763599314,227.05110373635,208.696106815029,236.948564007905,203.684064978132,219.783005949061,173.562477949367,237.561328604449,234.972291558001,227.796265713571,133.083944206972,100.504504356489,233.10168270942,236.119184045425,213.833329159047,100.375663878806,238.851778766576,100.319433084837,222.951969535388,227.418968324567,224.881962423257,225.192827052469,226.309021339055,100.647207624828,223.026397954773,207.858168296794,100.613728650299,100.703927218735
207.939155200806,100.394425646052,206.266942843066,206.520076648126,204.912299385714,210.128179948599,203.684064977057,205.222300676292,173.562477949367,205.667814660804,206.730030192127,206.906892559264,133.083944206972,100.504504356489,206.18131024794,205.123818531304,206.422956339557,100.373405583332,206.569686261676,100.319433084837,206.029586048953,211.635524580515,205.123369077911,204.373746320075,205.246604638088,100.647207624828,205.025329100463,207.858168296794,100.600330535349,100.703927218735
207.884665625474,100.394425646052,206.264810863574,206.516483838784,204.912134981722,210.117278536784,138.987154042445,205.22153584325,173.562477949367,205.441511863195,206.718089594863,206.902835289733,133.083944206972,100.504504356489,206.141690597059,205.121736874569,206.422232076115,100.373405583332,206.555561812184,100.319433084837,206.025687165624,211.624729709316,205.121736874575,204.347499286981,205.237099190249,100.647207624828,205.023642670091,207.858168296794,100.600330535349,100.703927218735
207.884665624781,100.394425646052,206.264810863565,206.516483838749,204.912134981722,210.117278474499,138.987154042445,205.221535843247,173.562477949367,205.44151059759,206.71808959457,206.902835289694,133.083944206972,100.504504356489,206.141690596976,205.121736874568,206.422232076114,100.373405583332,206.555561811223,100.319433084837,206.025687087419,211.624729709287,205.121736874564,204.347499156916,205.237099190205,100.647207624828,205.023642670082,207.858168296794,100.600330535349,100.654599596542
207.884665624781,100.394425646052,206.264810863565,206.516483838749,204.912134981722,210.117278474499,138.987154042445,205.221535843247,173.562477949367,205.44151059759,206.718089594567,206.902835289694,133.083944206972,100.504504356489,206.141690596976,205.121736874568,206.422232076114,100.373405583332,206.555561811223,100.319433084837,206.02568708729,211.624729709287,205.121736874564,204.347499155479,205.237099190205,100.647207624828,205.023642670081,207.858168296794,100.600330535349,100.654599596542
207.884665624781,100.229304562942,206.264810863565,206.516483838749,204.912134981721,210.117278474499,138.987154042445,205.221535843246,173.562477949367,205.441510596716,206.718089594567,206.902835289694,133.083944206972,100.266738246525,206.141690596974,205.121736874564,206.422232076112,100.302931836114,206.555561811223,100.207213434101,206.02568708729,211.624729709287,205.121736874564,204.347499155466,205.237099190205,100.40150561258,205.023642670081,207.858168296794,100.410948723916,100.337813031927
207.884665624781,100.198722172158,206.264810863565,206.516483838749,204.912134981721,210.117278474499,138.987154042445,205.221535843246,173.562477949367,205.441510596716,206.718089594567,206.902835289694,133.083944206972,100.232452448719,206.141690596974,205.121736874564,206.422232076112,100.298176123191,206.555561811223,100.168336276386,206.02568708729,211.624729709287,205.121736874564,204.347499155466,205.237099190205,100.340129092469,205.023642670081,207.858168296794,100.335039039874,100.301394362745
207.884665624781,100.197943182305,206.264810863565,206.516483838749,204.912134981721,210.117278474499,138.987154042445,205.221535843246,101.024181151854,205.441510596716,206.718089594567,206.902835289694,100.676960444985,100.229932559325,206.141690596974,205.121736874564,206.422232076112,100.295060942297,206.555561811223,100.165092593588,206.02568708729,211.624729709287,205.121736874564,204.347499155466,205.237099190205,100.336091868499,205.023642670081,100.667328101083,100.328268513869,100.300133670552
207.884665624781,100.197636809186,100.856593581015,100.764316512567,204.912134981721,158.8158075721,138.987154042445,205.221535843246,100.935665304178,205.441510596716,206.718089594567,206.902835289694,100.676960444985,100.229686492265,206.141690596974,205.121736874564,206.422232076112,100.295060942297,206.555561811223,100.164742141981,206.02568708729,142.984966657513,100.750798301223,204.347499155466,136.368229533992,100.335700883771,205.023642670081,100.667328101083,100.32770616298,100.299893462995
103.810988099138,100.197596944472,100.725799062618,100.701824639031,204.912134981721,158.8158075721,138.987154042445,205.221535843246,100.897937562321,205.441510596716,206.718089594567,206.612447956454,100.676960444985,100.229684992257,206.141690596974,205.121736874564,206.422232076112,100.295036901486,206.555561811223,100.164702534217,100.883791317002,142.984966657513,100.74949246712,204.347499155466,136.368229533992,100.335670269538,170.763907278676,100.667328101083,100.327645515777,100.299838737312
100.681316322595,100.19758926324,100.725799062618,100.701824639031,100.833121597649,120.694022783608,138.987154042445,205.221535843246,100.517165411876,100.935367385458,100.826199882756,100.831935927236,100.676960444985,100.229683372341,100.913924022367,205.121736874564,109.295722621813,100.295027266839,110.398486382386,100.164699727894,100.854329400866,142.984966657513,100.703784757204,100.696801818765,112.026932506689,100.33565390897,170.763907278676,100.667328101083,100.32763991985,100.299832153875
