11562.0106381581,5993.95641327467,11482.7223511062,8826.84832739065,7292.07071940016,9905.13485078275,7807.95110915238,9603.97809941208,10961.5520648236,10222.1589510643,12088.4440151836,8668.61410881405,9496.19044304562,9794.69621548007,9766.6959816069,9167.46916807559,9429.93463865939,11325.365524241,6659.13587161858,6351.54931122056,9412.33906492124,10365.9763762926,8847.7542528721,9708.37418942403,9587.19786212616,7301.24606456572,10270.2829083334,7221.63342854325,11704.7113352766,9695.92160268433
9376.31927128176,5993.95641327467,9311.33347977997,8826.84832739065,7292.07071940016,7186.02654509531,6882.37283058585,6578.33512018793,10355.7882932383,6425.09154207429,10955.6149116777,8668.61410881405,7756.41359670709,6985.2343505663,9766.6959816069,6684.69505618917,9429.93463865939,10262.0882612455,5663.72901904446,6351.54931122056,9412.33906492124,10099.2417973827,6737.92842751185,6515.94176913174,8737.40996759436,5855.90333742906,7799.71513389497,7221.63342854325,9271.70893425719,7881.5734815623
9376.31927128176,5993.95641327467,8488.75941152046,7350.37891990713,7088.87500266997,6492.1687655705,5895.39079701683,6578.33512018793,7001.32014335897,6425.09154207429,10198.4011669622,8668.61410881405,7558.01388440941,6203.60464455066,6241.81375298876,4846.75751221869,6895.08705557851,9829.13099161069,5663.72901904446,6070.08211474241,7045.93692651633,6495.72465781433,6737.92842751185,6515.94176913174,8084.03974004791,5855.90333742906,6808.88307091445,7221.63342854325,6675.94521221578,7881.5734815623
6322.86177399443,5993.95641327467,6269.10103538448,7079.89296744429,5627.7473400258,5994.45050165873,5814.60692683639,5862.56772873905,6295.74654249179,6004.45529737246,6960.04571094402,6525.81965136491,6642.96694737601,6203.60464455066,5712.406455461,4846.75751221869,6266.57367669175,7553.92006365615,5663.72901904446,6070.08211474241,6576.34355779934,6182.77746184879,6737.92842751185,6515.94176913174,5496.05162733748,5329.59044411931,6695.35044236604,6210.35901787737,6663.34896956076,7319.86506601954
6322.86177399443,5993.95641327467,6269.10103538448,4806.43891776259,4954.8579757741,3725.12580687088,5216.15508563216,5187.81530700787,6295.74654249179,5551.3093905721,5287.29796329921,6378.03134838734,6481.272186231,6133.07931489772,4726.91330187852,4846.75751221869,5364.90722852372,6232.3017763472,5524.301199029,5974.68993914524,5791.03791292193,4970.47849812707,6468.33371134311,6515.94176913174,5394.69158077381,5048.29670812099,4609.18214492778,6197.42491515081,5858.17590678852,5854.16940093459
6189.17851701037,5123.08704352001,4299.52671322581,4249.97377167475,3769.01247503167,3725.12580687088,3656.68176532248,4682.64489822616,4328.36346046248,5502.81130426287,4898.44228454539,6131.6523383041,4783.49133355797,5091.93866016864,4427.51956334135,4560.607633948,5244.62776986773,4898.21618864555,4849.59923531971,4256.32837495303,5791.03791292193,4456.06183984876,3838.22535997759,5576.28282239328,5169.06881009234,4284.08977387624,4075.28290503256,6197.42491515081,5342.87611126786,3999.65994752736
4660.54487003674,3740.587890145,3857.86901738836,2308.27746584486,2374.46572532172,2478.02098359851,3656.68176532248,3145.46093164642,4150.78295053294,3880.14839758698,3610.24380358881,4301.99639166162,2804.29290466138,3694.19758243454,3638.84531446122,2661.65794089423,4039.99507487358,3024.19141174559,3072.1168673716,3580.0508987962,4280.81026097546,3183.97425432106,2926.17741229951,3755.96139163159,3877.31772803116,2267.47391139614,2718.20982963925,3795.53297316114,3704.25687165574,3325.11998810677
1455.98610458173,1467.65644089525,2371.11903416658,1571.1215602006,1397.15937211023,1385.8092755408,1858.44960825165,1293.93580393025,2424.33343563718,1490.8365695938,1788.45023278467,2113.85854674842,1419.71073528727,1487.04675179758,1411.61284134921,1510.3907159166,1717.17940207255,1605.60685191545,1754.79559660664,1396.74310722923,1619.47705616694,1825.62750711756,1403.31839626475,1403.40459297085,1706.33199078267,1560.69112568117,1725.41748154024,1874.92417509989,1896.97600900455,1505.23499607955
754.947737561834,771.113102648646,914.58652740293,774.690653662524,714.957798935264,787.274344049277,931.016840927087,712.432427980976,921.448932545992,725.246421887104,1026.67645183025,858.13065383214,868.271201410365,797.397707567065,737.032148879425,729.15533909853,781.008570867319,892.155457088499,792.17968532305,756.446248693539,933.244085919669,817.661706420636,729.952704809155,854.247620955568,875.470381381742,674.517812637987,839.932792586598,888.766772418646,768.064198611467,752.550765949516
424.254135079567,382.02175834221,388.790516234892,374.431335917402,358.467364932234,387.639569179393,384.951593325217,385.459743010727,406.252726681372,419.817762822006,396.760092952937,390.474457081557,384.492327178787,388.444591620749,414.603735369458,380.119544171718,391.196313779776,387.783916880735,381.837486850733,384.015923009299,405.368075084963,366.856670996,378.87753253821,379.012148136441,378.373538447669,366.255619621201,377.684805706381,383.653802394753,414.450387236959,383.463062466326
401.229033564925,304.919493734072,305.572470549717,305.986189194588,304.612680658629,305.775699609113,307.519220619738,306.335804017102,306.606560984759,401.021570088538,306.367635528036,309.024922311196,305.788367117733,306.21026415298,401.149498134978,305.558996316102,305.87569945978,304.650938101926,305.688112962114,304.792011397291,306.195250322332,305.594103537333,305.656033038206,306.451016654595,307.349491928124,305.970607315368,305.548687405249,308.382890232142,400.968941630355,305.430441127789
400.008720954692,300.045447297201,300.085004462507,300.033800958644,300.030928853694,300.059408389631,300.043081118399,300.037399126782,300.047917979651,400.006404171529,300.058152828498,300.062711741887,300.046593576849,300.05680737513,400.010261418816,300.038787745607,300.035287596693,300.045754187873,300.042891517603,300.045958036098,300.065974457288,300.053146179656,300.045631952605,300.048855819909,300.043348934635,300.035741219062,300.052374603319,300.050749826397,400.010137852516,300.044343562453
400.000001941761,300.000011655429,300.000013943766,300.000005613941,300.000005509771,300.000012868625,300.000011451736,300.000009657472,300.000008645692,400.000002402269,300.000013120689,300.000011294372,300.000008744721,300.000009679891,400.00000176643,300.000007172529,300.000005875968,300.000011719604,300.000007893008,300.000008379164,300.000010794176,300.00000852407,300.000006664354,300.000006423675,300.000008624338,300.000006266289,300.000011350349,300.00000693453,400.000002450824,300.000007544855
400,300.000000001166,300.000000002976,300.000000000022,300.000000001583,300.000000000025,300.000000000006,300.000000000135,300.000000001438,400,300.000000001782,300.000000001905,300.000000002063,300.000000002005,400.000000000001,300.000000000004,300.000000001681,300.000000002282,300.000000001222,300.000000000204,300.000000002103,300.000000000139,300.000000001104,300.000000001318,300.000000001009,300.000000001462,300.000000002227,300.000000000366,400,300.000000001325
400,300.000000000004,300.000000000004,300.000000000004,300.000000000004,300.000000000003,300.000000000004,300.000000000003,300.000000000004,400,300.000000000003,300.000000000004,300.000000000004,300.000000000004,400.000000000001,300.000000000004,300.000000000004,300.000000000003,300.000000000003,300.000000000003,300.000000000003,300.000000000003,300.000000000003,300.000000000004,300.000000000003,300.000000000004,300.000000000004,300.000000000002,400,300.000000000003
3.78911227016943e-06,300.000000000004,300.000000000004,4.5868769120716e-06,300.000000000004,4.8941310524242e-06,4.34704043072998e-06,3.50793425241136e-06,300.000000000004,3.97783787775552e-06,300.000000000003,300.000000000004,300.000000000004,300.000000000004,300.000003357126,3.91112143915961e-06,300.000000000004,300.000000000003,300.000000000003,4.57684382126899e-06,300.000000000003,5.97649886913132e-06,300.000000000003,300.000000000004,300.000000000003,300.000000000004,300.000000000004,200.000003181789,300.000003435425,25.4493312485479
