312.354748305462,515.929672917337,515.906806619893,501.406724654599,589.702262127274,358.824922602782,294.613082916182,481.517896558208,372.976714715018,344.094013965065,641.32987432948,588.619291818769,293.495240094252,643.407196487356,510.674555043549,397.995297617626,420.811095490782,569.21040084747,592.821027698322,613.183359315683,513.754754679406,568.840728111407,225.809147765086,475.823927738906,441.975152268957,284.774119230977,497.416584898341,479.955933039137,486.464970954142,661.897778104746
312.354748305462,515.929672917337,398.558896911954,501.406724654599,538.21272818351,346.667460929759,294.613082916182,481.517896558208,310.001103231457,323.386972651617,491.847737945521,557.981282069127,293.495240094252,643.407196487356,461.421861491235,297.146152382103,372.823730427669,420.695660026845,592.821027698322,448.673982163447,460.636862498061,436.19917488286,225.809147765086,475.823927738906,441.975152268957,284.774119230977,497.416584898341,412.319484864432,337.690139252352,505.110827322111
283.599188061756,515.929672917337,328.346524850967,429.822251434991,451.295457425182,346.667460929759,294.613082916182,325.455318675939,310.001103231457,266.660038346763,436.755078911112,497.911523337547,293.495240094252,643.407196487356,461.421861491235,297.146152382103,331.0402099278,420.695660026845,375.103791196122,267.735720993355,264.978483245109,305.001539117755,225.809147765086,380.520284430761,269.770227570131,284.774119230977,267.772067388885,309.993471164488,291.72167076711,431.869465023881
283.599188061756,385.499661452163,322.16756890442,307.572769511224,279.932801440309,282.898289813096,291.607593795009,284.358656932278,310.001103231457,266.660038346763,436.755078911112,380.791220925966,293.495240094252,625.81597460509,427.64775690737,297.146152382103,235.107066066979,317.118524509463,375.103791196122,251.665613845795,264.978483245109,235.572638643576,225.809147765086,289.807607714055,269.770227570131,284.774119230977,251.175489212621,255.168149905458,257.050321680545,325.568706395514
257.962436008273,285.644070354494,253.498360729479,276.704089823928,242.111268391,271.461441895695,291.607593795009,279.252081557113,299.510806484336,263.270332746012,261.830561178521,280.85124945298,293.495240094252,564.918380427966,361.203733624489,264.789771353819,235.107066066979,243.224703167323,323.439855171181,247.658459183356,232.948883689384,213.306344320331,225.809147765086,253.795474415813,240.200423025514,284.774119230977,221.452544906545,211.91031581854,207.964706062795,322.62331549089
216.952173211807,190.527275369161,197.687069340828,215.499150514155,205.234796235541,220.50063306228,256.315585464778,209.719445579312,209.786880963085,241.71497557513,208.671557104783,280.85124945298,235.336420035419,239.080372877116,286.499264269831,232.555701752995,198.043488494181,218.178120986034,216.715084992854,230.028873132951,226.758525180914,193.268611987073,225.809147765086,207.944361134334,229.624779395223,222.564419889582,177.990186949552,189.762905034488,206.414071722551,257.150330384063
183.508844442034,174.821257270906,180.3750353614,195.39305369719,181.65662651898,178.959985628543,198.785671675402,183.990871741864,178.782652898104,203.209877999444,179.015748780209,233.016409160224,201.480052205281,197.984574348303,242.042050622001,196.397798657904,183.646898054991,202.779443781726,175.5346068272,180.417468149429,182.125370397842,177.451926747194,185.816954466377,184.301597874455,176.988353077921,198.848994499502,175.339828521973,174.584996625175,175.161529192257,224.634755264834
170.588716646228,172.120976840727,169.496097177042,173.680292705586,169.360691866036,170.443778646152,169.246887439564,171.782254190943,171.864279153738,173.869053267597,171.701416041258,183.547081549522,170.525962201868,173.74320513493,203.483877766974,171.955857201211,172.828029826172,175.891805801972,170.776222687397,173.656189778947,172.125766073793,169.358393254859,173.639669374274,172.447639922002,170.259464613816,172.083914540178,169.830191030457,168.106216151418,168.562806900039,173.388578683395
165.358678835591,165.27452406792,165.181322406663,166.423589917327,165.185676683074,165.279016737354,165.553463615297,166.101965347369,165.327173747179,169.712715839778,165.254561954377,169.701777242678,168.840112995784,165.820255175296,170.011104866892,165.632655754536,165.46465160255,165.576475827366,165.192647234934,165.809568272585,165.135238134734,165.15205515481,167.139519670784,165.330332838069,165.459493095732,165.26788784959,165.76695620022,165.150570441528,165.199395633165,165.342021669547
164.977464000356,164.936715830927,164.950257903874,164.957033973663,165.073281756928,164.963670039896,164.957336273455,165.285719067265,164.976269608165,168.734811098192,164.952048858539,168.607405348505,166.641459127463,164.969780785455,168.77697605409,164.946822896424,164.839718105359,164.976656286654,164.975983828719,164.985511926544,164.976020208485,164.983659943416,164.576219292886,164.976367240131,165.241787311389,164.943306017559,165.261918121838,164.977256181448,164.938868896575,164.978510965825
164.97586764172,164.922016044154,164.931055752647,164.922002709101,165.072592183621,164.931714516292,164.931269904752,165.215062528174,164.97586763978,168.707079464577,164.931064067127,168.569956234007,166.595591892703,164.922047489884,168.707097669129,164.931123518874,164.644086919094,164.975867641927,164.975867638206,164.975867647237,164.975867636499,164.975925311257,164.542736486782,164.975867636189,165.213513287726,164.931152285299,165.212846535552,164.975867640348,164.931038087055,164.975867651465
164.975867634587,164.921941789433,164.931007992726,164.921941665484,165.072592150563,164.931008319005,164.931008216121,165.212617729001,164.975867634461,168.706783685915,164.931007904644,168.569692574383,166.593797055349,164.921941778202,168.70678359273,164.931007957578,164.637845104365,164.975867637825,164.975867638206,164.975867636091,164.975867634922,164.975867699495,164.542482716638,164.975867634729,165.212608986504,164.93100802311,165.212605651557,164.975867635372,164.931007941809,164.975867634417
164.92194318165,164.921941568312,164.931007913507,164.92194157009,164.980193355042,164.93100790314,164.931007904515,165.212605600136,164.9331240627,168.706783457952,164.931007902907,168.569692323017,166.59378487724,164.921941568597,168.706783457952,164.931007909603,164.637783833385,164.931012573101,164.934222475405,164.936878232547,164.975867634922,164.975867634219,164.542482488277,164.975867634729,165.212605598747,164.931007904304,165.212605597661,164.975867635372,164.931007903442,164.931537271601
164.921941568058,164.921941568045,164.931007913507,164.92194157009,164.931007902907,164.931007902907,164.931007902907,165.212605597736,164.931007902907,168.706783457951,164.931007902907,168.56969232226,166.593784869251,164.921941568242,168.706783457951,164.931007909603,164.637783833385,164.931007902907,164.931007902907,164.931007902989,164.931007903001,164.975867633901,164.542482472824,164.93101147735,165.212605597766,164.931007904304,165.212605597661,164.931007902907,164.931007903442,164.931007902907
164.921941568,164.921941568,164.931007902907,164.921941568,164.931007902907,164.931007902907,164.931007902907,165.212605597661,164.931007902907,168.706783457951,164.931007902907,168.56969232226,166.593784869251,164.921941568,168.706783457951,164.931007902907,164.637783641465,164.931007902907,164.931007902907,164.931007902907,164.931007902907,164.975867633901,164.542482472772,164.931007902907,165.212605597661,164.931007902907,165.212605597661,164.931007902907,164.931007902907,164.931007902907
164.921941568,164.921941568,164.921941568043,164.921941568,164.92194156803,164.921941568088,164.921941568039,164.921941568069,164.921941568066,164.921941568079,164.921941568052,164.926482633178,164.92194156804,164.921941568,164.931007903086,164.921941568142,164.637783641465,164.921941568039,164.921941568078,164.921941568035,164.921941568023,164.921941568135,164.542482472772,164.931007902907,164.931007902956,164.921941568055,164.931007902964,164.921941569567,164.931007902907,164.921941568216
