102.114957406437,83.8749123687999,95.4992789472412,91.2836952742018,68.9419283556811,89.2045911078224,114.802277498952,83.210244265637,73.3079955876691,109.495467218695,82.5624008380232,69.3255638614934,106.693782519303,75.7999076619171,89.7427631529833,74.3413385701062,109.257643711973,104.857890984797,84.1812879994086,73.2064531294379,86.858909859153,105.78056078105,92.17885049877,54.5428218594582,87.8370085128197,86.2754675106349,84.0477386708711,68.4848746993778,80.621906747849,82.1246934782143
102.114957406437,83.8749123687999,94.3075379960583,91.2836952742018,68.9419283556811,71.896463557199,88.6626340092353,83.210244265637,73.3079955876691,73.5924640423045,82.5624008380232,69.3255638614934,75.9884705297623,63.4038833224323,56.8137812280605,74.3413385701062,95.1668012129968,103.285525893828,66.1150374398718,73.2064531294379,71.5634278053935,100.906770739508,92.17885049877,54.5428218594582,87.8370085128197,84.3946100882359,84.0477386708711,68.4848746993778,80.621906747849,82.1246934782143
72.7600124918872,83.8749123687999,80.550852195197,77.8392106749175,68.9419283556811,66.1890432229563,88.6626340092353,83.210244265637,70.9165166499632,71.8835129548135,78.9838243797602,69.3255638614934,75.9884705297623,63.4038833224323,56.8137812280605,53.9912552432619,73.3003966120186,89.5411336093586,66.1150374398718,70.2931728572751,71.5634278053935,71.6002146165765,72.9225834652748,54.5428218594582,75.026054094047,83.8262462241619,70.741216621754,68.4848746993778,63.0154223749618,75.7355964640087
72.7600124918872,69.2987621722501,80.4705433718442,71.7319798239211,68.9419283556811,55.5745082417598,81.5264207314655,64.1074029120405,70.9165166499632,71.8835129548135,78.9838243797602,65.8253831403749,75.9884705297623,58.6303776139589,56.8137812280605,53.9912552432619,73.3003966120186,82.4588603073016,66.1150374398718,70.2931728572751,71.5634278053935,65.9361243042273,68.3276525690236,54.5428218594582,68.4418074189243,74.2255949956922,70.741216621754,67.9848037830577,63.0154223749618,66.5825590189284
70.0941920200682,65.189572245675,68.1317189904919,61.2221861488257,68.9419283556811,55.5745082417598,54.2081508206508,56.9924288866353,60.1708236571791,57.2854299461181,77.0792541139876,65.8253831403749,75.3562988007851,58.6303776139589,56.8137812280605,53.9912552432619,72.9996524056389,44.8772345456283,44.2413872406006,64.4883139129003,54.9042148365446,65.9361243042273,68.3276525690236,54.5428218594582,57.0212393286978,72.313846213191,56.6849392953676,67.9848037830577,55.8615076935415,45.6552409459131
43.9015000058059,48.0660081386611,50.336366232247,47.8748985528531,62.7937376479232,52.1397138466443,51.0245162583484,56.9924288866353,51.7613288251971,36.0558644753709,67.6055941821191,51.7138109999685,71.3930635874837,58.6303776139589,54.6299558281609,48.5041182483344,54.7312311911338,44.8772345456283,44.2413872406006,41.537423863437,51.0088121450663,50.4261853366945,32.4231211086291,46.4828210163879,55.8361775402761,63.4698613889078,53.6861229024839,52.8963586179073,44.9213335251677,45.6552409459131
43.9015000058059,43.4917323439885,48.0395548324133,47.8748985528531,38.9242871925786,35.9342184598808,50.5719183417349,43.2549962909887,51.7613288251971,36.0558644753709,46.8627278581816,39.2611233991043,41.4514095137944,58.6303776139589,46.2437846761748,48.5041182483344,35.4182095552642,36.4743987868247,44.2413872406006,41.537423863437,51.0088121450663,50.4261853366945,32.4231211086291,40.1726328679447,45.5456177152369,33.9472973265674,31.8609121539366,48.2099173062857,39.4320236269893,42.6387491212191
39.3651918254989,43.4917323439885,41.2778460908688,47.103685860445,38.9242871925786,35.9342184598808,45.9526310130365,43.2549962909887,33.7097754371998,36.0558644753709,39.1346729964687,30.7752050636597,41.4514095137944,44.1399883301888,46.2437846761748,35.9498310456843,35.4182095552642,36.4743987868247,44.1915648185128,27.2851088968224,40.4975528889499,32.4916213108096,32.4231211086291,40.1726328679447,38.6903345168981,32.5591310528929,31.8609121539366,41.9031824845796,39.4320236269893,31.2581546367643
27.8099018491736,32.2580904783218,28.7993860946783,32.5957357651163,31.4541288581324,30.1401956279727,39.0054871859198,37.6314274574323,33.239261992131,36.0558644753709,39.1346729964687,30.7752050636597,30.3288735529754,36.1599917984245,28.2696006818803,31.5736695431762,21.1768020795744,36.0374396103772,36.7057985909028,27.2851088968224,28.701276136212,32.4916213108096,29.3122716239384,38.5095732831181,33.2426824301792,32.5591310528929,31.8609121539366,28.3117426202764,38.8003966532784,29.9682752691878
27.8099018491736,30.5768267059875,28.7993860946783,21.1401808888382,31.4541288581324,30.1401956279727,34.6346148300455,36.452928608213,29.3243849598506,30.9419067975721,29.8123096838876,22.3389031229785,28.9755884008841,36.1599917984245,28.2696006818803,27.5627701282586,21.1768020795744,30.2651016397029,26.1428699614705,27.2851088968224,17.8317465983631,29.8541830583492,29.3122716239384,30.9025443580441,33.1057783084191,32.5591310528929,31.8609121539366,28.3117426202764,35.6538143372132,26.8127650604066
9.68333792897931,8.96030700185327,22.1342420590951,3.21389469742167,31.4541288581324,7.59561579531623,14.8119783244689,20.3393514629564,3.54393522108751,30.9419067975721,7.47219484959726,22.3389031229785,28.9755884008841,28.8855319322923,17.7435499913108,2.34230756502723,21.1768020795744,19.1908653481441,6.03635693969011,24.3802148633566,2.3720499917697,16.9259827070141,25.4465704555,1.45514007720806,24.8053125721526,32.5591310528929,14.6247449316678,21.6105392765617,13.7615964046731,2.25892481142637
4.97485340642527,5.96978138028169,3.98094074984351,2.98487968521385,1.99661808068834,5.96975726486198,0.995444904001715,1.99046856569271,2.98488403918657,4.13947237395098,4.9748278993693,4.99412765067109,2.02099373931856,9.32964405633595,2.98507698476431,0.994966650271863,5.970117396776,3.98101981034517,2.98494305802205,3.0180249137577,0.994972683513538,1.99008013426044,17.1849835968793,5.16636475822452e-06,3.98038943886854,2.98771467368363,3.97994551193733,3.98026621446854,3.9801770717005,1.98992047783827
4.97479528547171,5.96975434256058,3.97983622837705,2.98487717128103,1.98991811422479,5.96974930474312,0.994959057097958,1.98991811420512,2.98487717128228,3.97983623046582,4.97479528547365,4.97479528562201,1.98991811432438,1.98991813136695,2.98487717128353,0.99495905709432,5.9697543425616,3.97983622838683,2.98487717128398,2.98487717153466,0.994959057094547,1.98991811419376,0.99496009153188,9.09494701772928e-13,3.9798362284314,2.98487717134947,3.97983622837558,3.97983622837762,3.97983622837876,1.9899181141875
4.97479528546648,5.96975434256058,3.9798362283733,2.98487717128103,1.9899181141875,5.96974930474312,0.994959057094434,1.98991811420512,2.98487717128228,3.97983622837364,4.97479528547365,4.97479528546751,1.98991811418762,1.98991811418739,2.98487717128057,0.99495905709432,5.96975434256024,3.97983622837387,2.98487717128398,2.9848771712808,0.994959057094547,1.98991811418762,0.994959057093865,9.09494701772928e-13,3.97983622837319,2.98487717128455,3.97983622837341,3.97983622837364,3.97983622837648,1.9899181141875
4.97479528546648,5.96975434255978,3.97983622837319,2.98487717127989,1.98991811418659,5.96974930474073,0.994959057093297,1.98991811418659,2.98487717127989,3.97983622837319,4.97479528546648,4.97479528546648,1.98991811418659,1.98991811418659,2.98487717127989,0.994959057093297,5.96975434255978,3.97983622837319,2.98487717127989,2.98487717127989,0.994959057093297,1.98991811418659,0.994959057093297,0,3.97983622837319,2.98487717127989,3.97983622837319,3.97983622837319,3.97983622837319,1.98991811418659
0.994959057093297,5.96975434255978,3.97983622837319,2.98487717127989,1.98991811418659,0,0.994959057093297,1.98991811418659,2.82523738213376,0,1.26421785184402,4.97479528546648,1.98991811418659,1.98991811418659,2.98487717127989,0,5.96975434255978,0.38053491551841,1.98991811418659,2.98487717127989,0,1.98991811418659,1.13686837721616e-13,0,0.994959057093297,2.98487717127989,1.47404132400072,0.994959057093297,3.97983622837319,1.04822964509901
