43.9015000058059,48.0660081386611,50.336366232247,47.8748985528531,62.7937376479232,52.1397138466443,51.0245162583484,56.9924288866353,51.7613288251971,36.0558644753709,67.6055941821191,51.7138109999685,71.3930635874837,58.6303776139589,54.6299558281609,48.5041182483344,54.7312311911338,44.8772345456283,44.2413872406006,41.537423863437,51.0088121450663,50.4261853366945,32.4231211086291,46.4828210163879,55.8361775402761,63.4698613889078,53.6861229024839,52.8963586179073,44.9213335251677,45.6552409459131
43.9015000058059,43.4917323439885,46.5719858299618,47.8748985528531,38.9242871925786,35.9342184598808,45.9526310130365,43.2549962909887,48.8719250300275,36.0558644753709,42.7009550574653,30.7752050636597,41.4514095137944,44.1399883301888,46.2437846761748,35.9498310456843,35.4182095552642,36.4743987868247,44.2413872406006,27.2851088968224,40.4975528889499,32.4916213108096,32.4231211086291,40.1726328679447,38.6903345168981,33.9472973265674,31.8609121539366,47.9438975924453,39.4320236269893,42.6387491212191
27.8099018491736,32.2803527331331,41.2778460908688,32.5957357651163,38.9242871925786,30.1401956279727,42.1375280024015,42.8107126917811,33.239261992131,36.0558644753709,39.1346729964687,30.7752050636597,38.0007612232931,36.1599917984245,28.2696006818803,35.9498310456843,35.4182095552642,36.0374396103772,43.3217636509746,27.2851088968224,40.4975528889499,32.4916213108096,32.4231211086291,38.5095732831181,33.2426824301792,32.5591310528929,31.8609121539366,28.3117426202764,39.4320236269893,31.2581546367643
27.8099018491736,32.2580904783218,28.7993860946783,32.5957357651163,31.4541288581324,30.1401956279727,34.6346148300455,36.452928608213,29.3243849598506,36.0558644753709,39.1346729964687,30.7752050636597,30.3288735529754,36.1599917984245,28.2696006818803,31.5736695431762,21.1768020795744,30.2651016397029,26.1428699614705,27.2851088968224,28.701276136212,32.4916213108096,29.3122716239384,30.9025443580441,33.1057783084191,32.5591310528929,31.8609121539366,28.3117426202764,36.4513202051406,29.9682752691878
9.68333792897931,8.96030700185327,22.1342420590951,3.21389469742167,31.4541288581324,7.59561579531623,14.8119783244689,20.3393514629564,3.54393522108751,30.9419067975721,7.47219484959726,22.3389031229785,28.9755884008841,28.8855319322923,17.7435499913108,2.34230756502723,21.1768020795744,19.1908653481441,6.03635693969011,24.3802148633566,2.3720499917697,16.9259827070141,25.4465704555,1.45514007720806,24.8053125721526,32.5591310528929,14.6247449316678,21.6105392765617,13.7615964046731,2.25892481142637
4.97479531882936,5.96975434797037,3.97983662315926,2.98487717217392,1.98992016187265,5.96974930904003,0.994959205082864,1.98991825544192,2.98487717306386,3.97986067553279,4.97479529513691,4.97480632001532,1.98992333972785,1.99083587137488,2.98487729822739,0.994959058966742,5.9697543876606,3.97983643138809,2.98487719370689,2.98488680301318,0.994959059689336,1.98991828740282,1.00294828523772,2.0158950064797e-09,3.97983648468005,2.98487839838958,3.9798363223282,3.97983628625116,3.97983630069257,1.98991811454653
4.97479528546739,5.96975434256058,3.9798362283733,2.98487717128103,1.9899181141875,5.96974930474312,0.994959057094434,1.98991811420512,2.98487717128228,3.97983622837364,4.97479528547365,4.97479528546751,1.98991811418762,1.98991811418807,2.98487717128057,0.99495905709432,5.96975434256024,3.97983622837387,2.98487717128398,2.9848771712808,0.994959057094547,1.98991811418762,0.994959057211645,9.09494701772928e-13,3.97983622837432,2.98487717128455,3.97983622837341,3.97983622837364,3.97983622837648,1.9899181141875
4.97479528546648,5.96975434256058,3.9798362283733,2.98487717128103,1.9899181141875,5.96974930474312,0.994959057094434,1.98991811420512,2.98487717128228,3.97983622837364,4.97479528547365,4.97479528546751,1.98991811418762,1.98991811418739,2.98487717128057,0.99495905709432,5.96975434256024,3.97983622837387,2.98487717128398,2.9848771712808,0.994959057094547,1.98991811418762,0.994959057093865,9.09494701772928e-13,3.97983622837319,2.98487717128455,3.97983622837341,3.97983622837364,3.97983622837648,1.9899181141875
4.97479528546648,5.96975434256058,3.9798362283733,2.98487717128103,1.9899181141875,5.96974930474073,0.994959057094434,1.98991811420512,2.98487717127989,3.97983622837364,4.97479528547365,4.97479528546751,1.98991811418762,1.98991811418739,2.98487717128057,0.994959057093865,5.96975434256024,3.97983622837387,2.9848771712816,2.9848771712808,0.994959057093297,1.98991811418762,0.994959057093297,9.09494701772928e-13,3.97983622837319,2.98487717128455,3.97983622837341,3.97983622837319,3.97983622837648,1.9899181141875
4.97479528546648,5.96975434255978,3.97983622837319,2.98487717127989,1.98991811418659,5.96974930474073,0.994959057093297,1.98991811418659,2.98487717127989,3.97983622837319,4.97479528546648,4.97479528546648,1.98991811418659,1.98991811418659,2.98487717127989,0.994959057093297,5.96975434255978,3.97983622837319,2.98487717127989,2.98487717127989,0.994959057093297,1.98991811418659,0.994959057093297,0,3.97983622837319,2.98487717127989,3.97983622837319,3.97983622837319,3.97983622837319,1.98991811418659
4.97479528546648,5.96975434255978,3.97983622837319,2.98487717127989,1.98991811418659,5.96974930474073,0.994959057093297,1.98991811418659,2.98487717127989,3.97983622837319,4.97479528546648,4.97479528546648,1.98991811418659,1.98991811418659,2.98487717127989,0.994959057093297,5.96975434255978,3.97983622837319,2.98487717127989,2.98487717127989,0.994959057093297,1.98991811418659,0.994959057093297,0,3.97983622837319,2.98487717127989,3.97983622837319,3.97983622837319,3.97983622837319,1.98991811418659
4.97479528546648,5.96975434255978,3.97983622837319,2.98487717127989,1.98991811418659,5.96974930474073,0.994959057093297,1.98991811418659,2.98487717127989,3.97983622837319,4.97479528546648,4.97479528546648,1.98991811418659,1.98991811418659,2.98487717127989,0.994959057093297,5.96975434255978,3.97983622837319,2.98487717127989,2.98487717127989,0.994959057093297,1.98991811418659,0.994959057093297,0,3.97983622837319,2.98487717127989,3.97983622837319,3.97983622837319,3.97983622837319,1.98991811418659
0.994959057093297,5.96975434255978,3.97983622837319,2.98487717127989,1.98991811418659,5.96974930474073,0.994959057093297,1.98991811418659,2.98487717127989,3.97983622837319,4.97479528546648,4.97479528546648,1.98991811418659,1.98991811418659,2.98487717127989,0.994959057093297,5.96975434255978,3.97983622837319,2.98487717127989,2.98487717127989,0.994959057093297,1.98991811418659,0.994959057093297,0,1.98991811418682,2.98487717127989,3.97983622837319,3.97983622837319,3.97983622837319,1.98991811418659
0.994959057093297,5.96975434255978,3.97983622837319,2.98487717127989,1.98991811418659,0,0.994959057093297,1.98991811418659,2.82523738213376,0,1.26421785184402,4.97479528546648,1.98991811418659,1.98991811418659,2.98487717127989,0,5.96975434255978,0.38053491551841,1.98991811418659,2.98487717127989,0,1.98991811418659,1.13686837721616e-13,0,0.994959057093297,2.98487717127989,1.47404132400072,0.994959057093297,3.97983622837319,1.04822964509901
