8855.90247575031,8917.98696893664,9998.93523465632,9771.42047937676,11065.3214691377,9462.81278186428,11735.0317421457,9297.04225650668,7939.84127948582,9911.69393217469,10975.9852183901,10110.0781852223,6442.6521274463,7558.17282053768,8453.98856897736,9398.57950507391,9564.0396399245,12118.7689548449,9855.97853954912,9547.17653434322,9674.3075824809,9515.1348402448,6422.3611705104,9911.03409823296,8036.80717348586,7270.33643563659,8277.85814977982,7906.09088681308,7957.06657507982,10962.146817074
8855.90247575031,8917.98696893664,5936.67834311109,6659.76152508812,11065.3214691377,5394.21141080881,7972.25673099068,6798.2260166641,3861.33066256515,6742.58678823134,8126.05491998682,9746.20956630153,6341.71992820044,7558.17282053768,6584.74306869182,6236.34927771437,9152.74887010492,6935.46951824551,6932.89009062365,8234.16450029106,7465.77533332379,4507.29973359395,6422.3611705104,5644.6407239968,8036.80717348586,7270.33643563659,8277.85814977982,7187.92139269199,7402.45013910026,10962.146817074
6371.97472381234,3689.16003138371,5936.67834311109,6659.76152508812,10375.497564233,5394.21141080881,6791.74193929141,6256.65757767397,3861.33066256515,6278.51775525209,8126.05491998682,8531.87951937097,5832.73146143665,4950.05630515104,6584.74306869182,6236.34927771437,8753.17885860156,6935.46951824551,6932.89009062365,8234.16450029106,5322.68904156358,4507.29973359395,6422.3611705104,2884.53768615772,8036.80717348586,7270.33643563659,8277.85814977982,7187.92139269199,7304.90074318231,7102.21632230694
6371.97472381234,3689.16003138371,3977.51429779209,5499.10949649459,5870.03941386638,5394.21141080881,4900.42226545418,4842.29593785392,3861.33066256515,4880.54478127922,4955.15119582852,7408.67345225653,2998.12066801543,4950.05630515104,3939.49904626937,4362.30652057608,5891.33915489645,5053.11869625305,3519.8888702327,2867.01766141151,5322.68904156358,4451.59550066942,3584.26056815151,2884.53768615772,6749.81009865553,5490.70536622184,3488.37857467816,5847.73552501385,5083.73061542687,4891.49489319338
4582.98805456769,2556.59555996792,3977.51429779209,3261.69891804112,5870.03941386638,3293.6082120023,4900.42226545418,3868.72180763296,2216.03608565129,3247.63229354852,4955.15119582852,6582.3352322017,2998.12066801543,3871.59474807341,2796.23501518482,3362.22990116249,4297.17757742627,5053.11869625305,3361.40754708164,2867.01766141151,3684.3171121031,3237.03387561018,3326.17256366884,2884.53768615772,3024.69012834192,4671.28933839775,3488.37857467816,4565.85933780763,4031.01516883049,4533.48732495705
2123.27145682818,2049.10569290824,2538.34181308545,1477.21371562356,4027.85038260718,2235.97923578984,1918.42409777419,1344.50455687469,1343.26467165089,2012.82728330696,2684.64215213559,4139.51129450763,2998.12066801543,2909.07143562216,2718.08963967113,3362.22990116249,2842.71384867532,4572.2636491695,3087.02481586924,2283.89221988227,2179.45935213923,2234.93305212817,2257.91230697359,1887.14610637026,2785.83111821074,3791.70880263477,2938.20951238631,2767.99076982244,2474.20774190362,3081.818182669
681.722601914188,918.371350398105,1282.86344160407,1318.24463641308,2412.27940662858,888.887794695047,874.637944246777,1344.50455687469,854.422437154652,1468.42074530001,1361.18980907436,1386.19365408469,1513.1105931975,1787.08380819531,1266.57288797139,1354.53309248816,1063.99893982002,2093.6898048664,960.269888410407,1314.96210624521,1428.03965534357,1975.4454670995,1572.23101466871,949.022637395504,729.01650430891,1650.46017775735,1931.42660455778,1241.21184004229,918.567996525525,1195.70458672925
195.399626367884,275.541231964061,321.939403614017,335.040796146676,426.111473431585,396.712810816308,285.625436525583,154.985719424183,236.375381416717,498.121806872096,151.687290096113,321.515530272473,306.286639373003,636.56241404483,506.925684450433,727.472082163265,299.823351112824,295.023635237332,127.41062048637,538.182919305396,303.515634135878,680.966965132699,185.445405751038,294.818499549686,266.185003018521,1060.38286570564,255.226015852516,543.914014720955,190.089790547304,249.98016982224
41.4081308521144,44.5003438529214,23.8915914057488,27.7497462699348,38.6700869560789,75.8032876727466,44.5236696820293,22.4319260539547,38.8884767931222,56.6853099687382,43.7557392601522,50.0310883306929,33.700996079936,42.8530489945521,64.3428972310007,45.9074053934343,74.3374317129028,27.6280505705689,18.7826689942367,38.3940528211543,32.8975596974102,41.5907153417902,26.1669581308309,34.1043963419364,30.8695670264536,84.552336835948,35.9954463817987,33.876711262069,35.7112792469943,22.1482785033214
4.18815728695199,2.57384515898366,2.34855996501005,2.93580011825838,6.40525078618589,3.864822806343,1.76122640536687,2.50368778569464,2.7488135547743,2.64570243295839,2.9167433758588,2.32729178165744,3.55234278379908,3.8551112897261,1.68467646184115,2.14594851247875,2.79300240976841,2.02827344295883,3.34672827214581,3.40193314621956,2.67063029374708,2.06787530178406,2.06020639213068,2.7625275136437,2.37493155335392,3.49097926975332,2.88596174906775,3.17983832834159,1.79333127957193,3.18115311078247
0.165084173380023,0.242084906994137,0.22206186334904,0.136555542958263,0.303270812519486,0.260709086220459,0.0525404365449731,0.110555104450441,0.178713670204957,0.124791804706433,0.155638707118214,0.0828059358256041,0.208090494340581,0.180006480105362,0.170409355811898,0.287632291364048,0.169697585891868,0.0958387462712835,0.170360183601588,0.146547731360783,0.227588066238695,0.0948974424694597,0.0949903732575876,0.0969733673654218,0.177141482856996,0.2078511206945,0.1999299426775,0.28700884474199,0.0734105228694943,0.108281098680891
2.04304956241685e-06,7.84676524290262e-06,8.36679703297705e-06,3.87800571388652e-06,8.8138895080192e-06,4.41938482254045e-06,3.2180239486479e-06,4.91809203140292e-06,3.57876251655398e-06,3.5922709002989e-06,6.15031115103193e-06,3.15916747695155e-06,7.17828390861541e-06,7.2859692181737e-06,4.63114997728553e-06,9.20772720292007e-06,5.8368592590341e-06,2.46154797878262e-06,6.51366485726612e-06,7.69294740621262e-06,6.34024797818711e-06,3.98587292238517e-06,4.6126714323691e-06,5.85399254759977e-06,7.82676602284482e-06,1.1182299090251e-05,1.05302948441022e-05,8.39235895000456e-06,4.06950607612089e-06,3.32157162574731e-06
1.59161572810262e-12,2.27373675443232e-13,1.13686837721616e-13,3.75166564481333e-12,2.27373675443232e-13,9.09494701772928e-13,1.13686837721616e-13,4.54747350886464e-13,4.54747350886464e-13,1.47792889038101e-12,1.13686837721616e-13,2.27373675443232e-13,1.13686837721616e-12,2.27373675443232e-13,3.41060513164848e-13,2.27373675443232e-13,2.27373675443232e-13,1.13686837721616e-13,1.47792889038101e-12,4.32009983342141e-12,1.70530256582424e-12,4.54747350886464e-13,1.13686837721616e-13,3.41060513164848e-13,5.6843418860808e-13,5.6843418860808e-13,3.41060513164848e-13,6.3664629124105e-12,3.75166564481333e-12,3.41060513164848e-13
0,0,0,0,0,0,0,0,0,0,0,0,0,0,0,0,0,0,0,0,0,0,0,0,0,0,0,0,0,0
0,0,0,0,0,0,0,0,0,0,0,0,0,0,0,0,0,0,0,0,0,0,0,0,0,0,0,0,0,0
0,0,0,0,0,0,0,0,0,0,0,0,0,0,0,0,0,0,0,0,0,0,0,0,0,0,0,0,0,0
