3111005.81684964,1837911.56681975,7848404.11088948,609501.631779568,4457726.62129305,933557.646155868,755497.402062246,10865544.564279,14176091.4419561,18564988.3696625,566055.482913398,1343258.76521863,12317351.4439589,11995105.0131307,4818866.83835858,2308988.12416956,3027225.19813882,3123141.30265286,1732113.68629642,1537822.99354154,8459397.20195182,2697092.62525155,167991.548947745,48705890.5352095,7181878.92781368,9550272.13390908,519140.408350937,4786045.25607807,3001997.24727329,3804385.10386168
137646.876784632,100287.267956778,45826.8797674472,56976.2641677016,122245.828316305,215769.641778721,27560.1479650877,121697.481298106,143925.539404166,514068.626184662,127806.495515258,203605.49063437,821678.197477245,589211.405330641,180108.450345242,328199.590126652,722689.359671734,302248.955415517,121272.929754403,65924.1936717414,236160.568462416,286768.801456144,33490.5720006153,663382.27209152,106833.558194411,109779.552649197,158417.646429049,215203.976443474,143088.512725289,75027.5730137381
3333.05822837921,2532.05691048696,3592.81477381171,9651.91485997084,4578.50411242972,4731.2435478706,1878.58739920856,3728.4279959715,24449.7730335295,18042.4583911464,13265.390363754,22650.7164168392,48455.7243648371,39944.0734496589,21750.2287822574,9681.02332778013,12355.0979025913,13165.6523013242,866.469168485272,12310.4828957932,18684.6208106265,18561.4432110881,3483.68735440189,206341.289457895,7610.41937991822,3514.02954481867,6062.74957655922,12340.1830568585,1383.88760170829,5051.23911252369
74.1591842297032,162.031669085908,129.233915337089,86.5829341745798,130.131278781591,156.623189049083,85.2118759292878,438.427484416372,227.2184732424,242.720614789528,128.841140989426,216.002994706648,984.373409516198,1359.40353718505,214.071981991006,706.264761571416,416.250918092142,106.432439822252,94.5005052922902,756.882442414121,165.030641023856,335.240379584173,102.978602881365,645.681242353536,115.85571324733,92.7678781710076,109.007205898459,225.025336464752,58.6274881919207,99.6111228849663
9.72285412689894,14.7216601660684,10.8022230111978,2.04113702001519,12.1144618844432,14.5117620261894,12.6035018840621,27.7086866453631,30.9821453326908,19.8571835243247,43.1252341995162,7.13878422980656,33.6352733015049,37.4045868176381,21.5026548172043,25.0958848553648,57.6052211623999,10.3777296970889,3.42873888858753,43.2589358355392,9.35889789110138,23.4027874652036,20.5771549925078,21.7189673125765,17.9678809081481,11.6144899568255,13.6264457762379,28.2888950770309,9.81688441947313,17.2357052786749
9.12476425556224,10.0512089879801,2.01146720937459,1.49495906275251,10.0529805812596,9.01606885119509,4.25960077452464,24.963326054713,5.17736811103828,17.0917107656569,8.01154410359072,2.25321291921819,5.10201959630376,22.6172741860519,1.08792411689365,2.10556439311313,31.6621440700726,2.37048870333183,0.223038542276527,25.9432974618342,5.0253943116129,2.01253817352563,5.32125537797879,3.8167425739266,4.36772483757773,5.15776285338347,9.9718687042789,10.0397361455734,5.13828535570019,4.52963283245231
9.12413398128024,10.0510173567166,2.00409916275839,1.49495905709341,10.0529805812596,9.01606885119509,4.25890815777962,24.962957213038,5.14264902986179,17.0866438136507,8.00578096462846,2.25321291921819,5.07244607110351,22.4947935064556,1.08412976763248,1.14970344489939,31.5372911940865,2.36441080583199,0.219819230861276,25.94305263807,5.02381448418578,1.99823014034564,5.3205540612073,1.12796273062145,4.36673880251078,5.15303070009418,9.97098719374958,10.0333458757345,5.13673475984297,4.52652787139709
9.12329304575019,10.0510173567166,2.00409916275839,1.49495905709318,10.0529805812596,9.01606885119509,4.225541432113,24.9629561236877,5.11305970915419,17.0866438136507,8.00575457851528,2.14943768254898,5.06768912926145,22.4947934800794,1.08410444505762,1.08782048683975,31.5359229961077,2.36254875951045,0.219817705266451,25.9206219256853,5.02381448418578,1.99816003622414,5.31616018813088,1.05883267235617,4.36673736525654,5.11690409354742,9.97098719374958,10.0333458757345,5.13673284281003,4.52497955051354
9.06211352295577,10.0202057222293,2.00399956168621,1.49495905709318,10.031941445674,8.95920195230701,4.21067156781055,24.9629561156819,5.11276309939399,17.0343980872804,8.00575456797446,2.11131316689375,5.06755245848035,22.4947934800794,1.08410438645501,1.08741918853639,31.5359229959022,2.27778214685736,0.219817657713747,25.9150206930042,5.01553653900032,1.99815988516002,5.29031629548626,1.05840819336231,4.36673728897335,5.08898279790037,9.95703393460985,10.0097803963934,5.13673278610531,4.47983309915662
9.0607451921685,10.0197308428508,2.00053978306278,1.49495905709318,10.0315093009801,8.95906627539671,4.21061284521807,24.9629561102804,5.11275975635272,17.0343289827736,8.00575455474586,2.11125820921256,5.06755107140589,22.4947934800794,1.08410432351002,1.08741783051028,31.5359229959022,2.2775838690311,0.219817600365559,25.9150106032689,5.01535667502571,1.99815988503815,5.2852639327175,1.05840506244203,4.36673727253265,5.08882562973668,9.95672077653353,10.0094415496369,5.13673273207223,4.47983119055402
9.06074287933984,10.0197299663769,2.0005293981169,1.46416498607323,10.0315085158768,8.95906535202789,4.210612662519,24.9629561048785,5.11275971914802,17.0343285782478,8.00575454122281,2.11125801184903,5.0675510456133,22.4947934800794,1.08410424723456,1.0874178046281,31.5359229959022,2.27758318369979,0.219817530957926,25.9150105917838,5.01535531663671,1.99815988165415,5.28526086736383,1.05840504138837,4.36673727011453,5.08882481736646,9.95671991948439,10.0094403852795,5.11889114580049,4.47983119055402
9.06074285217414,10.0197299513104,2.0005293849365,1.46028359217848,10.0315085052257,8.95906535139579,4.21061261859313,19.9885614180803,5.11275970256952,17.0343285334552,4.98918606136067,2.11125796949386,5.06755101195085,22.4947934800794,1.07640497824605,1.08741779301454,31.5359229959022,2.27758314852599,0.193220688007614,25.9150105895812,5.01535530559272,1.99483958128803,5.28526083030556,1.05840503211539,4.27486497490827,5.08882478981945,9.95671991948439,10.0094403744708,5.11609660387649,4.47983119055402
9.06074281034444,10.0197299380202,2.00052938067211,1.45902053898317,10.0315084876422,8.9590653500702,4.2106125788489,19.9885614180803,5.11275969085432,17.0343284757425,4.98918606136067,2.11125791751761,5.06755098169833,22.4947934800794,1.07640497824605,1.08741778709577,31.5359229959022,2.27758313973777,0.193163555377396,25.9150105847814,5.01535526586258,1.99483958128803,5.28526079889434,1.05840501420494,4.26798445207965,5.08882476301233,9.956719917285,10.0094403704077,5.11609660387649,4.47983119055402
9.06074277605421,10.0197299141805,2.0005293797326,1.45804114971475,10.0315084723957,8.95906534794699,4.21061254719302,19.9885614180803,5.11275967057577,17.0343284278633,4.98918606136067,2.11125785758918,5.06755095359517,22.1109371443533,1.07640497824605,1.0874177848832,31.5359229959022,2.27758311239268,0.193163555377396,20.3105271459742,5.01535522358563,1.99483958128803,5.28526077194397,1.05840499946839,4.26750006757038,5.08882472773894,9.95671990866731,10.0094403701255,5.11609660387649,4.47983119055402
