8195.58810663699,12990.2861120338,18167.8322897103,31852.5167819793,2306.36369450697,23775.088343616,10146.0692053137,22067.3869902382,28310.2543388335,29734.2665233499,1060.30791237375,16655.1239041516,5979.26036256693,6162.26214321449,13100.6968023661,1345.33816806236,3148.44220251727,4456.06774856989,15732.8285725691,40257.4775792021,5768.24857474116,7384.06776364957,21824.8183378512,4264.50236820599,8067.23958911468,4212.8303766562,7864.0149769255,17200.548148102,20382.8470041076,33237.4943775489
8195.58810663699,8081.95017866542,3047.55975157411,18002.3534965656,1645.63923216711,11798.6880512723,10146.0692053137,3100.62395673963,23618.0210157364,13901.1980128305,353.105963171907,5169.10253504503,3353.89431511068,3675.77785399807,5818.14741193144,408.721079423118,2842.83571230158,2500.02727874728,9965.90904373404,19822.42316339,2421.88518885579,3370.11896731376,7058.59547238587,2648.3469189637,8067.23958911468,2739.76377623248,5530.25612930199,13694.6765469146,20382.8470041076,27539.5901692518
2824.36582553417,5169.24621513488,3047.55975157411,2944.60035015176,1080.17059941295,6281.12052402689,2016.6947044193,2930.90594239553,6437.6561454705,4029.55979319547,353.105963171907,995.613510062315,743.321664640972,1637.57310369155,2559.82743170076,298.903884754997,1495.45828543164,581.696357262427,1977.86974378016,10907.1655067371,1387.65695708662,1316.02974152377,1902.22733719982,433.249602648858,1642.41677549481,657.282083819462,1584.23758722157,4607.34214401769,1557.82174963606,11750.5410240294
1920.83243027299,1094.35804115027,707.241311437588,2837.07222525224,303.286462567403,1371.88124874085,1662.77011417212,1243.39602482935,2873.69996691235,1052.47536672005,353.105963171907,968.537955659266,356.846133115602,1304.9021497129,1210.43582437135,298.903884754997,462.160829144251,524.809301746489,1531.87136762672,791.605298149379,1387.65695708662,992.305740372026,1902.22733719982,208.602321920896,1328.29122602814,657.282083819462,1014.51864474847,1307.35863080598,1557.82174963606,4486.17934097494
290.956985481624,740.950236508953,707.241311437588,729.88234814875,141.201855927406,559.142574272387,228.920882208515,695.508209958747,827.248151272108,677.122405770255,90.9405542380136,266.865047463834,150.618009670789,297.038074956167,213.126548082238,73.1949162558952,90.8931183395853,323.724003798342,338.88051508609,791.605298149379,316.76913615082,240.406993487349,1053.92904542927,145.343352290531,144.55573639987,129.465981697099,589.871020173791,637.918037127749,1307.197334578,915.269696181103
74.7280350217005,140.048149131895,92.989332257084,273.324319867639,68.2494937690907,113.090531127285,72.5733030524584,167.09214898347,139.933920508111,128.529686351727,21.9207768842006,185.891803983186,38.4740161615215,124.544967899522,72.55672200358,35.7804786010779,62.5754418117453,63.8151278331669,131.866321119579,222.123282072483,166.451615227793,75.157479260634,82.6341713055434,77.8938229388223,67.1219875010748,71.1132422800259,163.196822246096,74.6629396807475,562.365369447216,174.922349414705
6.68156879382275,7.94995094761771,8.12274206078746,67.5502625616114,14.761578842984,23.7982775410766,67.9883870877676,56.4330889018406,37.5332702587643,69.514530771645,0.46626952767275,54.7687239604265,0.301397268843573,65.6383182695143,15.4718515584076,6.12790913721403,3.02835378486941,2.55834899180945,34.1581363927543,21.6905670897233,69.7789825248227,15.1479878144758,16.1555392321624,4.21400463218686,3.17482662542807,9.15522444564829,9.4326671548157,19.1166939018981,155.343457856963,42.7571040698834
0.0444932504663029,0.226013830532395,0.241782483078453,0.263746966595193,0.191882115531314,0.0137647626518742,15.271931370951,0.0725204882625121,3.62371570446612,56.1688997724847,0.309271817432091,0.0564895922354367,0.00358627799960232,0.868643193462617,0.189876495058797,4.41497674256021,0.0773726739703307,0.0305740904631193,0.144367640598148,0.00228280446521012,4.90723670183206,9.34891076380421,0.0723764168851631,0.00750766404706837,0.0069476563365356,0.00614889720287692,0.266947498372929,12.8835972379078,12.2594864996651,0.0362620134117719
0.0223445486449805,0.0140463573561647,0.0254623285252933,0.0369435820970807,0.00859046390274898,0.00335737052000695,4.40082407809484,0.00623825298384872,0.231065313077011,0.296931513920356,0.0123214093604815,0.0133744637811333,1.09382388018275e-05,0.216030473270109,0.0237879324193386,4.0153580920491,0.000995993908418313,0.00211781159890734,0.0307858749006868,7.98253223024403e-05,4.06217316255731,8.937500216459,0.0112330319062721,0.00340295125010925,0.00212925108462514,6.08632124112773e-05,0.0293138339915799,9.04490584101165,4.14324091590714,0.00148507225713956
1.60241597768618e-10,6.91215973347425e-11,8.36166691442486e-11,5.20958565175533e-09,1.36424205265939e-12,1.70530256582424e-13,3.98675050621154,1.93267624126747e-12,7.83592737434446e-05,0.00108851837393331,4.71800376544707e-12,3.44471118296497e-11,0,5.09839696860581e-06,2.31921148952097e-11,3.98657911235421,1.70530256582424e-13,3.41060513164848e-13,6.73026079311967e-11,5.6843418860808e-14,3.9865791185498,8.91634997770308,1.08002495835535e-12,3.69482222595252e-12,2.8421709430404e-13,0,6.16751094639767e-11,8.91744030960359,3.98658018095983,1.08002495835535e-11
0,0,0,0,0,0,3.98657911234716,0,0,0,0,0,0,0,0,3.98657911234716,0,0,0,0,3.98657911234716,8.91610265004851,0,0,0,0,0,8.91610294371259,3.98657911234716,0
0,0,0,0,0,0,3.98657911234716,0,0,0,0,0,0,0,0,3.98657911234716,0,0,0,0,3.98657911234716,8.91610196872011,0,0,0,0,0,8.91610194962129,3.98657911234716,0
0,0,0,0,0,0,3.98657911234716,0,0,0,0,0,0,0,0,3.98657911234716,0,0,0,0,3.98657911234716,8.91610196872011,0,0,0,0,0,8.91610194962129,3.98657911234716,0
0,0,0,0,0,0,3.98657911234716,0,0,0,0,0,0,0,0,3.98657911234716,0,0,0,0,3.98657911234716,8.91610196872011,0,0,0,0,0,8.91610194962129,3.98657911234716,0
0,0,0,0,0,0,3.98657911234716,0,0,0,0,0,0,0,0,3.98657911234716,0,0,0,0,3.98657911234716,8.91610193924907,0,0,0,0,0,8.91610193219913,3.98657911234716,0
0,0,0,0,0,0,3.98657911234716,0,0,0,0,0,0,0,0,3.98657911234716,0,0,0,0,3.98657911234716,8.91610193924907,0,0,0,0,0,8.91610192983489,3.98657911234716,0
