247.133403531197
240.450780723475
238.646173887193
250.756561355463
242.997768544886
252.056725850509
245.640807413083
263.004359209081
242.567590881271
241.452315163876
242.892769403181
250.634839967966
261.270098223311
262.010935291238
243.451415372033
250.384824809682
249.790570247425
262.757753012538
252.618842435631
238.491176882635
242.934140178012
240.306005447328
250.953224555943
259.990375185976
248.080653074498
252.82996255801
237.252549623994
251.250263759836
244.702471436628
237.643620621428
