41.8652697184066
33.9699764977115
43.0087938960673
43.640678733806
80.2551381501146
64.7984082031178
62.8139315733281
36.0073941526668
35.5059610907965
70.7951220295377
69.8254041507273
80.7158779214419
28.0321369958276
56.8306035652015
42.0317653472657
73.7816128637864
38.0443555811244
38.0708528399737
42.0068659705246
100.589078464319
11.1570177929552
74.8534901017306
71.7744318673842
13.5934178806872
37.5608486612939
58.8508258005438
43.3806847499056
53.9976165472542
44.9381129643182
31.767924947713
