1.13318979028008
0.878976173422416
20.816027062041
20.7862381181412
21.5683759241715
20.9259030068347
1.00827800724801
20.457684617028
20.7999880900893
21.489919887897
20.6391381713129
21.0728581032736
20.8236508027389
20.3570846594753
20.1221262504555
21.8300963784604
0.402977699916391
21.2583093381504
20.394192077053
21.1558529209328
20.699195166821
21.0804013742154
21.0001612454603
20.1849336942009
0.0635510237480048
21.2816001960537
20.4928289819691
20.6897422891898
20.8663721402545
20.8797957790134
