262.991353586646,206.069777334785,259.715084643733,209.226707907914,258.647080375513,262.606582588237,257.328191556484,208.256507486011,279.587886427143,101.988624375611,252.587663445271,100.695508337829,267.846296013848,206.576648063743,205.121745542056,235.290236380702,101.380829390268,101.378634150502,283.177542780339,240.703640400766,205.320443940971,200.000143143819,256.098335646606,102.311828979849,101.642216658875,270.936189324093,237.118261001182,267.073896178022,207.379697346263,205.221536609608
241.541297702004,206.06977418804,240.711816420316,209.226695319515,219.971611150041,243.938814722704,236.443472399121,208.256507376181,260.640739533669,100.781687563871,252.010095907567,100.695508337829,250.391281154664,206.576408590977,205.121736874564,235.290236380702,100.610285251931,100.651982121922,247.973627148539,233.536290388291,205.320443909559,200.000000001961,241.313320024,100.670098354232,100.742411086503,234.491938538276,237.118261001182,239.79840846252,207.379697236005,205.221535843246
232.02470402168,206.06977418804,240.711816420316,209.226695319515,219.971611150041,232.843226485703,236.443472399121,208.256507376181,246.656012478614,100.773602045208,227.087230361102,100.56872388193,234.540181640356,206.576408590977,205.121736874564,226.184175395397,100.595037155619,100.448016373216,239.230123037102,233.536290388291,205.320443909559,200,241.313320024,100.54464001704,100.742411086503,234.491938538276,223.473182606967,227.535307520102,207.379697236005,205.221535843246
219.978532134227,206.06977418804,208.902073652248,209.226695319515,209.487741399394,205.616503477169,208.515916294468,208.256507376181,233.953272845164,100.773602045208,206.96736523753,100.479418270197,200.658611668764,206.576408590977,205.121736874564,206.08316241053,100.595037155619,100.374696645948,238.02171422268,209.247564812803,205.320443909559,200,207.421270860579,100.480299445111,100.742411086503,206.800216111728,206.889874169657,207.393229588124,207.379697236005,205.221535843246
208.896269788936,206.06977418804,208.082553112062,209.226695319515,208.272637389749,205.059917043627,208.166125699759,208.256507376181,204.389153377438,100.773602045208,206.551407296577,100.391264767054,200.000196003776,206.576408590977,205.121736874564,205.958103076221,100.595037155619,100.374696645948,204.167558288156,209.087719551964,205.320443909559,200,206.199883437951,100.480299445111,100.742411086503,206.160592431596,206.62829328034,206.781048221818,207.379697236005,205.221535843246
208.896264148515,206.06977418804,208.082552358797,209.226695319515,208.27263690408,205.05991663593,208.166125383041,208.256507376181,204.34750005247,100.773602045208,206.551407221038,100.391264767054,200.000000000182,206.576408590977,205.121736874564,205.9581029858,100.595037155619,100.374696645948,203.723712987385,209.087719383184,205.320443909559,200,206.199882087549,100.480299445111,100.742411086503,206.160590954669,206.628293166798,206.78104794476,207.379697236005,205.221535843246
208.896264148515,206.06977418804,208.082552358797,209.226695319515,208.27263690408,205.05991663593,208.166125383041,208.256507376181,204.347499155796,100.664825212073,206.551407221038,100.391264767054,200,206.576408590977,205.121736874564,205.9581029858,100.595037155619,100.374696645948,203.723708741154,209.087719383184,205.320443909559,200,206.199882087549,100.480299445111,100.742411086503,206.160590954669,206.628293166798,206.78104794476,207.379697236005,205.221535843246
208.896264148515,206.06977418804,208.082552358797,209.226695319515,208.27263690408,205.05991663593,208.166125383041,208.256507376181,204.347499155466,100.664825212073,206.551407221038,100.391264767054,200,206.576408590977,205.121736874564,205.9581029858,100.595037155619,100.374696645948,203.723708740545,209.087719383184,205.320443909559,200,206.199882087549,100.480299445111,100.742411086503,206.160590954669,206.628293166798,206.78104794476,207.379697236005,205.221535843246
208.896264148515,140.627310317052,208.082552358797,209.226695319515,208.27263690408,205.05991663593,208.166125383041,190.079379376613,204.347499155466,100.664825212073,206.551407221038,100.391264767054,200,206.576408590977,205.121736874564,205.9581029858,100.595037155619,100.374696645948,203.723708740545,209.087719383184,191.378593798452,169.367931537171,206.199882087549,100.480299445111,100.742411086503,206.160590954669,206.628293166798,206.78104794476,195.006205401161,153.113223904779
208.896264148515,140.627310317052,208.082552358797,203.047948764493,208.27263690408,205.05991663593,208.166125383041,190.079379376613,204.347499155466,100.31455829712,206.551407221038,100.32324066898,200,140.181473286513,136.891595307088,205.9581029858,100.302476543451,100.246822086966,203.723708740545,209.087719383184,191.378593798452,169.367931537171,206.199882087549,100.307808650736,100.317830623917,206.160590954669,206.628293166798,206.78104794476,195.006205401161,137.945309726415
208.896264148515,140.627310317052,208.082552358797,203.047948764493,208.27263690408,205.05991663593,208.166125383041,190.079379376613,204.347499155466,100.281934608654,206.551407221038,100.312204916479,200,140.181473286513,136.891595307088,205.9581029858,100.29170376182,100.228404205435,203.723708740545,209.087719383184,191.378593798452,169.367931537171,206.199882087549,100.28685303985,100.297398217192,206.160590954669,206.628293166798,206.78104794476,195.006205401161,137.945309726415
208.896264148515,140.627310317052,208.082552358797,203.047948764493,208.27263690408,205.05991663593,208.166125383041,190.079379376613,204.347499155466,100.28007371738,206.551407221038,100.312067166169,200,140.181473286513,136.891595307088,205.9581029858,100.290879100545,100.225552463754,203.723708740545,209.087719383184,191.378593798452,169.367931537171,206.199882087549,100.285874547073,100.295761937936,206.160590954669,206.628293166798,206.78104794476,195.006205401161,137.945309726415
208.896264148515,140.627310317052,208.082552358797,203.047948764493,208.27263690408,205.05991663593,208.166125383041,190.079379376613,204.347499155466,100.279808419612,206.551407221038,100.312009448252,200,140.181473286513,136.891595307088,205.9581029858,100.290718792537,100.225461964368,203.723708740545,209.087719383184,191.378593798452,169.367931537171,206.199882087549,100.285736022766,100.295644210125,206.160590954669,206.628293166798,206.78104794476,195.006205401161,137.945309726415
208.896264148515,140.627310317052,208.082552358797,203.047948764493,208.27263690408,205.05991663593,208.166125383041,190.079379376613,204.347499155466,100.279796563666,206.551407221038,100.312009448252,200,140.181473286513,136.891595307088,205.9581029858,100.290712946641,100.225438433313,203.723708740545,209.087719383184,191.378593798452,169.367931537171,206.199882087549,100.285729830471,100.295625565978,206.160590954669,206.628293166798,206.78104794476,195.006205401161,137.945309726415
