1769.49151815894,1477.96375795157,1865.93076542199,1832.74563781523,1143.84821026897,1019.23814786934,1535.28776153687,1490.96987141207,1413.60364904502,1365.45396493777,1889.22553141819,912.198587637037,692.497945763671,656.799151101088,1225.40892840538,1389.75100082744,1800.38743588716,1188.58649722979,948.502367580101,1006.3606743879,1538.92411300346,810.84002983604,1766.54947614345,1088.91290342009,1193.4924339327,731.754316445381,1392.53597909749,1526.84030613508,700.091275635128,688.110040922114
1769.49151815894,1477.96375795157,1865.93076542199,1074.57690561741,1143.84821026897,917.781607113484,1535.28776153687,1121.9084577376,288.651200274038,1365.45396493777,952.482049520218,912.198587637037,399.949589258433,656.799151101088,1225.40892840538,907.087032914027,1800.38743588716,848.964489568983,948.502367580101,510.814080910993,1538.92411300346,560.802909046538,1693.05610321383,1051.58540352642,852.074834182157,531.937369354183,1392.53597909749,838.763106717466,697.222510139683,538.543257664069
354.567831136213,1097.99674118956,1865.93076542199,660.299554031901,1049.0844023746,389.86424834533,1257.12256037994,1121.9084577376,288.651200274038,1164.02266556568,771.179941192839,912.198587637037,361.848967449032,656.799151101088,1142.49875365981,432.147749973019,860.36472784201,624.97739530241,948.502367580101,298.96625514392,583.751424949522,366.474955702444,1352.55476880411,496.825144801678,521.510745905105,391.755205915954,620.701063414826,488.626742432616,456.138963240471,478.524027724264
354.567831136213,410.076189160688,1499.42976724286,384.53668563776,405.334076736429,225.895396993884,561.068706705407,924.056776595714,260.465999586952,1164.02266556568,547.070777384597,912.198587637037,211.330386330696,369.320323030079,1111.5786998076,212.01831181014,335.403768003046,261.763043857584,948.502367580101,282.021549892302,301.475663893209,210.288487216352,899.836140405522,252.029619669195,358.875514484203,234.814154683012,385.420424426075,456.069458946307,197.224298735246,253.99081055862
196.509446472448,193.531532386616,738.886220395357,222.379807705367,186.50960270191,191.670173832021,188.530428893948,651.559204333679,179.745783739331,771.913145913096,395.514534028102,288.037010486978,157.144231500743,209.89119088024,677.009443093478,197.347182560474,190.897001134615,197.436753702651,219.053174076529,154.506821464661,196.211313115489,187.122116514914,718.885314128571,180.210260404687,218.144076346347,188.102178159663,203.142459356035,260.086141711265,188.146468228661,184.298104125615
163.003735605382,158.636260782062,154.767560455833,163.254279602356,157.190629844089,157.582509812924,156.653607488582,504.756067478509,155.762848397456,563.848855330357,165.03222165169,161.165355248511,153.231773903298,171.373144972008,619.788506364898,159.870365834763,152.320944132194,153.347544782735,159.209439775845,151.931778625698,163.731622692421,155.992673352477,559.738928567229,156.76439640814,161.188200322461,160.392398057471,160.245108425372,161.066158932455,156.682407534021,152.872130836061
139.307672632016,130.027515034627,151.718781145698,153.750275446969,151.414856016169,152.397853112954,151.265893869892,365.826036807521,135.301022031242,366.551096349738,151.820009183738,152.77885498601,66.0812804409816,152.108440054786,378.841345831333,140.456943833059,75.5501863596214,74.1798424609142,148.922039121851,138.447370795718,138.876841371042,134.657175753994,366.532454696367,84.9998566431368,153.447189456172,143.161378156185,138.062358907923,146.266672871457,128.346049601728,78.9153773809599
21.3290851651132,18.7112481583572,18.2012753813037,24.9931779715048,20.4493309048848,19.3800528382781,19.4239004576016,322.761916702086,14.1669431934138,326.545068260211,9.9218949171177,25.7608315654725,14.1020786741242,19.6940691848072,333.14647621692,10.9941257089131,18.0074964183459,18.8631701516792,15.4487099443272,15.371920209423,17.2317658902457,14.2424488857105,321.830680957863,15.1856610242489,19.3744873432925,18.0514054154223,18.4154221122276,16.2661102882325,17.6339999303636,11.249217537832
1.88758428144411,3.11743940006636,1.57862433076161,2.4497720676145,3.02482491638875,2.72510566270375,2.02610945373635,303.164184483938,1.53093408195173,304.978033405839,1.94081250561112,2.83453235513844,2.04559674355778,2.52235711382173,306.075900567528,1.7530429808312,1.32845283506458,1.85733658271147,2.18459650216209,2.09602665376633,1.98773869686102,2.25628448181442,302.319295476828,2.33075738964453,3.60890266820797,2.11351252226268,1.9871121382771,2.14631014200449,2.08011394488449,1.03411528126526
0.0876435376876543,0.123783798773275,0.0639022249365553,0.152652985839723,0.127278521010339,0.100399067085618,0.0776256751541951,300.064965974331,0.0708563712687464,300.092863440938,0.0765369649648164,0.139206298078079,0.0559460774670697,0.110638553210265,300.068413692736,0.0709309982053128,0.060648953758573,0.0620987112210969,0.073466022141929,0.0529294206567101,0.0872606958150755,0.0960387021491442,300.107236677749,0.0664694057263659,0.13805708129712,0.0759677363967057,0.100596984168078,0.0725189660101933,0.0479700933101412,0.079900169859684
0.000474300524729188,0.000637738378827635,0.000451977896318567,0.000912382783553767,0.000538615638106421,0.00060408104036469,0.000594918495607999,300.00094619542,0.000404296818942385,300.000553248072,0.000335702211486932,0.000576049260871514,0.000279629745364218,0.000479152059142507,300.000423056739,0.000432791999628535,0.000353842057393194,0.000204096248126007,0.000754191264604742,0.000371792947134963,0.000345626110174635,0.000367616304629337,300.000727730851,0.000371378515865217,0.000791779890278121,0.000512688905928371,0.000505659486861987,0.000397203954889847,0.000547920531516866,0.000599195131599117
1.0865642252611e-07,8.00691850599833e-08,1.73537955561187e-07,3.63415438187076e-07,7.97376742411871e-08,1.56273927132133e-07,1.8725677364273e-07,300.000000140852,8.72109922056552e-08,300.000000137581,7.91583261161577e-08,2.27054897550261e-07,1.33744833874516e-07,1.30921762320213e-07,300.000000193392,1.08813310362166e-07,9.0828507381957e-08,6.45300133328419e-08,1.19341166282538e-07,1.83861175173661e-07,1.27538896776969e-07,1.84346845344407e-07,300.00000017547,6.53144525131211e-08,1.84844338946277e-07,1.95931079360889e-07,1.18123807624215e-07,1.08712356450269e-07,2.68287294602487e-07,1.44561909110053e-07
4.54747350886464e-13,9.09494701772928e-13,9.09494701772928e-13,9.09494701772928e-13,4.54747350886464e-13,4.54747350886464e-13,4.54747350886464e-13,300,4.54747350886464e-13,300.000000000001,4.54747350886464e-13,9.09494701772928e-13,4.54747350886464e-13,4.54747350886464e-13,300.000000000001,4.54747350886464e-13,4.54747350886464e-13,4.54747350886464e-13,9.09494701772928e-13,4.54747350886464e-13,4.54747350886464e-13,4.54747350886464e-13,300,4.54747350886464e-13,4.54747350886464e-13,4.54747350886464e-13,4.54747350886464e-13,4.54747350886464e-13,4.54747350886464e-13,4.54747350886464e-13
4.54747350886464e-13,4.54747350886464e-13,4.54747350886464e-13,4.54747350886464e-13,4.54747350886464e-13,4.54747350886464e-13,4.54747350886464e-13,300,4.54747350886464e-13,300,4.54747350886464e-13,4.54747350886464e-13,4.54747350886464e-13,4.54747350886464e-13,300,4.54747350886464e-13,4.54747350886464e-13,4.54747350886464e-13,4.54747350886464e-13,4.54747350886464e-13,4.54747350886464e-13,4.54747350886464e-13,300,4.54747350886464e-13,4.54747350886464e-13,4.54747350886464e-13,4.54747350886464e-13,4.54747350886464e-13,4.54747350886464e-13,4.54747350886464e-13
0,4.54747350886464e-13,0,0,0,0,0,300,4.54747350886464e-13,300,4.54747350886464e-13,0,0,4.54747350886464e-13,300,4.54747350886464e-13,0,0,4.54747350886464e-13,4.54747350886464e-13,0,4.54747350886464e-13,300,0,4.54747350886464e-13,0,0,0,4.54747350886464e-13,0
0,0,0,0,0,0,0,300,0,300,0,0,0,0,300,0,0,0,0,0,0,0,300,0,0,0,0,0,0,0
