163.003735605382,158.636260782062,154.767560455833,163.254279602356,157.190629844089,157.582509812924,156.653607488582,504.756067478509,155.762848397456,563.848855330357,165.03222165169,161.165355248511,153.231773903298,171.373144972008,619.788506364898,159.870365834763,152.320944132194,153.347544782735,159.209439775845,151.931778625698,163.731622692421,155.992673352477,559.738928567229,156.76439640814,161.188200322461,160.392398057471,160.245108425372,161.066158932455,156.682407534021,152.872130836061
23.9428411210283,57.4944404129806,38.5277500272337,119.566155586098,112.023069987529,74.8600666393668,63.9869543040559,335.790071532963,44.6473953066575,342.374829593823,35.8891312683641,72.0707634936589,16.5627741341314,117.277633817331,355.56448016342,30.4437484246087,32.5497816184466,20.4009426324246,39.9953844398547,30.0640302922798,42.9411681993283,36.8998725551573,337.947334697043,23.4922475127664,78.9102687104714,52.2834021127069,40.4896584475232,38.5560432957486,34.9543437828665,28.1722641120391
10.2848092234776,11.1084460146099,10.4720155378168,15.8522962982806,8.82359351777541,11.1323060452478,9.19567370017148,318.001871492819,9.05205258907881,319.501504343869,9.46528383565783,14.961707930468,4.54110195105795,8.62663669110816,318.196295197167,7.25863395046463,9.25833602029707,6.92779094424941,7.21326289597164,6.72528568188864,9.03562116830426,9.69006524051156,316.656670156883,6.15224718051923,11.9504190571711,10.899424417742,8.01626755116513,10.4800241009789,9.1973060754076,10.3205635994045
0.405092313230398,0.829540756900769,0.463351105889615,0.622917876860356,0.849657311014198,0.868853199775458,0.436603553690929,300.353163271919,0.41413950658216,300.798683734057,0.531648308619424,0.945162101927053,0.459034756601341,0.853301025261317,301.164525861111,0.72123429770545,0.407346216160931,0.407808855211442,0.482325954578755,0.364203809570427,0.431174636293235,0.548760054881313,300.51092887057,0.418153937292573,0.965492768924378,0.476563755858933,0.538270046930393,0.542585734865952,0.533206523662102,0.490481825133884
0.000474300524729188,0.000637738378827635,0.000451977896318567,0.000912382783553767,0.000538615638106421,0.00060408104036469,0.000594918495607999,300.00094619542,0.000404296818942385,300.000553248072,0.000335702211486932,0.000576049260871514,0.000279629745364218,0.000479152059142507,300.000423056739,0.000432791999628535,0.000353842057393194,0.000204096248126007,0.000754191264604742,0.000371792947134963,0.000345626110174635,0.000367616304629337,300.000727730851,0.000371378515865217,0.000791779890278121,0.000512688905928371,0.000505659486861987,0.000397203954889847,0.000547920531516866,0.000599195131599117
3.09682945953682e-10,3.87899490306154e-10,4.72482497571036e-10,8.6811269284226e-10,4.89308149553835e-10,3.41060513164848e-10,4.68844518763945e-10,300.000000000499,2.3919710656628e-10,300.000000000689,2.94221536023542e-10,5.26597432326525e-10,2.68300937023014e-10,3.64707375410944e-10,300.000000000219,3.46972228726372e-10,2.25554686039686e-10,9.86801751423627e-11,7.34871719032526e-10,4.67935024062172e-10,5.77074388274923e-10,5.01131580676883e-10,300.000000000567,2.12821760214865e-10,4.65206539956853e-10,4.08363121096045e-10,5.27961674379185e-10,2.9967850423418e-10,5.51608536625281e-10,4.79303707834333e-10
4.54747350886464e-13,4.54747350886464e-13,4.54747350886464e-13,4.54747350886464e-13,4.54747350886464e-13,4.54747350886464e-13,4.54747350886464e-13,300,4.54747350886464e-13,300,4.54747350886464e-13,4.54747350886464e-13,4.54747350886464e-13,4.54747350886464e-13,300,4.54747350886464e-13,4.54747350886464e-13,4.54747350886464e-13,4.54747350886464e-13,4.54747350886464e-13,4.54747350886464e-13,4.54747350886464e-13,300,4.54747350886464e-13,4.54747350886464e-13,4.54747350886464e-13,4.54747350886464e-13,4.54747350886464e-13,4.54747350886464e-13,4.54747350886464e-13
4.54747350886464e-13,4.54747350886464e-13,4.54747350886464e-13,4.54747350886464e-13,4.54747350886464e-13,4.54747350886464e-13,4.54747350886464e-13,300,4.54747350886464e-13,300,4.54747350886464e-13,4.54747350886464e-13,4.54747350886464e-13,4.54747350886464e-13,300,4.54747350886464e-13,4.54747350886464e-13,4.54747350886464e-13,4.54747350886464e-13,4.54747350886464e-13,4.54747350886464e-13,4.54747350886464e-13,300,4.54747350886464e-13,4.54747350886464e-13,4.54747350886464e-13,4.54747350886464e-13,4.54747350886464e-13,4.54747350886464e-13,4.54747350886464e-13
4.54747350886464e-13,4.54747350886464e-13,4.54747350886464e-13,4.54747350886464e-13,4.54747350886464e-13,4.54747350886464e-13,4.54747350886464e-13,300,4.54747350886464e-13,300,4.54747350886464e-13,4.54747350886464e-13,4.54747350886464e-13,4.54747350886464e-13,300,4.54747350886464e-13,4.54747350886464e-13,4.54747350886464e-13,4.54747350886464e-13,4.54747350886464e-13,4.54747350886464e-13,4.54747350886464e-13,300,4.54747350886464e-13,4.54747350886464e-13,4.54747350886464e-13,4.54747350886464e-13,4.54747350886464e-13,4.54747350886464e-13,4.54747350886464e-13
0,4.54747350886464e-13,0,4.54747350886464e-13,0,0,0,300,4.54747350886464e-13,300,4.54747350886464e-13,0,0,4.54747350886464e-13,300,4.54747350886464e-13,0,0,4.54747350886464e-13,4.54747350886464e-13,0,4.54747350886464e-13,300,4.54747350886464e-13,4.54747350886464e-13,0,4.54747350886464e-13,0,4.54747350886464e-13,0
0,0,0,0,0,0,0,300,0,300,4.54747350886464e-13,0,0,4.54747350886464e-13,300,0,0,0,4.54747350886464e-13,4.54747350886464e-13,0,0,300,0,0,0,0,0,4.54747350886464e-13,0
0,0,0,0,0,0,0,300,0,300,0,0,0,0,300,0,0,0,0,0,0,0,300,0,0,0,0,0,4.54747350886464e-13,0
0,0,0,0,0,0,0,300,0,300,0,0,0,0,300,0,0,0,0,0,0,0,300,0,0,0,0,0,0,0
0,0,0,0,0,0,0,300,0,300,0,0,0,0,300,0,0,0,0,0,0,0,300,0,0,0,0,0,0,0
