290865658.857086,417718603.664509,373970546.406421,102756032.711788,669628418.728505,157942939.917435,1753002652.49795,241247454.526054,109582533.632362,1300187603.16693,401319027.111904,588501265.661069,332089508.143755,212430435.01187,835479821.093509,296638449.158012,408765013.076953,965632358.502801,419755579.514298,906237746.466812,33854633.6765316,556887590.562929,519251412.345806,819171100.773044,1034064623.38835,305988590.991506,173848635.985643,394152002.794723,126499890.643959,167054133.324455
290865658.857086,274467667.130109,136346534.819382,102756032.711788,133154119.911246,157942939.917435,1753002652.49795,167574868.04642,109582533.632362,1300187603.16693,376966187.623252,588501265.661069,332089508.143755,212430435.01187,817174173.488242,296638449.158012,408765013.076953,490563227.887525,419755579.514298,906237746.466812,33854633.6765316,111312840.951049,495297732.023185,424639910.913241,935448675.032511,305988590.991506,173848635.985643,181138917.466969,126499890.643959,167054133.324455
102945191.452817,36527799.8463306,72893475.7094031,102756032.711788,52217835.66167,157942939.917435,1753002652.49795,112284832.43672,44910906.3222721,1126758018.26926,376966187.623252,471208574.868063,332089508.143755,26103925.7539878,167083785.025677,71727461.3216705,109112211.531121,90366658.827267,135356854.791243,499126344.250706,33854633.6765316,111312840.951049,63733870.3430519,87081564.7954492,888132508.069168,305988590.991506,134139843.283354,181138917.466969,37780744.5932026,167054133.324455
102945191.452817,8146329.30684676,23040436.857231,102756032.711788,52217835.66167,157942939.917435,701360114.641833,112284832.43672,44910906.3222721,219337195.488466,28404058.2321733,35770837.2367903,161472347.640605,26103925.7539878,167083785.025677,67977691.8402859,39943168.9884009,50065895.2462933,135356854.791243,81893754.4498724,33854633.6765316,111312840.951049,63404945.5134907,67809872.3617867,166050994.618325,42332818.5160616,26148289.9202766,52057008.3315031,6748016.55798165,52234084.7200966
22456486.3483862,8146329.30684676,21312119.2123522,14759839.2269528,52217835.66167,58393474.9293574,463760066.887247,45816837.5080659,15680582.0885583,27591295.93652,27200006.2040163,24745328.722348,29274514.0284842,26103925.7539878,90466331.6998031,60217799.2840062,36273437.6855104,10317229.9919275,60868043.038941,81893754.4498724,14753508.3337755,28055221.1952513,44777993.5025451,64035455.3420246,46606021.8774119,40626014.0011509,17724917.8646141,38044773.520065,6748016.55798165,52234084.7200966
1164384.75393384,8146329.30684676,6231860.44196371,4400960.89403192,3902634.0357295,10660214.5014405,4004619.056299,35597127.912811,3719941.71715865,14741944.3045871,11921034.8088965,13887298.3475187,933822.873383995,3848048.61342501,8346347.96484636,6409937.31317699,21400252.8925793,10317229.9919275,34806693.1518378,16140164.4984654,2784274.36840769,4098556.14436356,23434029.9536547,2342794.23259138,22207257.1979972,24719507.6069548,2171856.5747698,1504789.16752061,1840058.39024587,3420999.80323056
191312.049230608,736355.361414034,1729744.02340815,1010574.67633935,1262088.29515087,548755.133774585,2609078.32438935,188139.274108857,842769.506278948,1546892.60157103,439054.324944437,808129.314011959,128098.443530181,833135.480672285,3204227.8008127,1920738.79640167,2787890.58790112,3502485.85161322,3636302.19703569,2090690.11682444,356415.170580959,1268359.15800887,636081.605471335,2342794.23259138,1194827.80609323,2474556.06855454,517731.275802032,886485.519928489,793142.726616848,128184.29452873
89201.3197224463,72650.3063449778,294559.384202156,76179.6735849927,95266.1481125885,82636.0654177776,400620.288904241,48508.5665606498,26287.3610196416,243164.652028243,68486.8770458938,147538.452470587,21813.2506415771,105352.257242152,201268.522810525,142707.500424485,59373.9877897156,154121.555187201,209541.51418232,740098.706091142,44484.644713798,170863.444382118,62000.6462515135,58153.6470832159,196631.104906391,44527.8586517005,17522.34278663,27998.1699823446,65348.5256205562,28755.5032169781
467.730479148737,879.24597590342,2946.79667528008,992.474855122931,22514.8971077756,1259.05672103934,28360.5005518171,2432.68393042708,5859.19230714851,4718.41391748433,1653.58012488585,625.019713686307,2278.11387703203,3201.48500538344,6556.10785195545,4147.50848716077,8914.30575631207,2117.47151861778,4293.14170066777,14377.5493089233,2527.6291037449,20648.5149261939,2142.09979567542,808.725650629463,1612.51138230277,7056.69482021687,1754.51648264177,2483.98884984855,127.808230651156,1927.3292696403
75.9114443974015,55.1158371915969,135.219816920094,33.7281944533227,268.56822950616,69.2882377971641,1128.88899156978,76.2299477701156,93.3301663379154,51.8035063608017,79.7881513884545,94.5957224608078,97.6587981711991,104.959831222588,136.229685362897,73.0538788578012,57.2212580020243,95.3631574628489,90.404514345099,143.722628080962,47.6743144590293,181.594088460879,54.8591151916135,62.8890098789566,89.0215521993314,95.4508737217034,46.0357785294743,80.4085713994089,16.5900869017371,93.8823830353256
19.367458504079,10.6954189984924,34.8288139804138,16.2282107275246,45.6958511433013,10.7263330758849,59.0608733209954,8.76717083697622,23.789769678843,11.8876332650761,35.9364351625711,16.6339623872025,13.6613754132502,45.2954700604057,10.0969151159354,14.4634064198472,6.04573311129161,12.489241730442,50.3399300466642,72.9095410043487,11.0382653863303,45.8820902617874,20.0613633697751,14.2768503074092,14.7505784128928,15.2904336614417,4.12757427610904,18.7762951912407,7.58469902782122,8.05368017739306
1.17511191281369,5.10855964968573,15.7997671437865,5.19926764009983,1.87131031329341,5.18287551590561,15.326366790199,2.45451097577984,0.422093423273509,5.2640493820918,13.1667636628019,10.0628493110025,4.5128476702057,9.11836024228887,1.92178831638762,1.3214338655057,2.15776456315552,1.43704457773833,23.3264293457662,50.3759955286864,2.27277385226262,12.3176738604623,2.34712228775265,10.0318447523262,10.1392605252377,1.68605092489429,0.166400791122896,2.25598922162612,2.10854737577347,4.10452299746589
1.11659107557398,5.07211133603278,15.4843452139075,5.17729147835939,1.42650319065274,5.17278832832289,13.0310603117343,2.44320394864576,0.343245230416642,5.10695027800125,13.0061887351599,9.99668229772806,4.16736780532824,9.05686205473535,1.48602427469655,1.19281753026735,2.10361047723813,1.39625236693655,22.4948321034044,49.1501828075743,2.24890618192535,10.0430580942996,2.27161001835952,9.98325104468336,10.0641310830847,1.49248548889636,0.126364175891467,2.22436095351691,2.07161828465178,4.07924270640569
1.1158089513242,5.07144118966153,15.4843342462054,5.17721648965539,1.41566173671254,5.12121682142902,13.0262889727824,2.42696386786929,0.342769427918938,5.10614467466439,12.9846461624584,9.99630184500438,4.16640534940461,9.05657370634776,1.48479647412842,1.08257632947334,2.1029683600409,1.3534659062841,22.4947934800794,49.150175449591,2.09867735312127,10.030176420338,2.27076774612829,9.98303824292475,10.0636899567917,1.49185070644876,0.126364175891467,2.21459734447558,2.0696277171578,4.07908354086453
1.08208701775698,5.07144109564479,15.4843342462054,5.17721636836427,1.41563576682302,5.10759828841447,13.0262821754884,2.42128139560623,0.342768803012405,5.10614427656901,12.970662294048,9.99630170459181,4.16640497061235,9.05657354649952,1.48479538018159,1.08156991530382,2.10296829100321,1.33392616717629,22.4947934800794,49.1501754495907,2.09736957024916,10.0301638279782,2.27076756828478,9.98303808504011,10.063689776787,1.49184997228986,0.109320753319935,2.18098064743594,2.06962739356572,4.07908350104003
1.08208663737651,5.05827186944316,15.4843342462054,5.1019220186829,1.41563545286999,5.1075981778431,13.0262821266026,2.42128086115554,0.315812896006037,5.07223841793552,12.9706621312687,9.99015142571193,4.12959241502404,9.01286424646833,1.46469767413373,1.08156980457193,2.09056787330496,1.33392575408516,22.4947934800794,49.1501754495907,2.09736944491692,10.0301638069466,2.23099979320523,9.96327573010353,10.0575235174686,1.49100392205401,0.109320374209119,2.18098046449109,2.06763754155236,4.05012454865937
