114.241850465823,80.6674229820665,80.5996164181165,92.2883589311805,103.855352974447,95.3934998763234,126.235348667702,115.170541689591,84.2828203456179,102.765661102451,60.6758851826048,81.802566353856,79.9907977766884,78.2864666625251,82.6118520047157,100.49714324018,79.7662516134278,86.6897002256619,70.6934036930779,90.7857130923594,84.7399462602771,100.905570349538,102.6938683402,92.4935957376515,94.1169418938994,69.3381755820737,100.3236990753,141.935241488261,79.2796193295235,58.3723142184535
86.5285072933716,67.0386066914743,80.5996164181165,73.8181201827288,90.7478077133696,68.9039096268198,79.6664464732457,94.8982625005424,68.5929074708474,96.0315610410989,40.5569172899893,55.3652964678922,60.0795327129385,60.0797602043999,68.8500691609956,55.246990370541,79.7662516134278,57.3317347362395,70.6934036930779,66.4601038854903,78.7717994637451,87.3876598440092,70.0673001407408,82.7879022635552,75.9982668101238,69.3381755820737,82.032410060513,99.1326137457536,57.930958497263,58.3723142184535
86.1671981898849,67.0386066914743,58.3340308928555,55.8023940573257,64.3144179194837,55.5294158487304,79.6664464732457,43.9025014911381,49.848859080716,74.895258299252,40.5569172899893,47.2589331346162,59.9179575893163,60.0797602043999,45.6571305666437,55.246990370541,79.4274191697691,57.3317347362395,56.1033073156673,36.2263990565755,68.1363119409225,75.8128131890157,70.0673001407408,77.2841954678356,54.746596669203,47.414861695253,77.5301319100913,65.6173700916456,57.930958497263,58.3723142184535
63.0400870951694,37.5758942242182,51.7258870242008,55.8023940573257,54.5724799763411,48.691269453831,60.4823445067132,43.9025014911381,29.4679405802167,48.1655404067092,25.4453189796639,47.2589331346162,43.2264433544979,41.1382411672087,31.5137207599935,32.373214748847,60.3705937521677,57.3317347362395,45.9851162922625,28.7027851364869,55.2849891420765,47.2871652492631,54.274566017139,35.1639239823485,54.746596669203,47.414861695253,62.4777222285138,65.6173700916456,33.3302632093598,58.3723142184535
20.5311818447158,11.9435471108782,20.698879425491,33.175139982256,31.4828134398506,48.691269453831,46.3917741176203,30.1707693353426,14.3333239463241,26.2787696330472,22.6133797970106,42.101169919116,11.3444691030065,27.8711747291782,9.39790646747679,9.89467658396393,37.2226452287098,26.1058769203789,27.1502326855907,28.7027851364869,51.6244502142699,30.1311545532826,27.5186249929475,14.4502419418184,52.8218679013921,25.8932090889039,26.2634235733858,35.6044068926831,27.5867021986924,29.6575461677451
0.711223140059928,1.79024092991654,0.26275539809626,4.11760841582327,1.44343772697175,1.87761390502465,20.259424043317,22.8156478374001,14.3333239463241,6.27458776377216,14.4159186916868,22.5557629326047,11.3444691030065,10.2279833367825,9.39790646747679,9.89467658396393,1.19635377948975,21.9943821194947,0.0988844123166928,28.7027851364869,22.3258337920183,4.82100097027615,0.817728860625948,14.4502419418184,7.80029896718975,21.0296605396852,3.21839735428648,22.794326349775,27.5867021986924,2.37131339559664
0.624807451097467,1.62273987611798,0.00285980826629384,0.0650049786745512,1.00238080550434,1.01025790146559,20.1229840160618,22.333732124119,14.3333239463241,0.0265107329475995,14.4159186916868,9.3213033259201,11.3444691030065,10.2279833367825,9.39790646747679,9.89467658396393,0.999051539890615,21.3676756884145,0.0012707312528164,28.7027851364869,21.3764580973072,2.41826707094697,0.629183200621583,14.4502419418184,2.70159600607508,0.35080280456782,1.48087009028563,21.7279211844893,27.5867021986924,2.37131339559664
0.624099529416981,1.61905927764042,5.67760253034066e-07,0.000338015166335026,0.994968098849313,0.994968219615657,20.1027450058093,21.66858995545,14.3333239463241,0.000309947444293357,14.4159186916868,0.767084601846818,11.3444691030065,10.2279833367825,9.39790646747679,9.89467658396393,0.994960002247353,21.0995267275152,2.92732920570415e-07,28.7027851364869,21.1404707982394,1.64264954405985,0.624100094031064,14.4502419418184,1.39510918664428,0.0028358467363887,1.36905976420189,3.2982475949666,27.5867021986924,1.48840495373997
0.624099322952588,1.61905838076927,3.70914676750544e-09,2.48032847594004e-08,0.994959063951683,0.994959061935788,0.468238062670025,21.66858995545,14.3333239463241,8.46766852191649e-08,9.77903113157572,0.624173719390001,11.3444691030065,10.2279833367825,9.39790646747679,9.89467658396393,0.994959058081577,21.0995267275152,1.59502633323427e-09,28.7027851364869,20.1544930686282,1.64264954405985,0.624099324862073,14.4502419418184,1.35155607780166,1.34972970045055e-06,1.30504627296295,0.656192920792819,27.5867021986924,0.998390696629485
0.624099322952588,1.61905838076927,3.47108652931638e-09,3.04703462461475e-09,0.99495905787785,0.994959060786414,0.133524180578206,21.66858995545,1.07730551408167,5.79325387661811e-09,9.77903113157572,0.624099332880633,2.06121180561786,10.2279833367825,2.67186047967766,0.242238912526318,0.994959058081577,21.0995267275152,1.59502633323427e-09,22.8288775929486,20.1065009974454,1.54697008775611,0.624099324592635,4.4869460426487,1.35155607780166,3.79509401682299e-09,1.30504627296295,0.624190961681052,22.4532592059036,0.994960581184159
0.624099322952588,1.61905838000098,3.16640580422245e-09,7.25094650988467e-10,0.994959057216647,0.994959060786414,0.133516884575329,21.66858995545,0.994959074189637,5.23368726135232e-09,9.77903113157572,0.624099323869359,1.98991812337704,0.62528578219235,2.6140174404934,1.98440375243081e-08,0.994959057819187,20.9393945337301,1.03591446531937e-09,22.5090713004906,20.1059091526627,1.01606531189555,0.624099321486483,0.99496064682603,1.3371296006917,3.72028807760216e-09,1.30504627296295,0.624099345072182,20.7697895110032,0.994959062736143
0.624099322952588,1.61905837935501,2.51907295023557e-09,7.25094650988467e-10,0.994959057216647,0.994959057698452,0.133516884506662,21.66858995545,0.994959059092707,9.68611857388169e-10,9.77903113157572,0.624099321566746,1.98991811719429,0.624099323999189,2.61401743566512,4.02565092372242e-09,0.994959057819187,20.9393945337301,8.81072992342524e-10,22.5090713004906,20.1059091526627,0.995064139248143,0.624099321486483,0.994959058231416,1.23418033729672,3.72028807760216e-09,1.30504627296295,0.624099323618111,20.7084373941896,0.994959058226641
0.624099322952588,1.61905837824406,2.51907295023557e-09,7.25094650988467e-10,0.994959057216647,0.994959057325104,0.133516884506662,21.5668230909278,0.994959059092707,9.68611857388169e-10,9.77903113157572,0.624099321566746,1.98991811522319,0.62409932205901,2.61401743555029,4.02565092372242e-09,0.994959057819187,20.8255423118003,2.48292053584009e-10,22.1018283012565,20.1059091526627,0.994959090902285,0.62409932090145,0.994959058231416,1.23418033729672,5.02041075378656e-10,1.30504627296295,0.624099323618111,20.6444371198011,0.994959057528149
0.624099322952588,1.61905837824406,2.33080754696857e-09,7.25094650988467e-10,0.994959057216647,0.994959057325104,0.00863401163041999,21.0080432907685,0.994959058474933,9.68611857388169e-10,0.757077300214405,0.624099321566746,1.98991811509859,0.62409932205901,2.6140174347247,2.64844857156277e-09,0.994959057818278,20.0074342929793,2.48292053584009e-10,22.1018283012565,20.0158382860827,0.994959058205723,0.62409932090145,0.994959058231416,0.647399459772032,5.02041075378656e-10,0.629522236729827,0.624099323618111,20.532323790057,0.994959057528149
