655.236614695007,213.024777573726,161.767825612199,787.723293640995,190.908705067454,837.426264730194,176.427194980116,181.115392881044,178.708642066975,612.216073534794,178.860994032554,847.252385007491,196.872946743965,163.72811002459,193.519139503796,727.206200696563,164.049129559339,171.806815588499,198.846720459105,179.883721114528,191.732389345679,172.188834930265,174.846182803337,175.556108057737,718.115653052619,248.629382158391,171.348281116914,229.67483763337,726.084923741422,197.387848771257
427.544639878134,152.522468502566,151.06565370962,499.021577952913,159.270541212571,468.005707216576,153.59068153206,157.796931351321,153.464161009392,432.55887439476,152.734524512759,518.018063702917,148.425790047548,146.603280471249,155.640608961952,495.088450785199,144.293741221461,152.61203310381,155.69619977862,153.586880449458,151.39829776379,153.005978757211,153.209345712672,153.451955946544,501.07171354176,152.822036805514,152.982419032786,155.413999673427,477.987631575722,154.131736147534
360.71344592132,76.7714186127214,81.2906592957866,379.856544545848,145.329877591919,364.411194771858,147.145909635904,110.560410928633,96.368586582324,350.964561123046,152.615602603095,384.487121263056,56.9687485436061,104.94334293581,135.278789717418,374.232006166172,61.5223534468028,137.937755369723,101.700863563375,92.8262327084271,67.3892044613972,86.3414575533675,94.2805698544307,136.949429190864,372.883914918186,100.572292763417,56.6148889852234,94.3296335985297,378.19882427795,92.7699398844366
313.294920774257,9.889861994689,9.87736679860791,320.006611004851,23.4395714894454,318.588040174361,20.3585303414443,14.9955701853578,9.61687101417192,313.465048900977,37.8972018636023,323.357005598688,11.8039724592527,15.2914197782784,18.3510073862217,319.906668182302,7.50166859492992,19.8947474956617,12.4349931704282,11.757042735986,11.4113698718834,9.73829839431573,12.1982010657275,12.333018126521,321.669120679725,11.3665809407648,7.57065616148157,7.02414572122416,320.119247686051,14.3324496762016
300.14181781237,0.163107477595986,0.0827954810001756,300.176025849085,0.673390324297998,300.348494152906,0.326916491655538,0.274768087127086,0.228138461454364,300.129849805329,0.498231373573617,300.337101598672,0.149105678422075,0.309360969800309,0.234599128788432,300.185051199385,0.105595920915221,0.338618209411834,0.14656348374092,0.121979698571977,0.156117699337301,0.137820501143324,0.210541960579121,0.296131602241985,300.253576420639,0.198100039547171,0.199953023538455,0.267791534377011,300.212215711207,0.291238185229304
300.000097481267,4.60960177406378e-05,4.50848970103834e-05,300.000078566253,0.00023796838013368,300.000071792424,8.29957753012422e-05,0.00011232425504204,7.72060179770051e-05,300.000101876394,0.000158011559960869,300.000092268516,0.000103615116586298,8.27968301564397e-05,0.000119334054943465,300.000072897073,3.47625364156556e-05,9.15591954253614e-05,5.39211073373735e-05,3.27235748045496e-05,4.75839724458638e-05,4.78355332234059e-05,9.45423407756607e-05,0.000100859396297892,300.000057094944,6.63805158183095e-05,7.71852692196262e-05,6.3054116708372e-05,300.000115765715,0.000116232665732241
300.000002274555,8.95536231837468e-07,1.13264241008437e-06,300.00000160586,1.49091238199617e-06,300.000001644259,1.1460965652077e-06,1.60506124302628e-06,1.19059359349194e-06,300.000002170596,1.67561802300042e-06,300.000001421034,1.00327679319889e-06,1.33904131871532e-06,1.57846307047294e-06,300.000001396785,1.09733036879334e-06,1.34259244077839e-06,1.35208483698079e-06,9.15925284061814e-07,9.71280769590521e-07,1.30842272483278e-06,1.5678765521443e-06,1.12885572889354e-06,300.000002332884,7.77113655203721e-07,1.18968000606401e-06,1.44218893183279e-06,300.000001344022,1.49442576002912e-06
300.000001108483,8.95536231837468e-07,9.45045030675828e-07,300.00000111034,1.132581019192e-06,300.000001050131,7.52666892367415e-07,8.15568910184084e-07,9.59249973675469e-07,300.00000138818,1.13377382149338e-06,300.00000109182,7.61257979320362e-07,1.05089475255227e-06,1.11999725049827e-06,300.000001148813,6.97323230269831e-07,1.14896738523385e-06,8.77868842508178e-07,6.44036845187657e-07,9.71280769590521e-07,7.1365138865076e-07,8.6008958533057e-07,8.65577476361068e-07,300.000001246421,7.77113655203721e-07,7.90011199569562e-07,1.08385938801803e-06,300.00000126584,8.43510861159302e-07
300.000000065374,3.55544216290582e-08,3.82351572625339e-08,300.000000016453,1.79359631147236e-07,300.000000013997,5.46797309652902e-08,1.5344039638876e-07,8.51814547786489e-08,300.000000028207,2.69119027507259e-07,300.000000033689,7.31579348212108e-08,7.26772668713238e-08,1.25635324366158e-07,300.000000062415,3.78818185708951e-08,1.12951966002584e-07,5.54819052922539e-08,2.52753125096206e-08,3.99445525545161e-08,6.60888872516807e-08,3.18350430461578e-08,1.13984697236447e-07,300.000000019375,1.78027221409138e-07,2.03781382879242e-08,8.97261998034082e-08,300.000000041476,7.97672328189947e-08
300.000000000001,9.09494701772928e-13,4.54747350886464e-13,300.000000000001,2.27373675443232e-12,300,9.09494701772928e-13,9.09494701772928e-13,9.09494701772928e-13,300.000000000001,3.18323145620525e-12,300,9.09494701772928e-13,4.54747350886464e-13,9.09494701772928e-13,300.000000000001,9.09494701772928e-13,4.54747350886464e-13,4.54747350886464e-13,4.54747350886464e-13,4.54747350886464e-13,4.54747350886464e-13,4.54747350886464e-13,9.09494701772928e-13,300,1.81898940354586e-12,4.54747350886464e-13,1.36424205265939e-12,300,9.09494701772928e-13
300,4.54747350886464e-13,4.54747350886464e-13,300,4.54747350886464e-13,300,4.54747350886464e-13,4.54747350886464e-13,4.54747350886464e-13,300,4.54747350886464e-13,300,4.54747350886464e-13,4.54747350886464e-13,4.54747350886464e-13,300,4.54747350886464e-13,4.54747350886464e-13,4.54747350886464e-13,4.54747350886464e-13,4.54747350886464e-13,4.54747350886464e-13,4.54747350886464e-13,4.54747350886464e-13,300,4.54747350886464e-13,4.54747350886464e-13,4.54747350886464e-13,300,4.54747350886464e-13
300,4.54747350886464e-13,4.54747350886464e-13,300,4.54747350886464e-13,300,4.54747350886464e-13,4.54747350886464e-13,4.54747350886464e-13,300,4.54747350886464e-13,300,4.54747350886464e-13,4.54747350886464e-13,4.54747350886464e-13,300,4.54747350886464e-13,4.54747350886464e-13,4.54747350886464e-13,4.54747350886464e-13,4.54747350886464e-13,4.54747350886464e-13,4.54747350886464e-13,4.54747350886464e-13,300,4.54747350886464e-13,4.54747350886464e-13,4.54747350886464e-13,300,4.54747350886464e-13
300,4.54747350886464e-13,4.54747350886464e-13,300,4.54747350886464e-13,300,4.54747350886464e-13,4.54747350886464e-13,4.54747350886464e-13,300,4.54747350886464e-13,300,4.54747350886464e-13,4.54747350886464e-13,4.54747350886464e-13,300,4.54747350886464e-13,4.54747350886464e-13,4.54747350886464e-13,4.54747350886464e-13,4.54747350886464e-13,4.54747350886464e-13,4.54747350886464e-13,4.54747350886464e-13,300,4.54747350886464e-13,4.54747350886464e-13,4.54747350886464e-13,300,4.54747350886464e-13
300,4.54747350886464e-13,4.54747350886464e-13,300,4.54747350886464e-13,300,4.54747350886464e-13,4.54747350886464e-13,4.54747350886464e-13,300,4.54747350886464e-13,300,4.54747350886464e-13,4.54747350886464e-13,4.54747350886464e-13,300,4.54747350886464e-13,4.54747350886464e-13,4.54747350886464e-13,4.54747350886464e-13,4.54747350886464e-13,4.54747350886464e-13,4.54747350886464e-13,4.54747350886464e-13,300,4.54747350886464e-13,4.54747350886464e-13,4.54747350886464e-13,300,4.54747350886464e-13
