35.8489308355029,42.1761098378488,39.3175618983905,40.1988059324181,40.9256786932174,36.1036934618173,39.5616864518579,35.7175368902072,41.0362327409584,39.9541230912987,37.2483365916728,39.5712125984505,40.2715826148965,45.2865039194076,46.4744916329996,51.7139259607316,44.5669046621019,40.4222567779311,31.9393377231409,43.4256920803773,37.5934105544507,40.7455642725754,36.3511463896002,40.7451932965646,38.1684058745527,36.9095827922361,37.2986275987605,52.0348966184611,39.3873593546791,45.8245171952503
35.8489308355029,34.5424537615709,29.694310834856,36.3224418738146,33.1421526143363,35.7624630770347,34.3733814945194,33.959528399289,31.0816802495115,28.8139349129156,29.8923459338039,31.4069998631262,35.6783143969865,38.4453576507203,30.0476600525835,31.2060079298926,32.3448860026815,34.7784419706286,30.5606165914596,31.7885753421037,37.4042623607811,31.3463690008975,35.4133123261663,31.7604977326528,31.4240211996025,32.4003710723123,36.2868355624942,41.3195453651033,32.4725751643314,39.7162347184553
31.8685044287186,31.5537111236081,29.694310834856,36.3224418738146,31.6973125621184,35.7624630770347,33.4350226519787,33.3540127202582,31.0816802495115,28.2624189887929,23.7691407325601,29.2011731571047,34.8824766138619,33.7464898314024,28.4652567807179,31.2060079298926,30.0817180188787,31.9917091096518,30.5606165914596,31.0063878084488,33.1815540667526,29.1899004002771,30.7293309431852,31.7604977326528,27.4462492925172,30.8931958570884,30.0672027745532,37.5039003794009,31.0041818827135,34.757008391301
28.516992941426,25.7773284696068,29.3787339311698,29.5613128793784,26.5262827892811,31.5681714105676,30.3045626204303,27.5946590457415,29.3677278693049,25.7371438383657,14.8921631123976,26.4000860917749,29.1185359051901,31.2622268915343,26.8120911902756,21.0288965841528,26.723688904653,27.8746110203879,29.7745481809538,26.6803625192661,26.2320963387592,28.1035164330006,21.7470668160813,31.7604977326528,26.8679789397029,29.7578958085114,28.5733254436864,33.1253924009729,18.3785682516736,28.3549755014642
7.98633012449136,25.380485433609,23.7239530267152,26.471742670401,18.9017430032645,25.9532059424755,21.5629704480079,25.5485547690046,27.6576933553206,12.439419057428,7.00112058900049,25.4463181651749,25.9833947818815,24.9369887752032,26.8120911902756,8.70552658692259,26.1467163503357,20.1624984750115,25.9514193494228,26.3412473371577,25.6449064035874,24.5655544922201,10.4577223041038,24.4576515668978,20.0017778608444,25.7650026606611,25.7373799098737,27.4874803438456,18.3785682516736,24.7258438994786
4.7666740886425,24.3474591220211,20.2224386938719,24.3079087747524,17.8635846643188,23.9921049126938,7.48022123825558,24.7802300264243,25.0267453595852,6.04058590769091,5.72766928688452,24.4754106497171,23.6074684387472,22.0034497752276,25.6694749348276,6.3716808594836,20.0594413049671,19.173966470024,25.4573195164021,24.2339232619261,24.7036958080525,24.5655544922201,6.08962001891223,24.3047818599011,14.6906066102642,23.9700708190567,24.4106460516045,24.2915724701156,18.3785682516736,23.6284974490154
3.72795978153226,24.1904254397487,20.1472397869779,21.2685266720769,10.9155629226238,23.9921049126938,5.82247448093631,24.712046255815,24.8058618972464,4.61198825962219,4.7148698347446,23.499267612824,18.9110950396876,20.3720208809414,24.505203598872,4.94429253986891,11.1748803878363,19.1314740082421,24.480504442266,24.2339232619261,24.6731091800161,24.5655544922201,5.02046131514135,21.1096094363347,6.33656616188864,21.9926671696658,24.1300791182257,24.2915724701156,18.3785682516736,23.2274584195638
3.72795978153226,23.8404512180723,8.72153973391096,10.349195000083,3.47163164958511,22.0543757669111,5.36664629974803,24.0402862857359,23.4008784418247,3.08048024759046,3.56630171264487,23.499267612824,17.174257754637,11.6890309334449,24.505203598872,4.94429253986891,6.40293297474045,18.5791385377192,24.480504442266,24.2339232619261,22.954662648126,24.5655544922201,3.59481510958813,8.83693455914818,4.31987339997386,21.5491335934084,23.3016947750521,19.1575808724747,18.3785682516736,23.1708978131142
3.72795978153226,23.8404512180723,3.91995345617397,6.14878809730317,3.30057916840587,9.26421441980256,4.98907036945457,24.0402862857359,23.3737035225508,2.08175774174879,3.56630171264487,23.2249610110066,6.66709373962567,5.36916208766434,22.1107266152967,2.33216628505397,5.02694749433113,18.5791385377192,24.480504442266,21.6069742316663,21.3219971901763,24.5655544922201,3.59481510958813,4.94196430975171,3.29185541072366,8.06893187602736,23.3016947750521,5.99052332023803,3.64394252458214,23.1708978131142
1.34551472832254,22.6151573681796,1.24079819117196,5.4438924738447,2.48767727915629,4.84662324616829,3.69678634290449,22.1948888137654,3.60516067198387,0.979425078858185,1.45908858093344,21.3810552689829,4.50056051853926,3.19881359119836,21.3048201491497,0.313908667254509,3.16568630281108,18.5791385377192,23.6538669292045,20.4760587286332,20.7548781483424,21.5189327562507,0.798503348927625,3.84271364994629,2.87770419293838,4.40767081498689,22.6887295478782,2.25179919031825,2.10204111565554,23.1708978131142
1.32661839896127,22.5148881039231,0.972068694104564,4.57517177305999,1.81127959143623,1.77563610286325,1.15426314173965,21.469048112263,0.41221444894154,0.880697820646674,1.45845152317452,20.3458018555216,3.16341471615624,3.19881359119836,21.2699684459822,0.0323534089689019,3.16568630281108,7.21471019721957,22.3562338202746,20.4338829444901,20.1885457669928,20.4286564644199,0.790579761619028,1.26479651047794,2.11798596565814,2.95387105103873,22.5845037405925,1.75918668718396,1.999878048955,21.7071468388381
0.952063940207154,22.5148881039231,0.262250974909875,0.98518089574327,0.740485713070484,0.779469156798314,0.266355860255771,20.9310576392754,0.397026165554962,0.864079981593477,1.45845152317452,20.3445723044847,3.16341471615624,0.477000528061126,20.2555832536032,0.0323534089689019,0.855183738342475,1.2551208469522,20.802985429108,20.4338829444901,20.1864417986085,20.2666262113198,0.687530259102914,0.106865783399371,0.755766206892531,1.14471650432961,20.8792112310534,0.301866572361178,1.56031002728378,21.4685580064051
0.485112681513328,20.2349577631107,0.169613060430493,0.835034063170042,0.0914172256671009,0.318688592857143,0.264579534483346,20.7352245168308,0.397026165554962,0.864079981593477,0.714176998736093,20.2088858328366,0.183451047987091,0.240555124777529,20.2500427228856,0.0323534089689019,0.222487810941857,0.713220607890889,20.1550689231699,20.1857710230279,20.1864417986085,20.1824522734719,0.686481910108796,0.102768854192163,0.294258123592499,0.128335711497584,20.7577317600476,0.284926954921957,0.980167178980082,20.103406749985
0.0251357135634862,20.1953045496584,0.136196904593817,0.11649555614531,0.0913356250916877,0.134287942769333,0.0278698694064587,20.7313686496391,0.0535154830954525,0.757598763795158,0.175087000179246,20.2088858328366,0.183451047987091,0.13736961521272,20.1115589679493,0.025061975375138,0.216810871969301,0.658820904241111,20.1433478060258,20.1853276093129,20.1864417986085,20.1824522734719,0.187502038982529,0.102768854192163,0.144094282286915,0.122278347086194,20.1646811096953,0.107682766287326,0.89360685101019,20.103406749985
