3.97983622837319
6.96471339965308
2.98487717127989
5.96975434255978
3.97983622837319
9.9495855331138
4.97479528546648
5.96975434255978
1.98991811418659
6.96471339965308
5.96975434255978
5.96975434255978
4.97479528546648
6.96471339965308
4.97479528546648
4.97479528546648
8.95463151383967
6.96471339965308
4.97479528546648
5.96975434255978
5.96975434255978
4.97479528546648
8.95463151383967
3.97983622837319
6.96471339965308
5.96975434255978
7.95967245674638
7.95967245674638
11.9395036473004
0.994959057093297
