58.3528823339693
40.996839903326
39.5595424312071
82.8907113712057
19.7246295880559
10.1591462229112
65.9705491516324
17.1948259538847
61.8408306055212
51.5961487794598
2.21597900598476
50.9029721876539
59.7841222074308
28.0312447750848
63.3394874035043
46.8165874581944
29.0259232408396
30.7651731893868
40.9438489108645
5.27582212407378
52.0008660888616
58.7906876674883
70.9893591893872
85.8087751328596
28.3318790299606
58.9179874534616
13.1690138983206
28.5349473393944
36.0544371759968
31.1496614552655
