20.0460985827592
1.43427314469591e-09
0.994959057316919
0.624099322488973
21.7786577224219
0.994959057607048
0.994959057638198
21.4072612235234
2.26714291784447e-09
20.0366056803521
1.07391040812809
4.73164618597366e-10
0.0044056801161787
0.926623516163772
1.61905837813333
21.3175254649857
21.7479610136099
3.14685166813433e-10
0.994959057665938
0.577959799342352
0.906489068128394
0.624099321447147
3.15822035190649e-10
1.61905837842528
2.52612153417431e-10
1.11592138749552
23.1436545591273
2.6170710043516e-10
1.19646696641939
9.16579456920954
