224.073063427404,247.149664801247,210.424189928918,265.157950293619,275.31460600881,223.046167983707,252.331452430843,283.828113733771,250.888416359906,273.399946954632,324.782940384128,242.964820197349,232.608256386027,238.206095648428,207.82854722669,237.378989814587,290.744367058892,242.809544582075,233.350622988684,210.668555320708,261.412126183891,231.911635388451,226.274608737783,267.978198916837,289.154000424302,272.07576684255,258.021377870574,218.917799049688,270.218445786491,248.02973510934
201.531245473228,196.12163713674,183.592923159428,188.770986686229,221.135558989306,179.842974873604,194.185258418493,212.396254810185,191.009856271294,210.114937401481,242.351705411958,195.965561520552,190.986424756067,189.016772006549,185.478425114977,187.842473209222,216.344733172704,183.495504240483,186.42608004447,176.699001996828,184.454559648546,193.782942274649,183.347892283452,203.098418512085,225.59524149412,226.253390391532,184.476071698624,189.82921145623,186.478716002611,189.498074494819
178.71761867547,172.793198486576,172.28031728873,174.47104357467,179.684514163452,173.251148053232,173.592095411819,184.132220812781,176.07097783466,172.491254206948,216.188116497396,172.642791653561,172.546811808018,176.11276062746,175.492678068227,174.081661029097,176.058563670835,172.787735099749,174.095847640442,172.180712718027,174.416813905299,179.173486555104,170.842163686124,172.993941300737,188.12170105837,189.854108162075,175.107316486275,172.776967752142,173.622488529526,172.380550864221
166.493231968247,166.838166804814,165.549657521677,165.31517303715,169.156938130104,166.332697117102,166.677372530369,169.41715657449,169.24938883107,166.456008484362,169.451865519466,165.873436185094,165.768251019226,168.541128303498,165.67926399106,166.37097103923,166.494939978653,166.768977622157,165.571928750703,165.522322693886,166.713567110713,165.403404596651,165.782468868993,165.450713552058,166.948963758376,175.198282792335,169.677135148051,165.708159077559,165.680473391272,166.118716402757
165.215652608245,165.215856929839,164.976338146334,164.922491531556,166.778959113539,164.922390241594,165.214953037168,167.165147001994,168.570467837233,165.217839555668,164.935466775281,164.932358658438,164.932105484027,166.602297939291,164.931654836678,164.93196905995,164.931883141769,164.922593474404,164.922563661197,164.92258405862,164.931461382529,164.932949147321,164.923394330368,164.923059034773,164.93282624156,173.359664346399,166.821151702308,164.931652977903,164.931436201337,164.92249805899
165.21260571736,165.2126057005,164.975867634409,164.921941569836,166.774272136383,164.921941568572,165.212605722123,167.162995715814,168.56969232422,165.212605788668,164.931007909756,164.931007906055,164.931007905004,166.593785030438,164.931007903798,164.931007903786,164.931007906036,164.921941570102,164.92194156917,164.921941569137,164.931007903654,164.931007905296,164.921941569511,164.921941570168,164.931007905305,173.341063434503,166.818478555715,164.931007903846,164.931007904538,164.92194156904
165.212605597666,165.212605597665,164.975867633901,164.921941568,166.774272071239,164.921941568,165.212605597668,167.16299571332,168.56969232226,165.212605597667,164.931007902907,164.931007902907,164.931007902907,166.593784869255,164.931007902907,164.931007902907,164.931007902907,164.921941568,164.921941568,164.921941568,164.931007902907,164.931007902907,164.921941568,164.921941568,164.931007902907,173.341057024451,166.818478534116,164.931007902907,164.931007902907,164.921941568
165.212605597661,165.212605597661,164.975867633901,164.921941568,166.774272071238,164.921941568,165.212605597661,167.16299571332,168.56969232226,165.212605597661,164.931007902907,164.931007902907,164.931007902907,166.593784869251,164.931007902907,164.931007902907,164.931007902907,164.921941568,164.921941568,164.921941568,164.931007902907,164.931007902907,164.921941568,164.921941568,164.931007902907,173.341057022365,166.818478534116,164.931007902907,164.931007902907,164.921941568
165.212605597661,165.212605597661,164.975867633901,164.921941568,166.774272071238,164.921941568,165.212605597661,167.16299571332,168.56969232226,165.212605597661,164.931007902907,164.931007902907,164.931007902907,166.593784869251,164.931007902907,164.931007902907,164.931007902907,164.921941568,164.921941568,164.921941568,164.931007902907,164.931007902907,164.921941568,164.921941568,164.931007902907,173.341057022364,166.818478534116,164.931007902907,164.931007902907,164.921941568
165.212605597661,165.212605597661,164.975867633901,164.921941568,166.774272071238,164.921941568,165.212605597661,167.16299571332,168.56969232226,165.212605597661,164.931007902907,164.931007902907,164.931007902907,166.593784869251,164.931007902907,164.931007902907,164.931007902907,164.921941568,164.921941568,164.921941568,164.931007902907,164.931007902907,164.921941568,164.921941568,164.931007902907,173.341057022364,166.818478534116,164.931007902907,164.931007902907,164.921941568
165.212605597661,165.212605597661,164.975867633901,164.921941568,166.774272071238,164.921941568,165.212605597661,167.16299571332,168.56969232226,165.212605597661,164.931007902907,164.931007902907,164.931007902907,166.593784869251,164.931007902907,164.931007902907,164.931007902907,164.921941568,164.921941568,164.921941568,164.931007902907,164.931007902907,164.921941568,164.921941568,164.931007902907,173.341057022364,166.818478534116,164.931007902907,164.931007902907,164.921941568
165.212605597661,165.212605597661,164.975867633901,164.921941568,166.774272071238,164.921941568,165.212605597661,167.16299571332,168.56969232226,165.212605597661,164.931007902907,164.931007902907,164.931007902907,166.593784869251,164.931007902907,164.931007902907,164.931007902907,164.921941568,164.921941568,164.921941568,164.931007902907,164.931007902907,164.921941568,164.921941568,164.931007902907,173.341057022364,166.818478534116,164.931007902907,164.931007902907,164.921941568
165.212605597661,165.212605597661,164.975867633901,164.921941568,166.774272071238,164.921941568,165.212605597661,167.16299571332,168.56969232226,165.212605597661,164.931007902907,164.931007902907,164.931007902907,166.593784869251,164.931007902907,164.931007902907,164.931007902907,164.921941568,164.921941568,164.921941568,164.931007902907,164.931007902907,164.921941568,164.921941568,164.931007902907,173.341057022364,166.818478534116,164.931007902907,164.931007902907,164.921941568
165.212605597661,165.212605597661,164.975867633901,164.921941568,166.774272071238,164.921941568,165.212605597661,167.16299571332,168.56969232226,165.212605597661,164.931007902907,164.931007902907,164.931007902907,166.593784869251,164.931007902907,164.931007902907,164.931007902907,164.921941568,164.921941568,164.921941568,164.931007902907,164.931007902907,164.921941568,164.921941568,164.931007902907,173.341057022364,166.818478534116,164.931007902907,164.931007902907,164.921941568
