48941095.824611,3601002.36576336,4695563.51924627,148843292.603497,86997150.6695498,14104411.7302364,49355950.5410103,36441996.0383542,59746615.5961844,19479744.6946816,3438773.31584521,23399175.3569728,16507405.1110596,11998792.3921658,28429311.8914718,4670323.75086502,12081891.4330921,18042482.3255041,59689902.4957325,3865604.07174979,44410040.779489,2421229.66360207,3918267.72459778,17635282.0689855,21954784.8907834,21402604.1051804,13917111.5089169,6911793.91701638,3718523.85270412,3226543.77619975
425957.670885727,106957.437180576,2327284.656173,1075580.8602764,1129322.50881074,1040289.03903248,1636718.54786789,1067773.18572734,3380140.22024052,7396117.47990516,209512.067241146,4251165.90465869,1084253.44240098,469949.804975919,195782.256287089,594104.138448889,830713.769014191,1762796.52894504,562283.968763334,800174.165891254,3077958.01207035,868004.531082867,425751.494730545,1039287.22166412,1070290.80745119,7749633.62438464,646126.307119173,765385.987995033,2458028.56049757,937981.101797257
164240.263716388,48590.4329003017,144346.677487317,772619.581606039,296744.387812029,185796.999464025,18064.9514119295,108237.704990109,191004.278114219,196466.855336988,46198.2154094559,357983.214506223,166735.145461612,187790.014966628,81474.7625759544,88996.8276655514,30232.5445503168,269659.225322645,56861.4274923731,60854.9561888619,530141.683720268,29710.3019586224,18939.0691341073,48050.5074002389,50508.7203084897,54313.4611335519,73552.0975557557,64271.6324469596,592176.535066384,35220.5636981643
184.226883402436,129.544871220684,783.658105912485,871.456323977537,3085.12308172025,625.74648447681,939.728897958395,267.719309291321,2731.50357560657,5378.2505436104,415.440187935159,1096.45842227978,816.969931895944,823.276450913877,756.494492122357,298.810959650874,969.177386536908,749.431970813279,4165.31961045635,1222.96193379291,2357.07240054117,1976.40404555736,697.830045646414,166.405939260673,893.206393025557,3577.44467951169,1775.56999324674,1050.99497005682,2031.8459405905,1055.20728909045
30.8601936590537,6.76253779488206,12.025085277515,41.3220432476417,8.95210321481568,5.42226932807512,5.25487991446084,19.0409896625949,91.6893146293025,4.35625586430569,9.05852216364747,23.5638027567538,46.1546395321059,11.2392275909046,40.9793272160673,12.875763483537,25.8758079305971,19.602854379609,30.3914321052468,22.4264901701004,16.5315376714855,16.174622410819,5.33952482727773,19.3845164011398,37.6086259563704,8.31653046840074,23.828690447137,12.6274285838913,10.0558616210142,10.5690938331236
1.16846982522407,5.03741844899992,5.09694668446787,5.17171960488508,2.11621734162759,0.173132055364476,4.29910232555949,15.4843345633935,4.42125036707466,4.24565403388306,2.04840193893233,16.9655486909687,5.06002460808008,1.07603895787292,5.00158558651037,5.20175592910505,9.99623683413211,1.12544720529058,5.38479103449708,4.07760432777491,1.49497788485496,4.02618019286319,4.45520661931027,5.29146513972432,13.0227847928559,4.19971485998735,1.14849158462175,4.47983162673563,0.148302885202838,10.0347519374113
1.15340263681969,5.03482598638971,5.09220359560277,5.13994105279949,2.11340345529811,0.168222844399452,4.2971409145689,15.4843342462079,4.41442418500196,4.24202773870388,2.04523957451352,16.9594063413542,5.05220960799625,1.06763255998021,4.98491686327429,5.19646353012467,9.99152572731714,1.11295935926319,5.37695074633598,4.06607326773974,1.49495904069636,4.01977856302801,4.45289922505367,5.28424106939133,13.0195985141565,4.19438460135393,1.14224117000003,4.47983119055652,0.126278584083821,10.0318856445858
1.15314876380739,5.0347927326718,5.09205464957677,5.13958455340662,2.11336067734283,0.168188427519681,4.29710243428462,15.4843342462054,4.4143910641576,4.24197278258089,2.04521762374816,16.9593205556071,5.05218015350511,1.06754766484801,4.98456139190898,5.19639415474307,9.99145261444028,1.11278762559118,5.3768432096283,4.06597416102181,1.49495904069636,4.01969904651128,4.45286562067395,5.28415533843486,13.0194908533877,4.19433582191095,1.14213262310432,4.47983119055402,0.12601496203547,10.0318353123773
1.15314494737527,5.03479185206515,5.09205199243456,5.13957776650113,2.1133602917871,0.168187746361127,4.29710180305915,15.4843342462054,4.41439001994991,4.24197238831744,2.04521690641127,16.9593180290201,5.05217944360561,1.06754258284809,4.98454741528099,5.19639334751673,9.99145014977967,1.11278446738629,5.37684206781887,4.06597111121891,1.49495904069636,4.01969607886053,4.45286514902068,5.28415443394078,13.019490049614,4.19433555097589,1.14213127058974,4.47983119055402,0.126011818928873,10.0318336813934
1.15314489875868,5.03479184008347,5.09205195264349,5.13957762347445,2.11336027800803,0.168187699920281,4.29710178214464,15.4843342462054,4.41438992406893,4.24197234639269,2.04521689758894,16.9593180085351,5.05217942120225,1.06754247066601,4.98454719463939,5.19639330565178,9.9914501270116,1.11278442034472,5.37684198283182,4.06597107127232,1.49495904069636,4.01969605451609,4.45286505397053,5.28415438906995,13.0194900189722,4.19433552873807,1.14213125056267,4.47983119055402,0.126011752109434,10.031833662302
1.15314485858994,5.03479182134242,5.09205194247761,5.13957755727938,2.1133602752584,0.168187640030965,4.29710176542244,15.4843342462054,4.41438987184665,4.24197232188158,2.04521689748935,16.9593180025354,5.0521793946707,1.06754245284696,4.98454719237839,5.19639327425534,9.99145011406631,1.11278440865976,5.37684190235018,4.06597106482172,1.49495904069636,4.01969603147404,4.45286498205292,5.28415437257809,13.0194900139934,4.19433551732004,1.14213122468686,4.47983119055402,0.12601173441044,10.031833662302
1.15314480080815,5.03479180007093,5.09205193028583,5.13957747818404,2.11336027134689,0.168187577939761,4.2971017523962,15.4843342462054,4.41438985374771,4.24197229577135,2.04521689748935,16.9593180005186,5.05217935697056,1.0675424401079,4.98454719064694,5.19639323667479,9.99145010058101,1.11278439938201,5.3768418323591,4.06597105789865,1.49495904069636,4.01969600685356,4.45286492232958,5.28415436251225,13.0194900115125,4.19433550738131,1.14213119646092,4.47983119055402,0.126011702428968,10.031833662302
1.15314475601895,5.03479177343661,5.0920519025683,5.13957740125898,2.1133602705363,0.16818750902371,4.29710174622096,15.4843342462054,4.4143898344812,4.24197227437776,2.0452168960046,16.9593179979659,5.05217930417166,1.06754241734438,4.98454718946914,5.19639316821008,9.99145009343829,1.11278438999375,5.37684176076414,4.06597105413675,1.49495904069636,4.01969598296432,4.45286489915816,5.28415435048828,13.0194899975552,4.19433550145482,1.14213116053406,4.47983119055402,0.126011663166992,10.031833662302
1.1531447074367,5.03479174522454,5.09205189566615,5.13957733662869,2.11336026969752,0.168187450901314,4.29710173736953,15.4843342462054,4.41438982765158,4.24197226060187,2.0452168939064,16.9593179975041,5.05217925921602,1.06754240447231,4.98454718845733,5.19639310115735,9.9914500850166,1.11278437805777,5.37684173330217,4.06597105107357,1.49495904069636,4.01969595205742,4.45286486569171,5.28415434643534,13.0194899877667,4.19433549167479,1.14213113655228,4.47983119055402,0.126011626400214,10.031833662302
