364.480909344427,372.975006283678,400.10765978982,372.938716776494,424.036279624267,403.368526982944,365.230711768871,361.3613363837,373.798409762376,395.432684624482,438.941974125803,333.416604704332,380.321474416727,428.131269531119,416.678926430893,448.578185429648,423.800221442434,373.197890694057,417.890865491738,395.223376278697,409.93640932445,381.937997239898,474.862382069398,373.877628559228,414.409774124393,395.238486182362,407.114670151675,349.455962412295,375.069552430287,403.261855302453
276.771396763315,264.9064497595,277.537568223033,282.867187003605,290.489332768366,338.228981822742,296.695468909282,251.563865869018,314.346727130391,267.619670713617,379.15657729852,264.522293260648,256.454989939191,370.071428322128,330.361601638281,362.658861023259,254.549600067471,247.672181379636,272.570748587985,268.170965137813,301.12417129186,303.805452613553,288.301912331404,312.221163907461,359.827497584,267.177162974437,288.923660145271,245.408023386438,293.485733498259,302.36112528402
237.5152065053,238.893948594484,240.481613488771,243.431899828458,243.465787301194,243.267644953915,233.832175815009,233.905089417124,234.247229782685,236.311606915517,252.956476992892,238.706588957473,235.594701134395,269.847918603129,238.865429454975,259.638104376944,243.140727792104,236.106118715612,246.971775267992,249.313722727501,254.791334425665,244.994392130546,242.824086700382,240.468902803624,241.154322076697,238.862595680278,242.629908138075,235.616906326728,234.706471796357,237.39549173099
230.668048461302,229.884206249292,230.990343225948,229.89548355349,230.153512358712,230.359381348425,230.153214675892,229.967792965831,230.239033156605,229.872238362713,229.939524596025,229.891358012605,229.756272644471,232.02269683335,230.89896129663,232.398280992093,230.042599106077,229.922832302454,230.828975400586,230.433378732715,230.318531675566,230.404978977557,230.547340354351,230.610057464866,230.171587871894,230.04943949315,230.155963335048,229.951637545072,230.304748169192,230.09921831285
229.295502391819,229.29342004679,229.290491335079,229.288911594385,229.292880703385,229.293764520317,229.29034130466,229.290279644291,229.290676858889,229.29179072938,229.29708055527,229.300516974561,229.289261573777,229.29709856056,229.292393321634,229.300798105114,229.293287913765,229.290202245038,229.293077110627,229.298143337072,229.293770472052,229.290471661538,229.290626496933,229.293081590973,229.292359710414,229.294361960681,229.294788960908,229.287683186274,229.292024070784,229.291370157968
229.284383476984,229.284383492508,229.284383301585,229.284383013405,229.284383264318,229.284384005182,229.284382884598,229.284383342644,229.284383245294,229.2843835921,229.284384409672,229.28438356514,229.284383239053,229.284383478148,229.284384205389,229.284383635138,229.284383382349,229.284382855266,229.284383180285,229.284383357923,229.284384065385,229.284383802699,229.284383762276,229.284383425534,229.284383717765,229.284383769822,229.284383733788,229.284383217007,229.284383909916,229.284383700253
229.284382708541,229.284382708594,229.284382708534,229.284382708553,229.284382708567,229.284382708606,229.284382708534,229.284382708523,229.284382708552,229.284382708569,229.284382708649,229.284382708569,229.284382708548,229.284382708629,229.284382708632,229.2843827086,229.284382708552,229.284382708511,229.284382708597,229.284382708574,229.284382708599,229.284382708634,229.284382708581,229.284382708541,229.284382708538,229.284382708563,229.284382708578,229.284382708514,229.284382708577,229.284382708539
229.284382708487,229.284382708487,229.284382708487,229.284382708487,229.284382708487,229.284382708487,229.284382708487,229.284382708487,229.284382708487,229.284382708487,229.284382708487,229.284382708487,229.284382708487,229.284382708487,229.284382708487,229.284382708487,229.284382708487,229.284382708487,229.284382708487,229.284382708487,229.284382708487,229.284382708487,229.284382708487,229.284382708487,229.284382708487,229.284382708487,229.284382708487,229.284382708487,229.284382708487,229.284382708487
229.284382708487,229.284382708487,229.284382708487,229.284382708487,229.284382708487,229.284382708487,229.284382708487,229.284382708487,229.284382708487,229.284382708487,229.284382708487,229.284382708487,229.284382708487,229.284382708487,229.284382708487,229.284382708487,229.284382708487,229.284382708487,229.284382708487,229.284382708487,229.284382708487,229.284382708487,229.284382708487,229.284382708487,229.284382708487,229.284382708487,229.284382708487,229.284382708487,229.284382708487,229.284382708487
229.284382708487,229.284382708487,229.284382708487,229.284382708487,229.284382708487,229.284382708487,229.284382708487,229.284382708487,229.284382708487,229.284382708487,229.284382708487,229.284382708487,229.284382708487,229.284382708487,229.284382708487,229.284382708487,229.284382708487,229.284382708487,229.284382708487,229.284382708487,229.284382708487,229.284382708487,229.284382708487,229.284382708487,229.284382708487,229.284382708487,229.284382708487,229.284382708487,229.284382708487,229.284382708487
229.284382708487,229.284382708487,229.284382708487,229.284382708487,229.284382708487,229.284382708487,229.284382708487,229.284382708487,229.284382708487,229.284382708487,229.284382708487,229.284382708487,229.284382708487,229.284382708487,229.284382708487,229.284382708487,229.284382708487,229.284382708487,229.284382708487,229.284382708487,229.284382708487,229.284382708487,229.284382708487,229.284382708487,229.284382708487,229.284382708487,229.284382708487,229.284382708487,229.284382708487,229.284382708487
229.284382708487,229.284382708487,229.284382708487,229.284382708487,229.284382708487,229.284382708487,229.284382708487,229.284382708487,229.284382708487,229.284382708487,229.284382708487,229.284382708487,229.284382708487,229.284382708487,229.284382708487,229.284382708487,229.284382708487,229.284382708487,229.284382708487,229.284382708487,229.284382708487,229.284382708487,229.284382708487,229.284382708487,229.284382708487,229.284382708487,229.284382708487,229.284382708487,229.284382708487,229.284382708487
229.284382708487,229.284382708487,229.284382708487,229.284382708487,229.284382708487,229.284382708487,229.284382708487,229.284382708487,229.284382708487,229.284382708487,229.284382708487,229.284382708487,229.284382708487,229.284382708487,229.284382708487,229.284382708487,229.284382708487,229.284382708487,229.284382708487,229.284382708487,229.284382708487,229.284382708487,229.284382708487,229.284382708487,229.284382708487,229.284382708487,229.284382708487,229.284382708487,229.284382708487,229.284382708487
229.284382708487,229.284382708487,229.284382708487,229.284382708487,229.284382708487,229.284382708487,229.284382708487,229.284382708487,229.284382708487,229.284382708487,229.284382708487,229.284382708487,229.284382708487,229.284382708487,229.284382708487,229.284382708487,229.284382708487,229.284382708487,229.284382708487,229.284382708487,229.284382708487,229.284382708487,229.284382708487,229.284382708487,229.284382708487,229.284382708487,229.284382708487,229.284382708487,229.284382708487,229.284382708487
