365.498496726542,101.232103437372,3351.81150439457,101.246805619105,101.274889944945,325.779993513152,344.672705694815,2879.06180768475,329.61061908055,101.313390663457,313.695483521922,3922.21219056722,101.26695738989,4281.34342596447,101.935964947711,4484.18963821669,330.323132337425,101.312443959655,4174.58673987684,102.438665364615,364.614501497236,328.732273282364,4316.94494263102,101.567191234928,101.404496312547,348.896962368841,335.152367128153,363.767306987825,338.36603022327,343.895135112901
332.139148724431,100.716223537282,2702.03708383907,100.662642525981,100.590431911562,272.602499507705,320.679150764134,2879.06180768475,315.67179412442,100.765848217211,274.645044297138,2801.7817077875,100.75632835558,3085.56990700755,100.662025043675,1613.70128575031,298.507686153935,101.162024180733,3045.76820443319,100.760197495619,285.470207392839,292.560761711613,1961.74094236279,100.805582976181,100.659266695593,300.261191165147,274.545536752798,297.957345922584,286.453542642885,257.844825222169
300.500365051632,100.642498172509,2344.43629796348,100.642830772161,100.50939141248,209.491810037648,224.953327460258,2213.77615826712,235.67071563743,100.67229411887,216.669207991833,2312.25922853556,100.75632835558,2793.03017178697,100.662025043675,1613.70128575031,213.563328595502,101.162024180733,1437.92600181702,100.591424813323,211.817189383628,217.025672559092,1961.74094236279,100.655689830799,100.659266695593,217.835153271674,213.181155353004,216.510804032828,217.172469527178,211.072990211007
218.692838266568,100.642498172509,362.230604935959,100.642830772161,100.447236221874,208.440028924521,213.845012276048,363.691197606054,218.169769272788,100.67229411887,215.965897981984,13.0988249957386,100.75632835558,302.153856929224,100.662025043675,9.52937331215981,211.150855217008,101.162024180733,3.82235026128865,100.492064387737,210.509427579623,214.929018850213,119.017410716317,100.515309037885,100.659266695593,216.021368010756,212.488076643968,211.125217228452,216.455114498089,210.86555381417
212.893712481346,100.642498172509,361.450346652697,100.642830772161,100.447236221874,208.439796439782,213.843838889481,363.032911194533,218.168972384246,100.67229411887,215.96579241919,11.9549631228733,100.75632835558,299.709189383442,100.662025043675,9.36164554215156,211.150372115726,101.162024180733,3.66498209213751,100.492064387737,210.509011604793,214.928612363591,118.625731515209,100.457127320368,100.659266695593,216.020881137303,212.487725179783,211.124131569185,216.454979275823,210.865492914239
212.89326616887,100.642498172509,361.450346652313,100.642830772161,100.447236221874,208.439796439782,213.843838889481,363.032911194148,218.168972384246,100.67229411887,215.965792419189,11.9549631217155,100.75632835558,299.709189381795,100.662025043675,9.36164554192283,211.150372115726,101.068932785616,3.66498209199108,100.492064387737,210.509011604793,214.92861236359,118.625731514884,100.42623445755,100.659266695593,216.020881137302,212.487725179783,211.124131569184,216.454979275823,210.865492914239
212.893266168137,100.642498172509,361.450346652313,100.642830772161,100.447236221874,208.439796439782,213.843838889481,363.032911194148,218.168972384246,100.67229411887,215.965792419189,11.9549631217155,100.75632835558,299.709189381795,100.662025043675,9.36164554192283,211.150372115726,100.921585374728,3.66498209199108,100.492064387737,210.509011604793,214.92861236359,118.625731514884,100.42623445755,100.659266695593,216.020881137302,212.487725179783,211.124131569184,216.454979275823,210.865492914239
212.893266168137,100.642498172509,361.450346652313,100.642830772161,100.447236221874,208.439796439782,213.843838889481,363.032911194148,218.168972384246,100.67229411887,215.965792419189,11.9549631217155,100.75632835558,299.709189381795,100.662025043675,9.36164554192192,211.150372115726,100.921585374728,3.66498209199108,100.492064387737,210.509011604793,214.92861236359,118.625731514884,100.42623445755,100.659266695593,216.020881137302,212.487725179783,211.124131569184,216.454979275823,210.865492914239
212.893266168137,100.642498172509,361.450346652313,100.642830772161,100.447236221874,208.439796439782,213.843838889481,363.032911194148,218.168972384246,100.67229411887,215.965792419189,11.9549631217151,100.75632835558,299.709189381795,100.662025043675,9.36164554192192,211.150372115726,100.921585374728,3.66498209199108,100.492064387737,210.509011604793,214.92861236359,118.625731514884,100.42623445755,100.659266695593,216.020881137302,212.487725179783,211.124131569184,216.454979275823,210.865492914239
212.893266168137,100.367354247708,361.450346652312,100.292432789211,100.390320798171,208.439796439782,213.843838889481,363.032911194148,218.168972384246,100.369727038262,215.965792419189,11.9549631217151,100.359809233019,299.709189381795,100.383910901863,9.36164554192192,211.150372115726,100.383833694903,3.66498209199108,100.355868395909,210.509011604793,214.92861236359,118.625731514884,100.42623445755,100.358651114094,216.020881137302,212.487725179783,211.124131569184,216.454979275823,210.865492914239
212.893266168137,100.326281923115,361.450346652311,100.259006557638,100.357192902082,208.439796439782,213.843838889481,363.032911194148,218.168972384246,100.326721102936,215.965792419189,11.9549631217151,100.344042425045,299.709189381795,100.328649165763,9.36164554192146,211.150372115726,100.327657109772,3.66498209199017,100.336312493569,210.509011604793,214.92861236359,118.625731514884,100.361480776424,100.309217201021,216.020881137302,212.487725179783,211.124131569184,216.454979275823,210.865492914239
212.893266168137,100.323785369445,361.450346652311,100.252589917381,100.351829900979,208.439796439782,213.843838889481,363.032911194148,218.168972384246,100.321491563731,215.965792419189,11.9549631217137,100.339337041404,299.709189381794,100.322411524191,9.36164554192101,211.150372115726,100.325869332326,3.66498209199017,100.336312493569,210.509011604793,214.92861236359,118.625731514884,100.351888685351,100.304898070175,216.020881137302,212.487725179783,211.124131569184,216.454979275823,210.865492914239
212.893266168137,100.323046392634,361.450346652311,100.251953923886,100.351351828708,208.439796439782,213.843838889481,363.032911194148,218.168972384246,100.32076506011,215.965792419189,11.9549631217137,100.339008346325,299.709189381794,100.321834158264,9.36164554192101,211.150372115726,100.324971776729,3.66498209199017,100.336312493569,210.509011604793,214.92861236359,118.625731514884,100.351093932899,100.304538181046,216.020881137302,212.487725179783,211.124131569184,216.454979275823,210.865492914239
212.893266168137,100.322980048961,361.450346652311,100.251870794676,100.351277019873,208.439796439782,213.843838889481,363.032911194148,218.168972384246,100.32070610839,215.965792419189,11.9549631217137,100.338934499074,299.709189381794,100.321794344009,9.36164554192055,211.150372115726,100.324913686211,3.66498209199017,100.336312493569,210.509011604793,214.92861236359,118.625731514884,100.350943086681,100.304484703795,216.020881137302,212.487725179783,211.124131569184,216.454979275823,210.865492914239
