6346.17674686288,4795.31509743106,6087.98481858601,9524.96466957096,6648.73034992987,6718.57901624806,6767.80451384203,9792.63504143944,9133.44632836232,7234.30641569445,4958.37407372758,8000.81802609212,8065.52337693571,8885.08135844654,8669.67914784568,9889.99651002372,9217.01650098656,8157.7442366906,10292.224010592,4790.34455242237,6491.56093840839,8061.47515744405,9135.352544762,8159.74187184977,7014.36579264697,6114.73260955725,8934.35398819485,4935.6671029299,6596.62865487206,8261.86598358256
6346.17674686288,4795.31509743106,6087.98481858601,7510.16297588996,6648.73034992987,6550.3115185511,6767.80451384203,7491.38287308389,9133.44632836232,6666.46091319887,4958.37407372758,7333.61273812731,7769.5638906866,8406.54078884759,8669.67914784568,9314.57446979674,6190.69645024624,8157.7442366906,10017.2260364885,4790.34455242237,6491.56093840839,8061.47515744405,6868.23267938456,6683.06213117598,5818.49992142116,6114.73260955725,6784.54299456408,4935.6671029299,6596.62865487206,8261.86598358256
4278.07946327095,4795.31509743106,6087.98481858601,7180.47951390658,6022.11592735728,4496.70717216445,6223.81968877047,6898.13518790916,7193.12907537288,5245.55099323072,4958.37407372758,6458.11825933545,6975.26431759289,6372.25414547163,6732.46687097847,6698.76104234784,6100.96651081817,6256.11612639347,6182.61904664781,4790.34455242237,5709.54674667532,7417.89449267071,6868.23267938456,5426.39265088907,5818.49992142116,6087.75159746418,5380.90362339254,4935.6671029299,6553.36188623033,6156.4591865917
4278.07946327095,4795.31509743106,5762.51341351698,6396.41932095691,5644.07817844904,4496.70717216445,5587.22523642593,5970.22025360796,6445.58538828099,4606.99462687096,4870.42843256649,6333.06388412512,6965.83199618585,6068.44269920314,5117.73478399431,6013.85693043317,5699.01891618947,5689.36479082759,6046.06112622276,4790.34455242237,5609.0930689276,5218.53975286637,6868.23267938456,4415.08934196071,5368.42608574123,5569.5448406251,5380.90362339254,4935.6671029299,5156.62918842432,5304.48440238869
4278.07946327095,4795.31509743106,4705.57723709524,5122.64245954407,4534.41464889661,4496.70717216445,5260.76684869969,4909.1634922448,6050.60088408932,4377.2971078244,4726.3828075173,4196.9743538732,6673.82693046885,4680.12489135739,5117.73478399431,6013.85693043317,5146.82932448822,5689.36479082759,4977.34912610101,4394.14330910831,5077.58522532185,5218.53975286637,5846.86553465251,4415.08934196071,5368.42608574123,4502.25327603171,4634.84158663615,4935.6671029299,4713.58220254652,4611.54338049141
4110.03557713608,2243.36982525936,2665.32228875399,2913.25123037169,3710.79587288201,2608.14530629947,3687.50411848406,3855.6692863082,4532.69893747745,3177.05150956647,4138.20116679109,3677.18322492621,4643.82120343954,3259.42276234799,5117.73478399431,2990.11566929051,2746.24905784951,3423.22045941851,2965.5964453247,2682.5717806613,2839.85105012442,3424.01033787552,5083.09067347923,2194.00206286987,3087.20353072324,3921.02243171393,3413.64925621971,3592.505636521,2933.78970827593,2994.71560107007
1552.67967080438,1508.63417523292,1432.80740396313,1626.42616176882,1022.47576644452,1303.35144517968,1028.38297580735,1330.41710653573,1312.0740071015,1586.9878895376,1844.47421705776,1611.49625862416,1843.15402495861,1487.490454439,1981.72921318089,1515.84443380129,1402.11400252731,1434.89811453518,1572.0487112697,1852.07138545359,1657.78963906052,1604.93282485876,3081.62400973705,1212.71185249922,1476.21320861406,1897.19863470778,1757.17910570146,2208.45085200168,1687.63771356105,1391.99865518465
902.620288123827,747.940830237203,813.146027990494,857.141485327239,665.254532856033,930.815469238376,714.137097369458,781.118188435207,765.619157495787,871.45998802898,785.388203837336,719.320770044183,899.573751394543,881.161403789127,914.144310997082,809.614944918608,826.403005703732,685.711520204709,822.702731069422,974.670869372484,793.473283637216,884.293255114302,656.587785859788,749.809650135441,765.761186766496,708.903409955328,872.503680733279,853.009493719065,815.017984329485,830.487649661759
385.095867470037,364.663284535958,378.020838654289,382.011265894278,416.836383399133,397.846942757457,426.93100969513,377.202676092411,387.936707123959,379.893677399821,391.581065449358,375.378656015685,385.383752049228,381.10825430467,397.54529978249,384.030205311798,392.859365727508,355.361491884942,384.871722438074,405.178390719564,381.190237275081,380.150078948185,411.641134322032,371.839562089518,387.920638010656,385.732818481812,374.5241548926,382.819609774434,386.05759460369,381.552806361904
305.38275747221,306.06875672398,304.589628638864,305.424845399998,400.95139030557,304.978342960744,401.398102074519,307.563244840509,305.915521868837,304.468868019248,305.95255528619,303.405442174851,306.787522007836,304.374553336821,306.42843799683,305.341066097612,305.139516263762,304.028914397573,305.131454363274,307.313964936771,304.904835119728,304.151715116027,400.753099712955,306.084380171067,305.471063745061,305.732511123893,306.215777064754,305.222648307844,306.169678662918,307.061419777316
300.042308759362,300.035743147914,300.029758255728,300.033976452041,400.011947467114,300.049980834567,400.00921672092,300.037677851197,300.048321796813,300.032811305121,300.031283950184,300.02879120405,300.058902570969,300.038659155083,300.052912646503,300.042267180392,300.039476018832,300.024778200141,300.049077607899,300.040874694467,300.047242345091,300.040702628784,400.006579704149,300.043654405732,300.026067718769,300.032030002173,300.039017200429,300.042696826984,300.043354002658,300.038186961947
300.000008294357,300.000006687142,300.000004867096,300.00000598276,400.000002030893,300.000009938631,400.000001661522,300.00000530716,300.000009322376,300.000008818386,300.000005804709,300.000004987585,300.000008427928,300.000007493968,300.000010343005,300.000006873521,300.000009274081,300.000005114076,300.000008064693,300.000007646591,300.000008682859,300.000007936937,400.000001062812,300.000008137765,300.000005205663,300.000004696993,300.000010722846,300.000007599955,300.000008272917,300.000006761483
300.000000000003,300.000000000004,300.000000000004,300.000000000004,400,300.000000000004,400,300.000000000004,300.000000000003,300.000000000004,300.000000000003,300.000000000004,300.000000000003,300.000000000005,300.000000000004,300.000000000004,300.000000000003,300.000000000002,300.000000000003,300.000000000004,300.000000000005,300.000000000003,400.000000000001,300.000000000003,300.000000000004,300.000000000004,300.000000000003,300.000000000003,300.000000000003,300.000000000004
300.000000000003,300.000000000003,300.000000000004,300.000000000004,400,300.000000000004,400,300.000000000004,300.000000000003,300.000000000004,300.000000000003,300.000000000004,300.000000000003,300.000000000004,300.000000000004,300.000000000004,300.000000000003,300.000000000002,300.000000000003,300.000000000003,300.000000000005,300.000000000003,400.000000000001,300.000000000003,300.000000000004,300.000000000004,300.000000000003,300.000000000003,300.000000000003,300.000000000004
300.000000000001,300.000000000001,300.000000000001,300.000000000001,400,300.000000000001,400,300.000000000001,300.000000000001,300.000000000001,300.000000000001,300.000000000001,300.000000000002,300.000000000001,300.000000000001,300.000000000001,300.000000000001,300.000000000001,300.000000000001,300.000000000001,300.000000000002,300.000000000001,400,300.000000000001,300.000000000002,300.000000000001,300.000000000001,300.000000000001,300.000000000001,300.000000000001
300.000000000001,300.000000000001,300.000000000001,300.000000000001,400,300.000000000001,400,300.000000000001,300.000000000001,300.000000000001,300.000000000001,300.000000000001,300.000000000001,300.000000000001,300.000000000001,300.000000000001,300.000000000001,300.000000000001,300.000000000001,300.000000000001,300.000000000001,300.000000000001,400,300.000000000001,300.000000000001,300.000000000001,300.000000000001,300.000000000001,300.000000000001,300.000000000001
