1504.0940112289,1224.59065124062,1575.67908444625,1054.38085018583,1974.96649355707,1706.34292781671,1878.51993557078,1734.56698721352,1976.6634220631,1080.83714838368,1338.26085064022,1010.79420936878,1758.16469964209,2255.51864487715,1717.8321359495,1879.05716183534,1450.4309342921,2102.17048810477,1758.85648844708,1416.29934595284,2191.56325925486,1963.61377884572,1644.25281691454,1503.07549663294,1756.07166732372,1432.60282842714,1208.94411051335,1875.98092336359,1467.55591065657,1130.95275103975
1504.0940112289,1224.59065124062,1403.19390062421,1054.38085018583,1974.96649355707,1706.34292781671,1878.51993557078,1734.56698721352,1976.6634220631,1080.83714838368,1338.26085064022,1010.79420936878,1758.16469964209,2255.51864487715,1228.38825136415,1879.05716183534,1450.4309342921,1610.97819190905,1758.85648844708,1416.29934595284,2191.56325925486,1646.06365424373,1155.04511586281,1503.07549663294,1756.07166732372,1432.60282842714,1208.94411051335,1400.27902124867,1467.55591065657,1130.95275103975
1249.45922889715,823.599653163791,1403.19390062421,1054.38085018583,1054.71347532915,1706.34292781671,1534.63609390926,1593.07331551167,1766.61123837892,1080.83714838368,1338.26085064022,1010.79420936878,1622.12485354089,1689.97122894567,1228.38825136415,1104.90053950766,1359.61732897829,1610.97819190905,1758.85648844708,1127.58149611585,1666.83945181369,1389.51573675938,1155.04511586281,1503.07549663294,1756.07166732372,1145.08690882267,1208.94411051335,1400.27902124867,1224.9700845625,1130.95275103975
1247.39806926338,823.599653163791,1377.60816633398,1008.16234954369,1009.78434424155,1573.77993548733,1534.63609390926,1260.33101555626,1294.21519971668,1080.83714838368,1338.26085064022,1010.79420936878,1548.59956082746,1666.57769749842,1228.38825136415,1088.93016478845,1359.61732897829,1589.08599472503,1556.38195731774,909.251185134751,1152.73146821245,1361.06516049654,1027.88973591027,1412.86071031677,1756.07166732372,1145.08690882267,1168.64778089894,1117.6676123522,1098.25801753906,1130.95275103975
1046.81502542609,823.599653163791,1029.69640964183,760.733012279226,1009.78434424155,1428.56197598625,1446.70142266581,1260.33101555626,1189.55839347008,922.165194660514,1108.48710212912,996.909741949501,1162.43658848594,1063.99407743013,1091.54457619416,1088.93016478845,1041.02133614876,1386.52241653308,1323.99005280578,909.251185134751,915.49200682909,1204.59240169142,1027.88973591027,1296.8934490667,1015.9237490036,1145.08690882267,1071.91653739078,1117.6676123522,1011.81652228933,1130.95275103975
902.466691911261,823.599653163791,869.442803032239,760.733012279226,963.108621571286,1060.78402899677,1110.62069861414,1177.46281289414,932.866947006202,922.165194660514,675.078973604214,906.81077685532,1162.43658848594,1063.99407743013,992.848007688706,1088.93016478845,935.473813138252,1386.52241653308,1153.90995373537,909.251185134751,864.754175411992,849.046743842504,726.333840810748,1085.81008529648,1015.9237490036,1045.21612880772,980.815477810325,1117.6676123522,811.670986529649,1130.95275103975
672.452822305397,781.109423833139,486.033553899044,554.302269913815,494.528199116732,872.056175541211,1044.33221153741,645.720158562013,878.128320013917,626.121228743005,516.827901975908,536.49256299116,988.325487216969,851.758172345627,639.936796709291,776.955046956657,628.908337011226,891.525740677328,782.385682830973,863.423396308261,727.451744094147,622.757130248053,680.812881468756,941.477289179207,833.058557175073,592.865850133802,687.107556084957,750.676029951812,577.530433195792,1041.51345341523
461.959867887962,541.166144045116,422.965249970494,365.936204359643,363.224135655001,580.745609794515,583.249521633575,466.531994807094,536.148527639316,397.178406492464,405.998637645094,355.023184010038,613.729570337842,575.262710165552,421.269843847863,443.767345952238,391.166493810278,636.652030359514,447.710018253721,525.466983368187,493.076726074,369.862215802825,404.578491065195,597.427049806686,463.617503675886,420.229940637399,480.292973292476,467.067931324547,423.511560038711,540.857332294922
349.699919455355,360.257350978435,317.583895318608,282.730214030777,302.861497449917,407.079135840417,391.913517275399,334.207912393008,374.286891210832,325.476968543918,299.717572838945,273.084368588439,348.756707535904,377.779277063572,306.831653313637,354.412527368909,288.65408872063,375.197423160204,363.765090460932,374.587525670133,338.297698718494,276.740708594903,287.316445008569,382.665800217184,361.591800360074,314.556785252743,321.525665016473,350.733403113207,291.250786343393,382.823613849515
274.396798394469,285.706369435879,250.337958925224,257.598734584036,263.347605859032,276.562620679708,281.246092583116,265.869146923422,263.76925353622,252.038730908007,244.758682483434,248.596317930598,279.658221909292,287.517812044915,239.658131753908,277.308030000998,236.01218054472,273.065977065906,291.106379292845,280.274468596499,268.703708623123,249.388449047783,249.059752902398,286.962548886643,250.067170590508,260.157145568316,256.631335331985,276.087904856331,257.360946329157,271.301127494044
254.591520791589,242.803562187864,248.784319963282,256.151634686693,262.013534036818,242.643051489128,248.987584834781,248.959931467503,240.61744463283,251.791841222246,242.204681888699,245.719074138497,253.0689131022,258.269379952525,238.457868000139,244.16933722662,234.39687875126,242.887127676882,242.359900046164,255.67524259849,240.745384556215,249.388449047783,246.863553950092,255.151226370714,232.487679912148,257.425573954653,240.877274049276,246.981073637304,256.818794175663,243.666200726489
253.545360990495,241.94120820692,248.784319963282,256.151364875037,262.013534024867,240.780508140906,248.744026850911,248.297774488694,239.929219886256,251.791829126077,242.19309314208,245.697791586364,252.834645775675,256.115972220366,238.457552624449,243.405634869175,234.394789958929,242.574370542403,240.571546519478,255.327738153789,240.09308806733,249.388449047783,246.862696107638,253.841606216429,232.279634239181,257.419071553927,240.47165925682,246.723974563428,256.818537529831,243.326276009321
253.350905756593,241.94070582469,248.784319963282,256.151293238881,262.01353402424,240.778220205797,247.412064608155,247.259741701209,239.40315062059,251.791829126076,242.193075026662,245.69779143143,252.175666965293,255.876012666078,238.457552622391,243.402265113888,234.394789876236,238.871365610374,240.563211290056,255.1706131505,238.304364199921,249.388449047783,246.862696095908,253.826766080485,232.279190343175,257.419071196303,240.351163277293,246.723955689845,256.818537508321,243.325845778266
253.350902731381,241.94070580913,248.784319963282,256.151091893251,262.013534022858,240.778220132324,247.412060885571,247.259738668964,239.403150494711,251.791829126076,242.193067235249,245.697791431429,252.175666100698,255.876012390093,238.457552622357,243.402265042123,234.394789876084,238.871296328486,240.563210124349,255.170613113713,238.304279020767,249.388449047783,246.862696095757,253.826755591995,232.279188358913,257.419071191943,240.351163225323,246.723955689844,256.818537506611,243.32584568144
253.350902731381,241.94070580913,246.408791196745,255.263191538078,260.604227580957,240.778220132324,247.412060885571,247.259738668964,239.403150494711,251.791829126076,242.193067235249,245.053492158188,252.175666100698,255.876012390093,238.457552622357,243.402265042123,234.394789875324,238.871296328486,240.563210124349,255.170613113713,238.304279020767,247.183257410443,246.862696095568,253.826755591995,232.279188358913,257.419071189265,240.351163225323,246.723955689844,256.818537506196,243.325845681439
253.350902731381,241.94070580913,246.408785808504,255.26317208688,260.604227580937,240.778220132324,247.412060885571,247.259738668964,239.403150494711,251.791829126076,242.193066748517,243.647414592786,252.175666100698,255.876012390093,238.457552622353,243.402265042123,234.394789875323,238.871296328486,240.563210124349,255.170613113713,238.304279020767,247.183257410443,246.862696095426,253.826755591995,232.279188358913,257.419071189265,240.351163225323,244.542689298992,256.818537506196,243.325845681439
