124.761522229225,107.131577866956,100.54864566586,105.918157634553,96.3420905749946,102.842042784647,88.0549758380612,119.599286486791,111.9079699289,107.812876639184,100.784177002787,124.450045846773,96.7503521243009,116.661418379175,91.3881029117554,120.671830801867,141.786355300299,87.2613461160038,113.568686222276,101.834889381969,99.4428214505897,98.9480158905441,118.761388800447,62.6687429520639,129.678424871111,116.291137246581,94.5361675903818,99.7775058940342,101.305637693487,93.9534847407024
111.322071510899,107.131577866956,100.54864566586,105.918157634553,96.3420905749946,102.842042784647,88.0549758380612,99.0228694304657,111.9079699289,107.812876639184,100.784177002787,124.450045846773,96.7503521243009,112.336770744473,91.3881029117554,120.671830801867,126.523809781319,87.2613461160038,113.568686222276,101.834889381969,99.4428214505897,98.9480158905441,118.761388800447,62.6687429520639,129.678424871111,116.291137246581,94.5361675903818,99.7775058940342,101.305637693487,93.9534847407024
111.322071510899,94.442749296397,99.4830370127322,102.359408267872,96.3420905749946,101.695949231968,88.0549758380612,90.1478068194567,111.9079699289,107.812876639184,88.3887397850334,124.450045846773,96.0526218598342,110.084066532074,91.3881029117554,120.671830801867,118.736240605875,87.2613461160038,107.484550176546,101.834889381969,97.7843779936994,98.9480158905441,110.034236539377,62.6687429520639,100.76855301462,100.746534588517,94.5361675903818,98.3457476506201,99.3724362174646,93.9534847407024
99.6538880650619,94.442749296397,99.4830370127322,83.4582376970511,96.3420905749946,96.2063606954455,86.7815161929757,90.1478068194567,106.429927895756,99.0584056801858,83.0470909041915,86.7741007070068,90.4068087993244,102.579006778571,89.0345682972295,94.9930370941086,117.332273932083,87.2613461160038,74.9625571007336,101.834889381969,87.1677106195625,86.875077236992,95.6333522780412,62.6687429520639,87.5794745610224,97.4226768597376,94.5314316610009,91.2864230832517,95.1403316533235,93.9534847407024
82.7361000004698,73.5579552950721,75.8619594441038,70.5058254091086,76.9227946487199,72.9663685032677,75.1812616525619,90.1478068194567,102.261464285795,85.2693137326528,74.6654886291199,85.8115387702617,89.6632741599565,93.2167991255121,86.7575315910447,84.7070197008793,102.484874041413,79.2278856526655,74.9625571007336,89.2984983682934,87.1677106195625,69.4767303252909,95.6333522780412,62.6687429520639,87.5794745610224,87.0220338969942,70.9374276896768,82.1855881033081,95.1403316533235,93.9534847407024
67.1380545249669,65.8130399145026,71.4036345271526,69.5814275164169,76.9227946487199,72.9663685032677,58.7878874267074,75.9405098851378,77.4915515140832,66.3717105446545,67.8292772355337,82.6706882754773,71.2782776517217,72.6992752369808,86.0973777998029,77.9941401191928,101.355537600046,61.7477366435967,74.9625571007336,68.1318140753367,64.6035010311953,69.4767303252909,77.9099232417162,61.8195405514093,87.5794745610224,75.9078540473158,70.9374276896768,67.9288840154535,80.7000807411835,87.6538527478401
46.7256309442976,47.0105118169716,61.2922392659038,45.2496841835197,50.4188884478575,72.7863021578858,51.4436930149125,56.4905126651063,65.3300868685577,59.4982807269016,50.1836490255066,58.2483328786686,68.1781297593718,48.5314940410898,57.5223186490247,48.6338879859348,63.3558841375433,34.6072679989712,63.5290881213405,52.8540180267814,60.963826490776,42.2787204548622,70.9098542051269,58.1064063892338,48.1541788956328,53.498934218993,56.1484104276535,44.008058557913,73.9184867487321,73.0873261138564
23.2399104230368,27.2613733495854,32.9795575410884,20.9224024319628,22.5059470043783,27.6863589142669,20.8457940180617,25.4452154732262,36.4245299467917,29.0068324440633,25.6680713494701,17.7145690292205,32.673359880508,16.2035565737854,21.5699995514879,14.1925553338455,40.3344018629604,17.498419761464,35.7834818753072,25.1567221809314,20.269482681334,19.7204754116829,19.8522341754963,19.716271981947,27.241367277046,21.37099142187,18.6611917106375,20.7767135758472,35.3028586691635,30.5938812638814
6.61712977324351,7.01645487079554,6.63903546563665,5.02665579862321,4.61771523937205,6.33167933101345,4.93557556066548,7.31274656558742,9.95655045616127,4.82851321694284,5.11234373315312,6.67434031888172,10.1862320744789,2.94496087073526,4.96286445334965,5.03567899745281,7.65435450988582,3.71926201460633,9.83506883079451,4.90611211822693,5.12447418966156,2.89520611091882,6.67856735248427,3.36200877875876,7.22004763691154,5.71523107537621,5.52819627254928,6.48284440027112,8.12453879539498,4.88303033650004
1.51740304112911,0.961567940792406,1.26963933183367,1.17898451803569,0.707921458364126,1.51932723027471,0.745931106648527,1.50985010074635,1.65819243224496,0.951706249595304,1.45770440330739,0.823949167867909,1.32009680155306,0.591900476538285,0.82482580754936,0.738708300263056,3.40031106625588,0.342001753944146,1.61024880896969,1.38148807195603,1.07539088159342,0.966500577718989,1.33559385305534,0.58814185258143,1.4346234434347,1.10836162056137,1.22865730497415,1.18978032631367,1.22846642051866,0.974410315065484
0.116452063908923,0.068297975341352,0.153723315821253,0.0758246132513705,0.0309845186492339,0.111652621262238,0.0718265325951961,0.113981602881267,0.140334593758212,0.060248951339986,0.089630176235687,0.055262081457613,0.0997021205047304,0.0345786930939767,0.0426656704869401,0.0431614989287255,0.558726035310087,0.0121002032044544,0.0960462636662669,0.123595620218452,0.055984132770277,0.057416327967303,0.0946179375007432,0.0256970506088692,0.0933435398194433,0.092673469510828,0.0780332426841142,0.069426881637014,0.0884396327744525,0.0724176162570984
0.0037849026468848,0.001073522788829,0.0124430978642067,0.0198046494411983,0.000997996374962895,0.0157497502226533,0.000970550848592211,0.00186589939505666,0.0179060709548367,0.000671424377969743,0.00814741099929961,0.0071374863392748,0.00502424726903428,0.000687402147377725,0.00045152674874771,0.00071708224379563,0.397780079035556,0.000136878267426255,0.00318506519647599,0.00139581953430934,0.00376923990791056,0.000391492561902851,0.000829100419878159,0.000384516680014713,0.00662313662735414,0.00567063418463931,0.00106260413224391,0.000683298801163801,0.0138858426810202,0.0008585949327653
0.00370982050958446,0.00106991473069229,0.0124430351352203,0.0198046465175139,0.000997993667283481,0.0157497471050192,0.000174428101786361,0.000992476292253741,0.0179060286833419,0.000589473656873452,0.00814738659937575,0.00713744383767789,0.00502417842199065,0.000687395060140261,0.000442049345906526,0.000717078546585981,0.397779813361467,0.000136871924269144,0.00318459046684438,0.000627173565590056,0.00376918819495131,3.85885833793509e-05,9.20631426879481e-05,0.000384420000386854,0.0066230953844979,0.0056706236904347,1.75848552999014e-05,9.66283892012143e-07,0.0138858274681297,0.000793595993741292
8.49397861202306e-06,0.00106991473069229,2.71302282044417e-05,0.0198046445915452,0.000997992963220895,0.0157497406022458,0.000174428038803853,0.000151556808418718,1.30309778114679e-05,0.000589472786032275,0.00119730477831581,0.00713743621474805,0.00500452637595572,0.000687356403886952,0.000442049345906526,0.000717078546585981,0.20371272654836,0.000136852182436087,0.00318459043876373,0.000335391592898304,0.0037691756864433,3.83679968081196e-05,9.20631283634066e-05,0.000384418000521691,0.00193562980200568,0.00567061833703519,1.75843078977778e-05,5.60808985028416e-07,0.0138858218572295,0.000793595993741292
1.13686837721616e-13,1.13686837721616e-13,1.13686837721616e-13,1.13686837721616e-13,5.50244294572622e-11,1.13686837721616e-13,1.13686837721616e-13,1.13686837721616e-13,1.13686837721616e-13,1.13686837721616e-13,1.13686837721616e-13,4.54747350886464e-13,1.13686837721616e-13,1.36424205265939e-12,1.13686837721616e-13,3.41060513164848e-13,0.163983711352671,4.41370843873301e-07,1.13686837721616e-13,1.13686837721616e-13,1.13686837721616e-13,1.13686837721616e-13,1.13686837721616e-13,1.34150468511507e-11,1.13686837721616e-13,1.13686837721616e-13,1.13686837721616e-13,3.19067680720764e-07,3.19209107146889e-07,1.13686837721616e-13
1.13686837721616e-13,1.13686837721616e-13,1.13686837721616e-13,1.13686837721616e-13,1.13686837721616e-13,1.13686837721616e-13,1.13686837721616e-13,1.13686837721616e-13,1.13686837721616e-13,1.13686837721616e-13,1.13686837721616e-13,0,1.13686837721616e-13,1.13686837721616e-13,1.13686837721616e-13,0,0.163983711352671,1.13686837721616e-13,1.13686837721616e-13,1.13686837721616e-13,1.13686837721616e-13,1.13686837721616e-13,1.13686837721616e-13,1.13686837721616e-13,1.13686837721616e-13,1.13686837721616e-13,1.13686837721616e-13,3.19067680720764e-07,3.19209107146889e-07,1.13686837721616e-13
