6067.73063593596,9412.2940686336,4615.80034160844,5612.54101498817,6908.0634096124,7203.60151071484,6655.77056374009,9755.71648227044,7101.33793371715,4498.3861008219,4159.75655241571,9652.79867056587,7075.29257908412,8228.24525103077,6710.96039040101,7828.14634236366,7193.71642663961,6562.21302060239,8208.73603666368,5549.10871930148,9560.08082048384,8846.23594700219,6407.836578063,3730.12407247757,6724.72031002315,10362.8381486559,9112.55384755495,7384.67215031065,8435.19255751543,5085.30884544013
4463.85058596969,8064.84219364013,4615.80034160844,3844.23610595682,6908.0634096124,7203.60151071484,6655.77056374009,9755.71648227044,5540.79146214477,4498.3861008219,4159.75655241571,7804.13328294443,7075.29257908412,6430.59252002,6579.15072742013,7594.84283593893,5793.04899418891,6562.21302060239,8208.73603666368,5549.10871930148,9560.08082048384,7434.20555173164,6407.836578063,3072.68004108896,5374.14272786739,5275.77895403527,5122.87769335375,7384.67215031065,7982.46642676222,4259.80299953718
4311.46146951186,5465.95673928507,3404.51114262221,3844.23610595682,3970.14686438544,6416.13909212883,5819.08039149207,7943.09098424085,4972.50260168772,4498.3861008219,4159.75655241571,6414.02215263857,2852.11178872881,2772.61583080383,4730.87411753985,5327.44910433124,2803.07382563799,5768.34903758205,4889.42959151607,4226.26023241475,6127.07382068354,4146.71241229932,3467.31346697053,3072.68004108896,3584.68417713454,5048.86075620103,4687.23173572931,4513.19038287051,7236.45885783679,4259.80299953718
3881.98677776588,5111.50667095879,3404.51114262221,3844.23610595682,3970.14686438544,3077.28927512071,4245.88880693174,5019.31464278641,4727.46815812,4498.3861008219,4002.39167527692,4259.48439195835,2852.11178872881,2772.61583080383,2661.88022733574,2855.98848204628,2803.07382563799,3823.98326532848,4222.22487237162,4001.85967963954,5121.27527006321,2483.15567982377,3108.93248244454,2548.1871852487,2244.45876565433,4372.84464882987,4687.23173572931,4513.19038287051,3426.74957914996,4036.61727861734
2863.23184859699,3352.52610998982,3404.51114262221,2775.14293023174,3947.78386958231,2912.49008313842,2969.5262619217,3788.8308294485,3896.95552144352,2716.73695921693,3063.13230340758,3629.14678232757,1994.13401347407,2113.44702288561,2661.88022733574,2855.98848204628,2803.07382563799,3823.98326532848,4052.64994708332,2413.31304534167,2934.06825405102,2483.15567982377,2040.29474620007,2548.1871852487,2244.45876565433,3102.1114572019,2898.22743525769,2990.53006004968,3426.74957914996,2981.66796385648
2220.39704536411,1071.47326919261,1553.36074357631,1459.96210439769,2340.39172035217,1390.9912238382,1133.31248160727,946.905392386521,1925.60936114701,1088.18771065778,1836.22833064885,2121.81710723205,1764.63265946391,1857.89129250463,1525.8838269064,2176.12934474342,1151.6468708844,1305.56595485027,1438.80998709733,1520.09888336343,1929.30636159012,1494.55194563726,1513.89792311722,1831.95017304836,585.028170321721,907.937574266103,709.66733653144,1756.93901492121,1707.59863007577,1777.6039844297
467.65411525633,332.450581867588,305.125125799979,410.207101238539,354.585389746906,170.820346465636,127.526762171095,161.075031274698,304.728683628348,196.36722023745,355.871759528671,628.90989032778,327.361849298276,675.705408289832,468.841648927987,209.047775120112,272.276568519379,858.509399510715,274.265523142301,359.813329800357,517.84627230506,294.46826365136,359.043133160568,335.058658217314,173.286953834035,329.014552527576,229.311408432766,169.913419309948,591.496637425885,224.283410379719
43.1086722042658,42.730156140055,30.3549493780095,32.531423713166,31.1802748745155,30.9818102538939,25.1076278517041,21.813460653539,57.1063426634797,23.6679533241223,39.6960741629108,33.7376568642039,18.6852138286202,45.6442744064105,38.5593288203814,31.9087035197917,53.67398574408,33.0289548295951,43.6792450573001,34.8134171357244,45.7278874005453,41.9628564619424,37.3286153161957,30.6701142419888,29.0203457230286,33.4406383672419,60.6840916502911,61.7913508721615,45.5794701787243,32.75205587091
1.87070471625213,2.6892937713335,3.09368935297448,4.5122575970895,2.82186169551005,2.93162322501951,1.39789208747607,2.62977102514105,3.25710563359803,3.67457284538068,2.9732674407478,3.64186359055498,2.50350400677303,2.4294573719028,3.44258413642228,2.3385753867833,2.77816990592169,2.79361186339156,2.51136798292907,2.97880010209747,1.85748598205396,3.81706202408952,1.71177521252116,2.92396761373243,3.12658566537016,4.25668936511909,2.81756187892938,2.90906957049481,2.43056183903172,2.29751848461513
0.179535173546469,0.135014033015068,0.159259763492855,0.207228432632405,0.202143490606659,0.0529332437926087,0.0799948306281522,0.123421893968043,0.249251105087751,0.151617578945093,0.295109040506304,0.345134517244787,0.170495729045683,0.198199808607455,0.216187884474152,0.0912901299050191,0.140733042276565,0.0839687086395315,0.0954402242307424,0.169831049371282,0.105103534025034,0.192216468312608,0.080812363815653,0.204910881406477,0.125510156106884,0.208897203548986,0.12036047137633,0.106319170288543,0.147651642360984,0.16527351243235
7.02809609265387e-06,3.46923718552716e-06,2.77022070349631e-06,3.4428026083333e-06,5.23406140473526e-06,4.11477742545685e-06,2.56463351888669e-06,4.07958043524559e-06,1.33856959791956e-05,1.56414023422258e-06,3.16591695082025e-06,1.68313127915098e-05,4.42723137439316e-06,4.50707523214078e-06,8.984718647298e-06,3.01521640722058e-06,2.01552848011488e-06,4.03376930080412e-06,3.11409883124725e-06,6.07602999025403e-06,3.41444717832928e-06,6.23965627255529e-06,3.47582158610749e-06,4.25933217229613e-06,2.49198103574599e-06,1.02164136706051e-05,3.79815594442334e-06,3.87397801659972e-06,1.81892733053246e-06,3.4544643767731e-06
1.13686837721616e-13,1.13686837721616e-13,1.13686837721616e-13,2.27373675443232e-13,1.13686837721616e-13,1.13686837721616e-13,1.13686837721616e-13,1.13686837721616e-13,4.54747350886464e-13,0,2.27373675443232e-13,4.54747350886464e-13,1.13686837721616e-13,1.13686837721616e-13,3.41060513164848e-13,1.13686837721616e-13,1.13686837721616e-13,2.27373675443232e-13,2.27373675443232e-13,2.27373675443232e-13,2.27373675443232e-13,2.27373675443232e-13,2.27373675443232e-13,1.13686837721616e-13,1.13686837721616e-13,3.41060513164848e-13,1.13686837721616e-13,1.13686837721616e-13,1.13686837721616e-13,1.13686837721616e-13
0,0,0,0,0,0,0,0,0,0,0,0,0,0,0,0,0,0,0,0,0,0,0,0,0,0,0,0,0,0
0,0,0,0,0,0,0,0,0,0,0,0,0,0,0,0,0,0,0,0,0,0,0,0,0,0,0,0,0,0
0,0,0,0,0,0,0,0,0,0,0,0,0,0,0,0,0,0,0,0,0,0,0,0,0,0,0,0,0,0
0,0,0,0,0,0,0,0,0,0,0,0,0,0,0,0,0,0,0,0,0,0,0,0,0,0,0,0,0,0
