44.8681904488089,66.73924375142,84.1679062881763,55.0789613515981,57.4758755250036,45.7179823883189,59.589762598283,62.9427572691666,49.7998240228176,51.3166963844888,63.2003341440759,96.6776365434457,45.4666736895679,45.7122662691841,61.641019204696,56.3800043463275,40.8924767324497,57.5553284106359,47.3218035918708,64.6424021635753,53.9668671320751,82.8645109757686,43.3153803024493,42.2144865678601,46.3897109132172,66.2329861443582,52.2737235585428,56.1636480490388,68.8874681807174,55.4587017598369
44.8681904488089,41.742549432488,44.4287631188377,36.9021586143026,57.4758755250036,39.6903352226345,44.1727518685825,52.0169374008683,45.3396516386083,43.3025004097308,45.289077187007,44.7991660228872,45.4666736895679,40.3442938638168,40.3169719103653,46.2942554613996,40.8924767324497,45.5158154889696,42.0493514828822,43.5267043539798,47.54115284821,51.1339267916105,42.4275093623864,42.2144865678601,46.3608340411192,33.7427452099728,43.2499349688478,38.5764926824259,47.1298187479088,44.0410196205994
44.8681904488089,41.742549432488,40.0829463198211,36.9021586143026,57.4758755250036,39.6903352226345,44.1727518685825,38.6292810656578,45.3396516386083,43.2827277328356,45.289077187007,39.3709104886848,43.2152939585526,39.1985705894717,40.3169719103653,44.8285766677877,40.8924767324497,37.4142868640088,36.2620603952073,41.0522082298285,40.7169792968079,38.4044252500544,36.8185263555806,42.2144865678601,46.3608340411192,33.7427452099728,36.5188190972158,38.5764926824259,40.4812246941406,42.3571405764219
44.8681904488089,28.0451617100493,38.069396687099,36.6870928702483,57.4758755250036,37.3246187169857,44.1727518685825,36.7612432247502,45.3396516386083,37.0711617310349,36.177340816896,37.0023801112688,43.2152939585526,34.7281048255536,40.3169719103653,44.8285766677877,40.8924767324497,33.5709063567015,29.3634181810271,41.0522082298285,34.1924897107497,31.86829910592,36.8185263555806,42.2144865678601,46.3608340411192,33.7427452099728,34.2728711636319,38.5764926824259,30.0984226535516,38.8235607363322
44.8681904488089,26.2061911689034,26.3235775261828,27.7782223765876,47.8622205990982,25.7087974684546,44.1727518685825,26.9475327341092,44.0807429751944,31.881396691655,28.3674515142702,26.4742211707107,41.2821489800017,29.9228565578346,40.3169719103653,44.8285766677877,40.8924767324497,25.6252869102364,27.498289459948,27.6512020312566,28.3270090793271,26.4792685280386,27.8945214948708,42.2144865678601,39.2009181203052,31.4426551654028,34.2728711636319,25.8132994855378,26.4935475870848,34.6680573192552
40.3778300357594,26.2061911689034,24.739558812023,25.943718165413,41.0640995885224,25.7044342409381,39.3746587561459,26.7743595049697,41.3299911568679,31.881396691655,26.7072181713575,25.4491484907239,41.2821489800017,29.9228565578346,40.3169719103653,41.5070946261831,36.4998215569167,25.6252869102364,26.3058840569283,26.1792220325096,24.1580810630676,26.4792685280386,8.40885632154732,42.2144865678601,39.2009181203052,27.2874289916649,27.7048982075385,8.75388970693666,26.2667203913429,29.0394027399757
40.3778300357594,25.8608938430621,24.6177358296873,25.943718165413,41.0640995885224,25.2116335430751,39.3746587561459,25.5306063092276,41.3299911568679,31.881396691655,26.3746863008751,25.4491484907239,34.9832972765357,29.9228565578346,40.3169719103653,41.5070946261831,36.4998215569167,25.6252869102364,26.3058840569283,25.1912552397575,24.1580810630676,25.8266508557394,6.26703668112259,40.3468133251035,39.2009181203052,25.2919981631958,25.7303260219269,1.9074281268945,25.3023258507833,25.731414047867
40.3778300357594,24.7300863589207,24.6177358296873,25.943718165413,41.0640995885224,25.2116335430751,39.3746587561459,25.3694617390474,36.2058124328719,31.881396691655,26.3746863008751,24.9282385879801,34.9832972765357,29.9228565578346,39.1918658199752,41.5070946261831,36.4998215569167,25.6078974300954,26.0642615931552,25.1912552397575,24.1580810630676,25.7280236570523,3.93411670643809,40.3468133251035,39.2009181203052,25.2919981631958,25.3474473357915,0.415555668495472,24.4373512146544,25.4138847184272
36.2806052894439,24.3063086556508,23.8412053476823,25.7126318201085,37.6160963103907,24.2800988634581,39.3746587561459,25.3694617390474,36.2058124328719,31.881396691655,25.3552703351102,24.8695449232773,34.9832972765357,29.9228565578346,35.7285128796711,41.5070946261831,35.5727127703012,25.2400167395172,25.0631213233737,25.1912552397575,24.1580810630676,24.8958217067902,1.07540682774106,40.2672522651501,39.2009181203052,25.2919981631958,25.0198250537301,0.360749198127451,24.4373512146544,24.9510298530677
30.2143426661914,23.3819418178905,23.8412053476823,25.0282227471812,29.622240918055,24.2800988634581,29.3805487509044,25.3694617390474,31.2201277091121,31.0119882556469,24.8451973209671,23.9342588884078,29.424806799846,29.9228565578346,29.0983586357283,29.7944668823975,32.6327813672356,25.2400167395172,23.8826231584881,25.1912552397575,24.1580810630676,21.9851106398469,1.05210769200403,31.169805214121,25.8148225972309,25.2386253742025,24.2067545910145,0.358239354469333,24.4373512146544,23.8534882252602
30.2143426661914,23.3819418178905,23.289762212728,24.8274362350703,27.506975430912,23.7743048672592,29.3805487509044,25.1171130213925,31.2201277091121,28.7261953861134,24.7928001023647,23.9342588884078,29.424806799846,29.9228565578346,27.5095826524098,29.3047841246157,30.7574668131351,24.1801555451552,23.8826231584881,24.6287807775516,24.1580810630676,21.4901529643053,1.04614014400386,28.7297331501582,25.8148225972309,25.2386253742025,24.2067545910145,0.358011840702602,6.30839176735208,2.84579315575502
28.9563206432431,22.9050088905628,23.289762212728,23.4952569644161,27.506975430912,23.7743048672592,29.3805487509044,25.1171130213925,31.2201277091121,28.4159189069928,23.887526174924,23.9342588884078,29.424806799846,29.9228565578346,27.5095826524098,29.3047841246157,30.6084447828543,21.5404422568963,23.8826231584881,24.6287807775516,24.1580810630676,21.2315131558312,1.04535465199206,28.7297331501582,25.8148225972309,25.2386253742025,24.1519551558099,0.35799492401884,0.975564504420163,2.03760601915974
28.8142866883932,22.9050088905628,23.289762212728,23.4952569644161,27.506975430912,23.1310158735796,28.5930030423674,25.1171130213925,29.3454396637876,28.4159189069928,23.8777692511621,23.6900134284433,28.2236143061418,29.9228565578346,27.5095826524098,29.1360459094462,27.5446993202377,20.6097428417715,23.6011649090019,24.6287807775516,24.1580810630676,21.1683761554355,1.04523616230836,28.7297331501582,25.8148225972309,25.2386253742025,24.1519551558099,0.357880785925772,0.779921436413588,2.00536228729061
28.780111320953,20.2945086485929,20.7067466694866,21.2085826456673,27.506975430912,21.8231022206392,28.5930030423674,20.8298639309833,29.3454396637876,28.4159189069928,21.1045308695707,20.4533544509277,28.2236143061418,22.698185988962,27.5095826524098,29.1360459094462,27.5446993202377,20.4553121206295,21.1748384759394,22.6647433033413,21.0471858242595,21.0330181156296,1.04502833405968,28.7297331501582,23.6466976580723,21.2566772078785,20.5793813156392,0.357802713269393,0.292320639739501,0.133464719635413
