2431.76673159351,1718.7209128402,1073.33415203979,1127.54645900929,1372.65165865304,1688.96161795038,818.477453477228,1584.14904412775,1296.44977030581,971.719838089235,892.881784028078,1516.75903819498,1165.21629436073,1367.29518811328,1429.0902905616,1524.74976517172,1332.25467459401,1348.5228804153,2125.23170864889,1196.85058420161,1609.40664917038,2096.16809268749,1287.9274890654,1102.66572624494,1107.07712283677,966.570834982299,1592.39284092065,1254.11068398648,1286.77420222065,1397.53618427597
1851.6779942278,1718.7209128402,1073.33415203979,1127.54645900929,1372.65165865304,982.929311808505,818.477453477228,1584.14904412775,1296.44977030581,878.600139355865,892.881784028078,1516.75903819498,1097.07454369127,972.986449161262,1429.0902905616,1524.74976517172,1332.25467459401,820.366132065683,1419.67621609242,1196.85058420161,1459.67365647245,1696.94887881577,1287.9274890654,1102.66572624494,1107.07712283677,966.570834982299,1379.75330345747,1175.09611579404,1286.77420222065,1397.53618427597
1737.13314458577,1332.22680294935,1073.33415203979,641.584310991165,1372.65165865304,982.929311808505,818.477453477228,1462.67048588272,603.713684345223,878.600139355865,892.881784028078,1453.26047257112,1097.07454369127,972.986449161262,1429.0902905616,868.877209568587,1332.25467459401,820.366132065683,1320.7178398923,1196.85058420161,1459.67365647245,1696.94887881577,1286.79618161349,616.181499719963,946.739581317249,966.570834982299,879.920636489085,808.40368585013,881.593883147141,1037.7306529894
1033.13936061259,1332.22680294935,931.595950898569,641.584310991165,933.87953506933,982.929311808505,818.477453477228,1091.2841149977,603.713684345223,783.925030258511,892.881784028078,1453.26047257112,639.67787429316,972.986449161262,803.112961399361,868.877209568587,1205.43100405753,820.366132065683,1320.7178398923,858.49250683981,897.817611786884,1312.03582156281,992.004166956071,616.181499719963,946.739581317249,793.523642300594,879.920636489085,808.40368585013,881.593883147141,584.370602706473
738.814814165632,1282.61276208139,899.914429701978,622.023716630654,822.347830374543,982.929311808505,406.112527193582,1091.2841149977,603.713684345223,566.619686278772,892.881784028078,1018.02324786658,607.710553185442,972.986449161262,803.112961399361,868.877209568587,713.817364756818,820.366132065683,856.583422689012,638.217313596873,794.979025767953,779.493959085572,662.756550730819,508.013070042525,802.397124771026,793.523642300594,879.920636489085,808.40368585013,881.593883147141,584.370602706473
738.814814165632,998.590258219903,669.09176376348,493.340569577988,607.36655786275,701.373864290469,406.112527193582,734.868070352249,578.359793890018,450.140105513733,670.421851554363,822.139643458714,475.096552036882,788.622740208846,777.664110109748,743.172054784402,471.353933227448,739.196125741072,726.716721271634,541.722730379226,597.174160356903,640.006383560821,636.04799131773,461.291418284087,627.960994583912,541.859532893523,729.615454930306,769.794233444687,627.980806903067,370.33556325697
649.781384557306,633.772828277531,530.20517927333,277.126576995186,372.682515536017,388.630561440479,336.111979220177,632.376085306119,381.464265320013,424.576109567468,545.865374090037,519.639410625567,380.02873140574,521.359322762814,623.048642875459,454.603995955439,300.624896709206,530.53151038396,494.256354281219,370.794869407643,330.775487365753,431.786181730602,316.991518850496,320.015682490508,464.645284988827,370.777632196982,516.080049015519,437.037904728516,479.360817601685,271.75864093382
366.401681052873,351.933338189036,250.438304124722,199.513461717686,211.1555133068,222.379138305425,209.758455032561,356.566232872496,219.142159184677,200.425775351518,325.125731883983,288.764402272631,207.191049741913,320.441144349919,387.952246082997,255.664597194749,200.439912765814,311.896929350329,271.156406960809,226.733958989729,201.244014648622,259.152022567014,197.364013549429,212.203064618191,343.433011030127,212.600081565855,348.255039711024,271.087260127362,250.492348685432,194.174632465902
199.65057611454,204.686382395044,188.431555682335,183.167737373081,183.081929609847,182.999279482582,182.976276278173,197.49522060116,183.612393916425,182.37004996306,202.63560282927,225.948445595886,182.488761350005,202.602331132762,206.067001301319,186.900294538177,182.743280725438,197.183054468363,197.02792268176,188.117104319637,183.079684778682,190.729601556696,183.667504927517,182.987484029614,201.962707430858,183.64769749888,210.72463112788,188.768707389137,188.245388777706,182.15577634687
182.537416819955,182.934617518812,181.484547784044,180.927262827035,181.000219011838,181.051695344774,180.942436809913,182.023083959799,180.929804681609,180.986465062194,182.750859976503,183.988007594738,180.948452861419,182.720332738145,182.651298448543,181.659292532281,180.937459552417,182.593546344492,182.330273657566,181.570216171724,180.950050267616,181.476041019678,180.97398410402,180.912493871767,181.92930635355,180.985152232458,182.545294306482,181.340711507862,181.25241612755,180.93009490576
180.972061605552,180.910377738232,180.820729832385,180.788160465122,180.787484189629,180.788967134067,180.786177698796,180.871102594135,180.786944766863,180.786295342084,180.892570367236,180.95785459989,180.786267147375,180.915794197299,180.95185493499,180.819147997499,180.788105763986,180.923677773165,180.908896153266,180.826352757692,180.787239962113,180.858383689858,180.791026306138,180.788778400542,180.901061123816,180.787006781012,180.970197103733,180.828409310379,180.81070197567,180.786967920671
180.785738580855,180.783593258333,180.781561376595,180.781274363218,180.781275951054,180.781277965051,180.781273830603,180.782930726737,180.781275823619,180.781274757124,180.785882846494,180.78647853556,180.781274209522,180.787789537139,180.785581513639,180.782045705089,180.781275132605,180.785616886511,180.784666332292,180.7816654745,180.781275076251,180.782369803604,180.781278531811,180.781273008307,180.782474762052,180.781277522195,180.784458638962,180.781556521296,180.781372240837,180.781274269581
180.78127309411,180.781272110517,180.781271684285,180.781271678186,180.781271678322,180.781271678617,180.781271678277,180.781271856385,180.7812716784,180.781271678746,180.781272742321,180.781277327407,180.78127167795,180.781273710141,180.78127336726,180.781271682918,180.781271678127,180.78127309762,180.781272701612,180.781271683056,180.781271678199,180.781271704672,180.781271678427,180.781271678195,180.781271780266,180.781271677949,180.78127298325,180.781271681609,180.781271678582,180.781271677964
180.781271677747,180.781271678071,180.78127167817,180.781271677853,180.78127167817,180.781271677985,180.781271678118,180.781271677899,180.781271678094,180.781271677915,180.781271677755,180.781271677747,180.78127167788,180.781271677747,180.781271677747,180.78127167804,180.781271677882,180.781271677747,180.781271677761,180.781271677994,180.781271677966,180.781271678131,180.781271677833,180.781271678151,180.781271678021,180.781271677857,180.781271677755,180.781271677947,180.781271677958,180.781271677964
180.781271677747,180.781271677747,180.781271677747,180.781271677853,180.781271677851,180.781271677954,180.781271678033,180.781271677747,180.781271677979,180.781271677915,180.781271677747,180.781271677747,180.78127167788,180.781271677747,180.781271677747,180.781271677747,180.781271677882,180.781271677747,180.781271677747,180.781271677747,180.781271677757,180.781271677747,180.781271677833,180.781271677805,180.781271677747,180.781271677857,180.781271677747,180.781271677747,180.781271677747,180.781271677964
180.781271677747,180.781271677747,180.781271677747,180.781271677747,180.781271677747,180.781271677747,180.781271677747,180.781271677747,180.781271677747,180.781271677747,180.781271677747,180.781271677747,180.781271677747,180.781271677747,180.781271677747,180.781271677747,180.781271677747,180.781271677747,180.781271677747,180.781271677747,180.781271677747,180.781271677747,180.781271677747,180.781271677747,180.781271677747,180.781271677747,180.781271677747,180.781271677747,180.781271677747,180.781271677747
