259.918369105629,266.846470324157,213.126065995073,190.816239498638,197.666152400486,197.813966833259,190.650112593293,305.102835658278,199.690167497949,191.426625529774,270.906393679345,266.84849912055,192.865320421053,261.62287020707,310.341789318521,223.277603778897,190.561901593876,219.813371466865,224.604238303566,210.68028929266,192.844171386372,228.33256980574,194.10701292345,202.103505460138,283.278862197872,193.339743371989,258.563302302823,231.580424638636,217.058681697458,187.770872813629
187.485614408276,187.693881888265,182.91916443998,181.525149140745,181.353790065079,181.36896762994,181.296446054071,186.084447718601,181.436159561652,181.609999828701,187.637733136942,194.381037078537,181.470893412431,188.549799393099,187.567760478158,184.162373106985,181.383907733481,187.990310543204,185.220306290452,183.178867750585,181.322732185235,184.829482397837,181.732441873813,181.557591490183,185.99908752201,181.788809913851,186.901806457496,183.260958318607,182.762339165954,181.392166276586
181.865349604687,182.016534943042,181.333294125818,180.904144166282,180.932285114947,180.972306626229,180.915417329081,181.683623970998,180.879890574176,180.920826741947,182.259454612313,182.208838174288,180.884808848426,182.296686683524,182.255667774753,181.324670388044,180.922105798305,182.0909050163,181.99941289435,181.313042107669,180.895848394443,181.397098716006,180.923579007148,180.882004647297,181.792883822512,180.927423025903,182.070812024517,181.278408841224,181.061864689559,180.884808943406
180.972061605552,180.910377738232,180.820729832385,180.788160465122,180.787484189629,180.788967134067,180.786177698796,180.871102594135,180.786944766863,180.786295342084,180.892570367236,180.95785459989,180.786267147375,180.915794197299,180.95185493499,180.819147997499,180.788105763986,180.923677773165,180.908896153266,180.826352757692,180.787239962113,180.858383689858,180.791026306138,180.788778400542,180.901061123816,180.787006781012,180.970197103733,180.828409310379,180.81070197567,180.786967920671
180.782956565669,180.782034464268,180.781354210093,180.781272159978,180.781272260347,180.781272733918,180.781271888599,180.782047979374,180.781272276814,180.781272026683,180.783333182358,180.784090927888,180.781271993959,180.784398157706,180.783700810687,180.78146322274,180.781272241809,180.783207316898,180.782439043976,180.781400091087,180.781272178252,180.781659934076,180.781273397149,180.781271871243,180.781613212794,180.781272356756,180.782658772679,180.781359262195,180.781295612281,180.781272283366
180.78127169312,180.78127168184,180.781271678547,180.781271678186,180.781271678212,180.781271678382,180.781271678231,180.781271679343,180.781271678104,180.781271678052,180.781271692956,180.781271745255,180.78127167788,180.781271710557,180.781271712964,180.781271678504,180.781271678127,180.781271707858,180.781271686809,180.781271678363,180.781271677966,180.781271678225,180.781271678003,180.781271678164,180.781271680723,180.781271677949,180.781271692129,180.781271678388,180.781271678005,180.781271677964
180.781271677747,180.781271678071,180.78127167817,180.781271677853,180.78127167817,180.781271677985,180.781271678118,180.781271677899,180.781271678101,180.781271677915,180.781271677755,180.781271677747,180.78127167788,180.781271677747,180.781271677747,180.78127167804,180.781271677882,180.781271677747,180.781271677767,180.781271677994,180.781271677966,180.781271678131,180.781271677833,180.781271678151,180.781271678021,180.781271677857,180.781271677759,180.781271677947,180.781271677958,180.781271677964
180.781271677747,180.781271677747,180.78127167817,180.781271677853,180.781271677851,180.781271677985,180.781271678033,180.781271677747,180.781271677979,180.781271677915,180.781271677747,180.781271677747,180.78127167788,180.781271677747,180.781271677747,180.781271677747,180.781271677882,180.781271677747,180.781271677747,180.781271677747,180.781271677757,180.781271677779,180.781271677833,180.781271678151,180.781271677747,180.781271677857,180.781271677747,180.781271677947,180.781271677954,180.781271677964
180.781271677747,180.781271677747,180.781271677747,180.781271677853,180.781271677851,180.781271677954,180.781271678033,180.781271677747,180.781271677979,180.781271677915,180.781271677747,180.781271677747,180.78127167788,180.781271677747,180.781271677747,180.781271677747,180.781271677882,180.781271677747,180.781271677747,180.781271677747,180.781271677757,180.781271677747,180.781271677833,180.781271677961,180.781271677747,180.781271677857,180.781271677747,180.781271677747,180.781271677748,180.781271677964
180.781271677747,180.781271677747,180.781271677747,180.781271677747,180.781271677747,180.781271677747,180.781271677747,180.781271677747,180.781271677747,180.781271677747,180.781271677747,180.781271677747,180.781271677747,180.781271677747,180.781271677747,180.781271677747,180.781271677747,180.781271677747,180.781271677747,180.781271677747,180.781271677747,180.781271677747,180.781271677747,180.781271677747,180.781271677747,180.781271677747,180.781271677747,180.781271677747,180.781271677747,180.781271677747
180.781271677747,180.781271677747,180.781271677747,180.781271677747,180.781271677747,180.781271677747,180.781271677747,180.781271677747,180.781271677747,180.781271677747,180.781271677747,180.781271677747,180.781271677747,180.781271677747,180.781271677747,180.781271677747,180.781271677747,180.781271677747,180.781271677747,180.781271677747,180.781271677747,180.781271677747,180.781271677747,180.781271677747,180.781271677747,180.781271677747,180.781271677747,180.781271677747,180.781271677747,180.781271677747
180.781271677747,180.781271677747,180.781271677747,180.781271677747,180.781271677747,180.781271677747,180.781271677747,180.781271677747,180.781271677747,180.781271677747,180.781271677747,180.781271677747,180.781271677747,180.781271677747,180.781271677747,180.781271677747,180.781271677747,180.781271677747,180.781271677747,180.781271677747,180.781271677747,180.781271677747,180.781271677747,180.781271677747,180.781271677747,180.781271677747,180.781271677747,180.781271677747,180.781271677747,180.781271677747
180.781271677747,180.781271677747,180.781271677747,180.781271677747,180.781271677747,180.781271677747,180.781271677747,180.781271677747,180.781271677747,180.781271677747,180.781271677747,180.781271677747,180.781271677747,180.781271677747,180.781271677747,180.781271677747,180.781271677747,180.781271677747,180.781271677747,180.781271677747,180.781271677747,180.781271677747,180.781271677747,180.781271677747,180.781271677747,180.781271677747,180.781271677747,180.781271677747,180.781271677747,180.781271677747
180.781271677747,180.781271677747,180.781271677747,180.781271677747,180.781271677747,180.781271677747,180.781271677747,180.781271677747,180.781271677747,180.781271677747,180.781271677747,180.781271677747,180.781271677747,180.781271677747,180.781271677747,180.781271677747,180.781271677747,180.781271677747,180.781271677747,180.781271677747,180.781271677747,180.781271677747,180.781271677747,180.781271677747,180.781271677747,180.781271677747,180.781271677747,180.781271677747,180.781271677747,180.781271677747
