1.13686837721616e-13
1.13686837721616e-13
0
1.13686837721616e-13
7.98527253209613e-08
1.13686837721616e-13
1.13686837721616e-13
1.13686837721616e-13
1.13686837721616e-13
1.13686837721616e-13
1.13686837721616e-13
1.13686837721616e-13
1.13686837721616e-13
1.13686837721616e-13
1.13686837721616e-13
1.13686837721616e-13
7.9973347055784e-08
1.13686837721616e-13
3.19456489705772e-07
0
1.13686837721616e-13
1.13686837721616e-13
1.13686837721616e-13
1.13686837721616e-13
1.13686837721616e-13
1.13686837721616e-13
1.13686837721616e-13
1.13686837721616e-13
1.13686837721616e-13
1.13686837721616e-13
