29.5170224546541
20.442439522224
28.3653726406956
21.2379982031516
28.411956993486
20.5531054616108
3.58976034026819
27.5700428321406
21.4472288659604
28.064400719667
20.6851165980129
20.7844455203622
22.0016725467181
21.6599650936123
27.010306179589
28.3710428150862
29.1501681818308
0.398808746899704
21.6682091367543
20.7488331144395
21.407038600968
21.1241593457507
1.28005448930526
20.2162213861538
0.432208381731016
20.9697107571642
27.9998493931762
20.4713731197544
27.1497286588865
20.5347697282314
