100.30148902125
100.310682225293
208.541568536855
100.303125515139
100.271784987095
100.35326745925
100.25562402264
100.2741082465
100.341603466416
209.482894528408
100.327565104943
100.298704357946
100.320782309055
7.65377598859686
209.878359126935
100.312682787479
5.18511891904291
100.317133429425
209.482894529506
100.319588891452
209.482894529582
210.687259100961
100.347710130142
100.323703700574
22.635129540733
207.477997901789
100.314674525949
100.282719114106
9.39260030190189
100.302848620598
