1.13686837721616e-13
1.13686837721616e-13
1.13686837721616e-13
1.13686837721616e-13
1.13686837721616e-13
1.13686837721616e-13
1.13686837721616e-13
1.13686837721616e-13
7.98386281530838e-08
1.13686837721616e-13
0
1.13686837721616e-13
1.13686837721616e-13
1.13686837721616e-13
1.13686837721616e-13
1.13686837721616e-13
7.98537485025008e-08
0
1.13686837721616e-13
1.45431840792298e-07
0
1.13686837721616e-13
1.13686837721616e-13
1.13686837721616e-13
1.13686837721616e-13
1.13686837721616e-13
1.13686837721616e-13
1.13686837721616e-13
1.13686837721616e-13
1.13686837721616e-13
