32.9587309273793
31.7130400424737
9.65396833693035
36.0650675932754
46.5834342508629
63.5265096341948
82.902816459633
43.1258153572148
66.592369628597
24.7171578751943
26.4641941887683
44.9387797617665
22.0213094959722
38.7010856687905
16.9415069444583
29.973915037911
87.9560650225849
10.2465110737292
42.5963141989062
36.5916549030605
47.0369756950131
24.0820811825286
55.0595331482352
54.0121766774917
74.9221373741223
23.037752289076
19.8879696499769
18.9970195884143
49.3687066248949
44.9099942537791
