214.207729020346
100.298548241196
100.301254496066
100.297651648214
100.304327944428
100.329481137763
100.289117530119
100.319044277771
211.08625953537
215.014003016667
100.388631888422
212.528070952585
215.618512439846
13.5687716785806
125.525980817745
213.60888146308
3.69615761687373
100.32013861042
100.328308636712
5.34260384446497
100.35209097924
208.439796439782
212.207893252608
100.258936425554
7.77874486052087
100.326170773791
205.912207617854
213.856919903185
13.6003524045186
100.279619860931
