256.98435614059
242.528443030021
247.362885972517
244.51963490115
247.464842432525
262.067729023012
237.984205860572
248.581394191172
255.659376575999
244.923698114417
267.941355314656
250.703773998389
251.698705675331
245.871794437559
238.967400906582
262.311246290795
236.890158177618
235.658853320282
263.914083134485
247.615904809992
245.012018959986
238.109653783554
287.741550486609
252.150824972016
249.518323243788
243.351113780588
245.761921699512
236.717031955323
242.752125739082
254.00244072437
