20.0806212226546
22.702367871417
24.0525996292117
20.9343306343574
1.18002979181119
20.9504738751423
4.53155735158361e-10
24.8660914777831
26.3568960966807
22.6412284925484
21.005678187699
23.6837022381908
0.624346512326383
1.30713231400705
27.1448607385789
23.2586102541982
1.85082171810791e-10
21.0649460845109
1.07938558682758
1.30713231334153
0.994959058199811
1.61930556936136
19.8225457081605
0.31217325641046
21.4304114103475
37.6163814194867
0.0275718207171849
21.3560831452735
1.30713231336017
0.312173257115774
