100.286403869852
204.879797333172
206.364697483121
205.539283154664
206.199882087549
205.05991663593
143.064351148867
208.876424097342
100.224596386352
204.839793259432
205.403385469987
205.767005419284
208.820287031967
100.316839383567
205.48168702803
202.755745781272
204.347499155466
205.729421971883
205.320443909559
204.879797333172
208.256507376181
208.292984762623
206.902835289694
206.216075364727
205.668539161524
205.320443909559
205.767820435994
100.325161529849
209.479903344377
100.258897900069
