26144.8552410555,24935.6551624676,24178.5421633414,20029.0700259038,26292.4720785713,34967.8839397336,23324.8327528677,28424.1861931484,26479.9275359272,27391.8473699245,15272.4039810014,34837.4820994083,31651.4559577967,21998.1656717977,38917.3910947666,23775.5378148432,29708.8936257208,29010.7852154538,42498.651306836,28934.6524405623,28180.0602456331,26346.1602770931,28180.9284007968,30283.1836084504,18622.041096466,16524.6196938239,33865.4683000813,28199.0737961367,22523.6997519396,30084.6837580613
1039.06827548193,953.395846101369,891.935751139462,576.152822273253,2555.18493477085,1571.69539128177,1163.3052684888,320.900472145725,2578.33771231499,457.160383930445,375.019017990514,466.497089076665,1082.9944641646,1088.24161579576,796.664274261638,223.174018668558,2328.20069357915,1017.96846691959,1007.5344288188,1083.187139693,1202.10993716273,396.727682088121,2363.37447434171,1209.73774298942,297.017542567494,315.945506378065,879.872759428575,478.701813360827,355.95882983749,633.052104386625
24.5870689266386,32.4766212628983,7.51611670254357,16.9441847397709,34.4468939965686,16.9918315519462,37.6705237068922,37.3102862590981,35.9261195197946,20.3127168976474,33.4188642826745,13.5717127729399,19.0925044605136,24.1724190489381,58.9439633091094,10.6542283235676,42.5816913546527,22.8678431110947,33.8486535493802,36.4197671278876,10.0383194080466,22.8976500619374,18.3432333669357,29.9230009816382,8.34849894772464,9.79941332188554,18.3779174465187,18.9571644202327,29.4413480108439,19.2082151912312
0.123479781288495,0.306868054985102,0.11550068760414,0.162738008743645,0.409672885333691,0.206860711536194,0.129326716963362,0.135531107397753,0.206032155607261,0.273762171975704,0.223701682427304,0.234637493619061,0.0867654451400881,0.219458017360353,0.313611125345233,0.126812975928203,0.38827962652249,0.193229121604872,0.38794106895989,0.179567184182758,0.215507671674686,0.182364269475841,0.255593742382246,0.292688094248433,0.102636662986129,0.205122313468621,0.403250635360223,0.214395172313289,0.322603746691868,0.245611890172199
8.02895215201715e-07,1.97614718899786e-06,2.70344122554889e-06,2.72858096650452e-06,3.89359746577611e-06,2.25366312633923e-06,3.47857178439881e-06,3.15064283995525e-06,3.85236637612252e-06,2.07536771767991e-06,3.21089964927523e-06,1.47404500694392e-06,2.51415821139744e-06,1.77939119794246e-06,3.53963457655482e-06,1.3268478937789e-06,2.73739402700812e-06,1.77478665364106e-06,3.61429948725345e-06,2.45605178861297e-06,1.89689768603785e-06,3.04178416854484e-06,1.41795220542917e-06,3.14587680350087e-06,2.24833320316975e-06,3.11724340917863e-06,4.23391099957371e-06,3.02828664189292e-06,1.52035852352128e-06,2.23639074192761e-06
0,0,0,0,0,0,0,0,0,0,0,0,0,0,0,0,0,0,0,0,0,0,0,0,0,0,0,0,0,0
0,0,0,0,0,0,0,0,0,0,0,0,0,0,0,0,0,0,0,0,0,0,0,0,0,0,0,0,0,0
0,0,0,0,0,0,0,0,0,0,0,0,0,0,0,0,0,0,0,0,0,0,0,0,0,0,0,0,0,0
0,0,0,0,0,0,0,0,0,0,0,0,0,0,0,0,0,0,0,0,0,0,0,0,0,0,0,0,0,0
0,0,0,0,0,0,0,0,0,0,0,0,0,0,0,0,0,0,0,0,0,0,0,0,0,0,0,0,0,0
0,0,0,0,0,0,0,0,0,0,0,0,0,0,0,0,0,0,0,0,0,0,0,0,0,0,0,0,0,0
0,0,0,0,0,0,0,0,0,0,0,0,0,0,0,0,0,0,0,0,0,0,0,0,0,0,0,0,0,0
0,0,0,0,0,0,0,0,0,0,0,0,0,0,0,0,0,0,0,0,0,0,0,0,0,0,0,0,0,0
0,0,0,0,0,0,0,0,0,0,0,0,0,0,0,0,0,0,0,0,0,0,0,0,0,0,0,0,0,0
