377062.994076495,155779.838021703,165789.645158218,766919377.141796,23354538.8658248,1385492.06778349,3562690291.4669,7657957.05946141,61790.7776411547,92968.5057082554,9071575.15205442,37994653.75539,100021.225937946,259020332.417055,269193587.417909,67312.0257545767,81921214.8058973,92044.8242898702,351524832.698559,76302098.2281153,165626.416358385,349478457.911823,827624.215409059,90578782.8222632,65220.1085205022,116329.827930357,58284.9814084736,3016687.39080036,286559203.437504,148947.104427092
311818.796038652,155779.838021703,76246.3157458412,501818464.814302,187602.69885408,1385492.06778349,285180.072637683,7657957.05946141,61790.7776411547,92968.5057082554,9071575.15205442,37994653.75539,100021.225937946,160784189.782119,123828.753562507,67312.0257545767,81921214.8058973,92044.8242898702,307414037.781415,30980104.6880051,89905.5318106757,987928.665797091,827624.215409059,90578782.8222632,65220.1085205022,116329.827930357,58284.9814084736,145484.917457205,181035.910331743,148947.104427092
152839.343138723,155779.838021703,50480.2116321503,8505782.58876328,187602.69885408,733557.672673754,285180.072637683,7657957.05946141,61790.7776411547,92968.5057082554,9071575.15205442,167942.71531788,100021.225937946,1790748.62755149,123828.753562507,67312.0257545767,28933877.8094511,92044.8242898702,307414037.781415,30980104.6880051,89905.5318106757,987928.665797091,827624.215409059,870690.003808074,65220.1085205022,116329.827930357,58284.9814084736,145484.917457205,181035.910331743,148947.104427092
152839.343138723,155779.838021703,50480.2116321503,1049617.41363644,32417.6102241248,227784.816057814,285180.072637683,58628.3180954839,61790.7776411547,73595.7665625035,9071575.15205442,167942.71531788,91216.9420441111,1790748.62755149,123828.753562507,67312.0257545767,28933877.8094511,92044.8242898702,2988169.68867606,63258.9359111076,89905.5318106757,48767.2483921364,827624.215409059,870690.003808074,65220.1085205022,116329.827930357,58284.9814084736,145484.917457205,181035.910331743,148947.104427092
152839.343138723,155779.838021703,50480.2116321503,1049617.41363644,32417.6102241248,215816.033914957,54588.7559221625,58628.3180954839,45047.7120332661,73595.7665625035,27303.3924953384,167942.71531788,91216.9420441111,58540.9255179338,123828.753562507,67312.0257545767,502547.929170868,92044.8242898702,93703.8184710172,63258.9359111076,89905.5318106757,48767.2483921364,186782.63295987,240431.873750466,65220.1085205022,116329.827930357,58284.9814084736,47836.5023335223,181035.910331743,140222.508512013
53739.7616835867,62434.4918626639,44315.1421090581,81418.4029172227,32417.6102241248,80160.6221990823,54588.7559221625,38755.5002190812,45047.7120332661,57511.2702722226,27303.3924953384,50988.2250722973,55745.9098656508,58540.9255179338,45158.188125363,39558.6950757344,91483.7313158538,64323.9189785152,52349.1872131328,28934.6524405623,87086.9709524661,48767.2483921364,43007.4692549583,72522.4476194165,29956.5411777257,57025.4381761612,57045.1267189867,47836.5023335223,181035.910331743,120785.532095737
42726.7364400142,41810.2636665294,37082.4873645292,47355.1127423487,32417.6102241248,46217.4706809442,48863.711561744,38755.5002190812,45047.7120332661,48261.6945244217,27303.3924953384,45373.5037437547,36255.4654443282,39981.803447824,45158.188125363,37368.6843991443,51304.2129334685,29010.7852154538,49117.578470446,28934.6524405623,36207.2618972152,48767.2483921364,28180.9284007968,40500.8977955429,29956.5411777257,16524.6196938239,57045.1267189867,43091.9666380258,39022.5789083877,63941.8337392075
36538.9672325058,24935.6551624676,30882.3925649775,28085.6569641241,32417.6102241248,46217.4706809442,25904.0154358522,28424.1861931484,26479.9275359272,28585.8731327529,20061.4243977364,34837.4820994083,31651.4559577967,31954.1308435261,40991.0362878603,23775.5378148432,39373.8557467817,29010.7852154538,42877.6808252328,28934.6524405623,32816.6423635551,26620.561587024,28180.9284007968,30283.1836084504,21910.3564402525,16524.6196938239,36136.9685335823,36388.7057111526,23896.7803689709,30084.6837580613
5905.65497748058,13355.2875335806,5502.36176715432,14672.4497029121,23290.6235206536,20794.1817065238,7418.59427823635,9803.13003276008,17785.4123727522,8252.84616181086,6716.15984082402,5650.64224038558,15158.6897216813,7528.10535966513,21238.6124100235,4967.11389410133,14155.9505095197,16541.2468857874,18030.3941985904,20239.3322054421,12119.4001739116,12163.0701781323,12624.2731882743,11876.2330215418,2435.02994952008,4197.89683181423,12261.5558306085,6541.98391002767,4788.72944080534,11295.9068932315
25.2071401868918,37.9954072732149,24.4951777771621,55.5103272574244,52.6586036149569,69.7032360800555,65.3703032716851,37.3102862590981,35.9261195197946,53.5033517112165,33.4188642826745,21.4651237322238,48.6676220233426,71.1797123368976,138.230022977037,41.979971435846,117.179316321575,66.8749646654183,70.4175635848671,36.4197671278876,36.2437977034537,28.7587522990133,101.42602273267,60.7139574020357,25.1551342561025,20.1042765069421,51.2018279433468,72.3558738948786,44.8456096131471,43.4392337320738
0.123479781288495,0.306868054985102,0.11550068760414,0.162738008743645,0.409672885333691,0.206860711536194,0.129326716963362,0.135531107397753,0.206032155607261,0.273762171975704,0.223701682427304,0.234637493619061,0.0867654451400881,0.219458017360353,0.313611125345233,0.126812975928203,0.38827962652249,0.193229121604872,0.38794106895989,0.179567184182758,0.215507671674686,0.182364269475841,0.255593742382246,0.292688094248433,0.102636662986129,0.205122313468621,0.403250635360223,0.214395172313289,0.322603746691868,0.245611890172199
4.62841057924379e-06,2.8157322219613e-05,1.20763781978894e-05,2.97071833870177e-05,3.30472705059037e-05,1.88386488275682e-05,1.86690461987382e-05,2.38027880072877e-05,2.2470936528407e-05,2.0356722473025e-05,2.18821633097832e-05,1.50876506950226e-05,2.0570664673869e-05,8.08766884574652e-06,1.83107070483857e-05,1.65118540280673e-05,2.66976829834675e-05,2.33746441153926e-05,1.97362231233456e-05,9.67697110354493e-06,2.33759327556982e-05,1.21481293717807e-05,2.00859757910621e-05,2.60259143374242e-05,1.79254811882856e-05,9.63919603691465e-06,3.27920085965161e-05,2.72657066489046e-05,1.63377788453545e-05,1.21240672115164e-05
3.97903932025656e-13,6.82121026329696e-13,4.54747350886464e-13,1.25055521493778e-12,1.53477230924182e-12,6.25277607468888e-13,1.19371179607697e-12,1.93267624126747e-12,1.70530256582424e-12,1.64845914696343e-12,1.81898940354586e-12,9.66338120633736e-13,6.25277607468888e-13,4.54747350886464e-13,1.36424205265939e-12,7.95807864051312e-13,9.66338120633736e-13,5.11590769747272e-13,1.19371179607697e-12,3.41060513164848e-13,1.08002495835535e-12,1.59161572810262e-12,5.6843418860808e-13,9.66338120633736e-13,2.8421709430404e-13,4.54747350886464e-13,6.25277607468888e-13,1.70530256582424e-13,5.6843418860808e-13,3.97903932025656e-13
0,0,0,0,0,0,0,0,0,0,0,0,0,0,0,0,0,0,0,0,0,0,0,0,0,0,0,0,0,0
0,0,0,0,0,0,0,0,0,0,0,0,0,0,0,0,0,0,0,0,0,0,0,0,0,0,0,0,0,0
0,0,0,0,0,0,0,0,0,0,0,0,0,0,0,0,0,0,0,0,0,0,0,0,0,0,0,0,0,0
