5800.9829691777,5887.79757810037,4183.13273307784,5731.70834002382,6105.76994680177,5296.99432923432,5187.7571373512,5440.22483091861,4699.25517818277,5598.60635589564,6227.00058300865,5359.30696313769,5061.36853638106,4911.27145141348,5416.0755887518,5472.92741864675,5585.43994541647,5068.21323705912,4838.83952132912,5565.58582215626,4023.84831934574,5699.32304901087,5049.23809416124,5491.25443261909,5858.94710171774,5612.71983461609,5752.87799796695,6028.90572851187,5093.52762604174,6066.65005822887
4690.35024672713,5887.79757810037,4183.13273307784,5538.42951148232,6105.76994680177,5296.99432923432,4860.99382500704,5440.22483091861,4699.25517818277,5598.60635589564,6227.00058300865,5359.30696313769,5061.36853638106,4911.27145141348,5416.0755887518,5472.92741864675,5585.43994541647,5068.21323705912,4838.83952132912,5565.58582215626,917.658726439196,5699.32304901087,5049.23809416124,5491.25443261909,5850.60675211652,5554.55818329616,5422.06916846094,5907.61828567048,5093.52762604174,5432.5410527339
4690.35024672713,5887.79757810037,4183.13273307784,5265.04417420936,6105.76994680177,5296.99432923432,4860.99382500704,5440.22483091861,4699.25517818277,5598.60635589564,6227.00058300865,5359.30696313769,5061.36853638106,4911.27145141348,5387.7804899752,5472.92741864675,5585.43994541647,5068.21323705912,4838.83952132912,5565.58582215626,917.658726439196,5699.32304901087,5049.23809416124,5491.25443261909,5850.60675211652,5554.55818329616,5403.06748764603,5907.61828567048,5093.52762604174,5249.65915346481
4690.35024672713,1858.86549389081,4183.13273307784,5265.04417420936,6105.76994680177,5112.55472732001,4860.99382500704,5440.22483091861,4699.25517818277,5598.60635589564,6179.57551969623,5359.30696313769,5061.36853638106,4911.27145141348,5387.7804899752,5472.92741864675,5585.43994541647,5068.21323705912,4838.83952132912,5565.58582215626,917.658726439196,5699.32304901087,5049.23809416124,5491.25443261909,5526.66887663992,5554.55818329616,5403.06748764603,5510.70699358986,5093.52762604174,5249.65915346481
4690.35024672713,978.42146606233,655.408671516333,5265.04417420936,3751.64940094566,5112.55472732001,4860.99382500704,5330.1995985954,4699.25517818277,5598.60635589564,5852.96206939649,4943.22966553138,1297.45220359414,1400.24113964456,4884.03315206164,5472.92741864675,5430.11789667989,5068.21323705912,4838.83952132912,4883.07046611865,917.658726439196,4314.25923031303,5049.23809416124,5491.25443261909,5526.66887663992,4967.49489036869,5403.06748764603,5236.46559924694,5093.52762604174,5249.65915346481
2839.86463390985,254.891451589029,655.408671516333,5265.04417420936,3347.88636241181,5055.83165518297,4860.99382500704,5330.1995985954,1001.66597630873,5598.60635589564,5711.11744046053,4943.22966553138,1297.45220359414,1400.24113964456,4884.03315206164,5472.92741864675,5376.00869601975,5068.21323705912,4838.83952132912,4368.26998022649,917.658726439196,4314.25923031303,4245.80328077827,4916.16960549052,5526.66887663992,381.078852456942,4890.32763053773,5084.40440097582,5093.52762604174,5128.47115800977
2839.86463390985,202.010490305329,237.791737961321,894.045527317198,3347.88636241181,4502.87435183497,2246.1786514274,5234.02516243736,1001.66597630873,5288.66183245651,4634.89739883382,4443.34549471039,1297.45220359414,1400.24113964456,4884.03315206164,5345.81482655692,4521.55512330285,4434.97619585988,4838.83952132912,4368.26998022649,192.013137445512,4314.25923031303,695.058307393685,4916.16960549052,5080.86060938091,381.078852456942,1730.72638400763,4137.32873633489,4947.96881312564,5128.47115800977
417.707108111555,113.403184792387,126.097050827095,894.045527317198,438.889403862139,4260.04627549609,119.052186554105,4697.35754840742,131.308094480078,4746.47520403851,4567.19936149413,704.918330390361,157.494441357343,599.905154150816,4645.4777050669,4366.44295241175,530.689881825444,4434.97619585988,4623.47514969038,4368.26998022649,115.196120446672,139.05154275733,152.212937932813,4857.31972890529,4832.82168082184,127.533043368269,415.248409348824,4137.32873633489,4592.58342003744,2854.81519425978
328.204226621281,102.151178873603,102.332543514259,894.045527317198,333.335889835263,4260.04627549609,101.515975090678,4537.40679984258,102.17203967728,4125.74705247006,4567.19936149413,355.322825802607,101.783512524759,336.064769025792,375.30002229431,4366.44295241175,363.236331438203,421.325172765137,4211.04532918214,4210.6548120408,102.561499584254,103.14841557619,102.0780121049,882.292524546831,4525.44920712245,101.789228075256,367.366523958581,4137.32873633489,4265.13169401959,103.438588975435
298.816979068193,100.943427298921,100.974738821071,894.045527317198,310.882635754189,4063.35500328455,101.056661650901,3330.4659891192,100.99737031219,4010.19087802251,355.578795285508,307.576799777416,100.966170357704,322.241925764922,312.445454363198,4154.64004490099,312.405507191637,298.291524337712,4015.62115545836,3120.55860799649,100.80176309391,101.021918984739,100.923589403981,326.148086397226,3198.03762301608,100.958262406182,301.630077404248,3704.06096114901,362.166979830805,101.125167575451
222.884488967442,100.638732681892,100.656227556601,894.045527317198,216.610763781492,2511.39873954658,100.696567863256,2647.95753717098,100.80570913065,2765.69048533048,275.138452065417,250.532047737642,100.584422748876,214.942107042326,211.808538520829,2998.48296314219,217.562107864001,245.510841294335,2861.2418148801,2648.87250050818,100.666218686103,100.57936365679,100.660273295939,234.863880802062,2265.27278730896,100.636972690158,231.296520222328,2455.48829726203,299.752116934712,100.762353585179
213.762313391318,100.590560275689,100.581218743566,422.796141362699,213.134705167034,6.08621785701052,100.576917584128,6.33374551674342,100.638548059901,224.569835405694,217.003175846227,209.353981997042,100.54569259218,210.865731369557,209.48299770877,312.941449308543,212.419415253412,216.956562945991,134.8788539554,7.93838380386978,100.427511845979,100.451063514108,100.51461214051,211.902351402803,12.5836764248738,100.53564015204,211.170685526299,10.8574299761613,212.903310027214,100.591722272407
213.762098279515,100.505986133867,100.43559363117,421.437808476396,213.134466057897,5.27889759466552,100.402910385358,1.95740449743516,100.469127694189,222.888320656496,217.001088470722,209.353402301583,100.451265502898,210.86563874129,209.482894528336,309.613034222487,212.419067468374,216.954869447333,133.65259665943,7.63059442446411,100.385488389714,100.298438674417,100.429522885081,211.901825956927,11.9549961901066,100.354401187178,211.170306709913,9.4864519260982,212.886080844071,100.432848255266
213.762098279505,100.41301848791,100.338871904608,421.437808442394,213.134466057892,5.2788975483013,100.35771785563,1.95740430476144,100.425287952088,222.888320585633,217.001088470599,209.353402301522,100.38361534161,210.865638741283,209.482894528331,309.613034130128,212.419067468369,216.954869447302,133.652596606475,7.63059439010658,100.27633737316,100.269653859822,100.384909460161,211.901825956909,11.9549961589832,100.317699701767,211.170306709895,9.4864519038706,212.88608084342,100.345909550528
213.762098279505,100.393078830114,100.321157374097,421.437808442394,213.134466057892,5.27889754830039,100.327749554781,1.95740430475962,100.404860214179,222.888320585633,217.001088470599,209.353402301522,100.360144438241,210.865638741283,209.482894528331,309.613034130128,212.419067468369,216.954869447302,133.652596606474,7.63059439010613,100.26206541988,100.252728897208,100.379208583443,211.901825956909,11.9549961589828,100.297756188969,211.170306709895,9.48645190387015,212.88608084342,100.331670518622
213.762098279505,100.392239678879,100.320102534667,421.437808442393,213.134466057892,5.27889754830039,100.326318556206,1.95740430475962,100.40357288449,222.888320585633,217.001088470599,209.353402301522,100.359453398297,210.865638741283,209.482894528331,309.613034130128,212.419067468369,216.954869447302,133.652596606474,7.63059439010567,100.260028651591,100.251936401367,100.378755306903,211.901825956909,11.9549961589828,100.297177152565,211.170306709895,9.48645190387015,212.88608084342,100.330035936028
