7130.73081134769,6346.12726008126,6128.78736403814,7385.79805456873,7084.93397921351,6827.49894361287,7771.07607861671,6790.52093982856,9387.00378073294,6091.7829259569,5872.37677191266,7509.74692673936,8168.23753369896,6105.71869941799,7667.33338562916,7619.50642259041,7199.19552510586,6487.41757282412,8021.72794006262,4762.05260094348,10559.2294001254,6809.43538889841,8318.26114012142,7835.96055569192,6139.46513672175,10430.4830471731,10406.3229193883,8763.34476464078,7982.48221946261,6070.97596218918
7130.73081134769,6346.12726008126,6128.78736403814,7385.79805456873,7084.93397921351,6827.49894361287,7449.78055194138,6790.52093982856,8584.40131143876,6091.7829259569,5872.37677191266,6838.51351236267,6333.09374524296,5805.40256618481,6324.24612601405,7619.50642259041,7169.13615718594,6074.87711900061,7235.46445129838,3689.18551203425,6126.33990522491,6189.95184552834,6147.58361545444,5821.10352678334,6139.46513672175,7155.01187537183,10406.3229193883,8763.34476464078,7982.48221946261,6070.97596218918
7130.73081134769,6346.12726008126,5398.60502343852,6378.39838078013,6381.25624734983,6827.49894361287,7449.78055194138,6790.52093982856,8584.40131143876,5970.91585180974,5872.37677191266,6003.91745632313,6064.23563184933,5494.43240348959,6223.12371387114,5369.77586355555,5696.99850622347,5389.96389229225,5698.87645925946,3689.18551203425,6126.33990522491,6189.95184552834,6147.58361545444,5308.71499879585,6139.46513672175,7155.01187537183,6532.23622308618,6081.64436996902,5448.01973804512,6070.97596218918
5298.78308307255,4869.23223809847,5398.60502343852,5903.31005281925,5476.83332275713,6827.49894361287,6342.32974618929,6661.90487167905,7159.32220100799,5695.24949596271,5872.37677191266,5939.460273988,5826.03498731149,4556.58211429634,5471.50592394057,5369.77586355555,5696.99850622347,5053.15898222997,4984.0044012578,3689.18551203425,6126.33990522491,5622.56292908932,5789.19851864058,5308.71499879585,5338.60451934688,5655.8051130766,5759.28820278124,6081.64436996902,5013.86666823279,6070.97596218918
4730.46451847853,4783.87157695,5398.60502343852,5026.7109133989,4916.8345626454,6632.34885487943,5522.29143672747,3691.59078828376,5998.52410848004,5376.68274199562,4686.61882089432,5929.98864159916,4680.32340026633,3788.8876669466,5277.78101132273,4072.24810544048,5282.71096387161,4877.67007580542,4215.93591684122,3689.18551203425,5797.36887552222,4328.50152785931,4076.68718126218,3917.55926188182,4834.61225695516,5345.05028834955,5268.17546141646,5478.36891584365,5013.86666823279,4428.18241154007
3708.97307007262,3131.64557005567,4365.25722175958,3807.29271501321,4329.1586076232,5367.58135415746,4262.50112627741,2859.38336264572,4739.09064104354,4112.95672835984,3083.72369139481,2995.2587096909,2929.35112093754,2879.30637731555,2133.00362787603,3488.30149375632,4294.62725714651,3340.48621902725,4215.93591684122,2367.75189813871,4053.32452499038,3530.32968450327,2642.50319369596,3686.03210615927,3472.31954447747,4462.4919849557,2542.47975066153,4263.75315012985,2418.47121981689,2402.83703101372
1632.97174113672,1451.0964049145,1609.09815156703,1364.8372600116,1791.30343856859,1541.24751884099,1852.12920048815,1706.2578448185,1176.56828537467,1763.53818423984,1435.50213205749,1551.6370753082,1342.56986792908,1416.028549488,1841.89994520771,1285.13744180997,1700.30162198681,1742.18460726701,1453.72345513582,1447.74608817502,1897.86620945439,1794.7574350204,1551.13438770927,1880.35798417736,1473.283615649,2237.85802274559,1780.60682181499,1878.31256756922,1275.71183447577,1512.59916745706
844.788865728672,802.851303472161,1017.58261185338,842.979762289202,699.920889801609,850.857724143686,825.418857482874,794.434535748793,719.708813757523,741.484562473269,730.714943408891,792.576146065743,716.462209500113,802.811571528491,867.671793227547,730.215617196004,792.95931308916,766.137458507673,883.591771056097,724.198451613835,945.538856047109,711.653708153527,858.950180838797,877.719724834847,724.882261276087,973.464597995356,902.695153685849,826.941697642395,885.705852047124,749.407210528842
371.623808123148,359.647491728979,384.476035528724,379.352404443023,428.503656075837,420.381592314817,363.581016659592,371.937463733945,419.128765143668,422.961192325753,372.058088639096,356.070400659932,358.65536676416,370.432759572182,374.202274722925,372.155082531724,424.371276389046,365.997802870065,403.448077186768,360.111275047958,384.460449140616,412.260513236679,373.4881070062,373.75171133711,368.004912534495,385.602588629299,388.065109733669,376.690744422429,392.204210957039,363.70722295801
304.474716397577,302.98165728438,302.911402397521,303.752942784594,400.703858547772,305.63106782825,305.039070414085,303.88492110706,400.692447179131,400.788300643513,303.318987326009,303.248181001101,303.47525080893,303.856997791731,304.339806451621,303.240882392964,401.17666944739,304.951173503932,304.331121787292,302.923166423899,303.602479546927,400.605310921987,304.095710172372,304.13761329032,303.893513013039,305.284650819493,304.464012743403,303.695267497158,303.659134455393,303.584866264237
300.016329655306,300.01780518867,300.022194865718,300.017118693135,400.005119418884,300.022356161828,300.019400414825,300.017712444752,400.005170356163,400.003821238141,300.020071576969,300.015272318582,300.013664035857,300.025875796019,300.024482678043,300.016388705384,400.003565505523,300.015758084929,300.020264088305,300.013971200296,300.019434234483,400.003392989699,300.019153981475,300.02008406398,300.014640604457,300.031488526198,300.02299682814,300.025044563232,300.023468593476,300.018779953864
300.000001715411,300.000002345712,300.00000199236,300.000002240498,400.000000500384,300.000001408106,300.000001310033,300.000001979713,400.000000608558,400.000000356975,300.000001709515,300.000000962998,300.000001825916,300.000002175114,300.000002293839,300.000001532761,400.000000341045,300.000001501269,300.000001885379,300.000000993924,300.000001748792,400.000000358448,300.000001765472,300.000002271812,300.000001277724,300.000002287525,300.000002227593,300.000001673472,300.000001812434,300.000001177061
300.000000000004,300.000000000003,300.000000000003,300.000000000003,400,300.000000000004,300.000000000004,300.000000000003,400,400,300.000000000004,300.000000000003,300.000000000004,300.000000000003,300.000000000004,300.000000000003,400,300.000000000003,300.000000000004,300.000000000004,300.000000000003,400,300.000000000003,300.000000000003,300.000000000003,300.000000000004,300.000000000004,300.000000000003,300.000000000003,300.000000000003
300.000000000004,300.000000000003,300.000000000003,300.000000000003,400,300.000000000004,300.000000000004,300.000000000003,400,400,300.000000000004,300.000000000003,300.000000000004,300.000000000003,300.000000000004,300.000000000003,400,300.000000000003,300.000000000004,300.000000000004,300.000000000003,400,300.000000000003,300.000000000003,300.000000000003,300.000000000004,300.000000000004,300.000000000003,300.000000000003,300.000000000003
300.000000000001,300.000000000002,300.000000000001,300.000000000001,400,300.000000000001,300.000000000001,300.000000000001,400,400,300.000000000001,300.000000000001,300.000000000001,300.000000000001,300.000000000001,300.000000000001,400,300.000000000002,300.000000000001,300.000000000001,300.000000000002,400,300.000000000001,300.000000000001,300.000000000001,300.000000000002,300.000000000001,300.000000000001,300.000000000001,300.000000000001
300.000000000001,300.000000000001,300.000000000001,300.000000000001,400,300.000000000001,300.000000000001,300.000000000001,400,400,300.000000000001,300.000000000001,300.000000000001,300.000000000001,300.000000000001,300.000000000001,400,300.000000000001,300.000000000001,300.000000000001,300.000000000001,400,300.000000000001,300.000000000001,300.000000000001,300.000000000001,300.000000000001,300.000000000001,300.000000000001,300.000000000001
