504.653297215355,518.917246015076,474.578378182221,415.008550203134,530.911518852511,596.295862307657,513.824885566102,539.666085084995,531.472876177636,541.479432769411,591.283581503006,566.576190906379,562.648874821658,552.158160448179,587.469312986755,579.934424853783,583.315831361175,515.701404503544,479.39811470568,576.63347421797,539.57504833838,567.54527869205,565.467315089168,720.444871132526,499.648701992952,539.081803176284,429.099303769815,437.974761364854,630.293693114385,395.243757282178
313.191731402534,336.712959129463,314.694176703967,315.552227854424,342.39180443295,336.130342012088,317.513713807996,362.353526342228,337.855465823389,337.115942042686,330.544466034834,341.24080630488,353.098221924629,315.289235552925,372.724966931086,317.06136795267,325.834456184068,344.827011531641,305.189833764481,342.387969069642,318.983337020098,326.060211285,314.11810608046,367.230343537767,295.915148273679,333.154908014691,319.285963537315,310.480363332245,375.458359815806,316.680038771648
274.102078040943,278.208821512853,265.074707545808,269.32910522972,288.217294928735,280.385223463322,272.039868608475,280.346716133316,274.916095700696,275.213950368347,263.649046169861,281.992667069071,279.168761997854,276.664173069385,321.325499257379,276.036999365898,284.83838485206,282.530189894254,272.98980511954,286.838292104647,258.682459569742,293.904556877073,270.431079771991,304.311861133363,255.509508448854,273.98521643868,267.733250282366,266.099936801261,289.003089435283,280.175728196122
249.708304377971,236.356709994578,233.789804250396,250.799406376775,246.425572515129,237.554420587153,243.302330246774,248.194756643762,248.764043607563,240.312655866449,238.553006225049,242.956627674262,245.473207235059,255.735231161636,275.991808112027,249.133164932601,239.661236097378,259.845113424904,249.585587584456,247.475924235783,235.707413061285,244.754466537569,245.530412591392,266.934534810236,238.922238913231,243.520660438447,247.925638391053,244.932143901686,256.955445044828,260.512832729361
249.123571558317,235.818264600439,232.724434030881,250.730042425189,245.053926923993,236.649846533605,242.516435378128,247.681362978873,247.931921141867,239.315823736019,237.334554960248,240.987788998921,245.092502646029,255.147400460167,273.246678854573,248.258274280098,238.294795802452,259.684747418382,249.258352125215,245.978788925842,234.281387060617,243.504482337831,244.874571741895,264.786471824278,238.847525094257,242.185168761967,247.22681151777,244.690059354051,253.192256973737,260.317804260512
249.123448608429,235.818259674335,232.724151731364,250.730042034075,245.053831479059,236.649735090952,242.516349646422,247.681334094051,247.931804915771,239.315715383611,237.334376581494,240.98633953179,245.092494127935,255.147369231491,273.245118813193,248.258131621914,238.294795802452,259.68474665605,249.258346788808,245.978765876857,234.281198833002,243.504432751726,244.874538321147,264.785742820423,238.847524866113,242.184920520723,247.226749765344,244.690055392248,253.192144096679,260.317792928707
249.123448608425,235.818259674335,232.724151731351,250.730042034075,245.053831479058,236.649735090949,242.516349646421,247.681334094051,247.93180491576,239.31571538361,237.334376581492,240.986339529868,245.092494127935,255.147369231491,273.245118812532,248.258131621913,238.294795802452,259.68474665605,249.258346788808,245.978765876857,234.281198832997,243.504432751725,244.874538321147,264.785742820338,238.847524866113,242.184920520715,247.226749765343,244.690055392248,253.192144096678,260.317792928707
249.123448608425,235.818259674335,232.724151731351,250.730042034075,245.053831479058,236.649735090949,242.516349646421,247.681334094051,247.93180491576,239.31571538361,237.334376581492,240.986339529868,245.092494127935,255.147369231491,273.245118812532,248.258131621913,238.294795802452,259.68474665605,249.258346788808,245.978765876857,234.281198832997,243.504432751725,244.874538321146,264.785742820338,238.847524866113,242.184920520715,247.226749765343,244.690055392248,253.192144096678,260.317792928707
249.123448608425,235.818259674335,232.724151731351,250.730042034075,245.053831479058,236.649735090949,242.516349646421,247.681334094051,247.93180491576,239.31571538361,237.334376581492,240.986339529868,245.092494127935,255.147369231491,273.245118812532,248.258131621913,238.294795802452,259.68474665605,249.258346788808,245.978765876857,234.281198832997,243.504432751725,244.874538321146,264.785742820338,238.847524866113,242.184920520715,247.226749765343,244.690055392248,253.192144096678,260.317792928707
249.123448608425,235.818259674335,232.724151731351,250.730042034075,245.053831479058,236.649735090949,242.516349646421,247.681334094051,247.93180491576,239.31571538361,237.334376581492,240.986339529868,245.092494127935,255.147369231491,273.245118812532,248.258131621913,238.294795802452,259.68474665605,249.258346788808,245.978765876857,234.281198832997,243.504432751725,244.874538321146,264.785742820338,238.847524866113,242.184920520715,247.226749765343,244.690055392248,253.192144096678,260.317792928707
249.123448608425,235.818259674335,232.724151731351,250.730042034075,245.053831479058,236.649735090949,242.516349646421,247.681334094051,247.93180491576,239.31571538361,237.334376581492,240.986339529868,245.092494127935,255.147369231491,273.245118812532,248.258131621913,238.294795802452,259.68474665605,249.258346788808,245.978765876857,234.281198832997,243.504432751725,244.874538321146,264.785742820338,238.847524866113,242.184920520715,247.226749765343,244.690055392248,253.192144096678,260.317792928707
249.123448608425,235.818259674335,232.724151731351,250.730042034075,245.053831479058,236.649735090949,242.516349646421,247.681334094051,247.93180491576,239.31571538361,237.334376581492,240.986339529868,245.092494127935,255.147369231491,273.245118812532,248.258131621913,238.294795802452,259.68474665605,249.258346788808,245.978765876857,234.281198832997,243.504432751725,244.874538321146,264.785742820338,238.847524866113,242.184920520715,247.226749765343,244.690055392248,253.192144096678,260.317792928707
249.123448608425,235.818259674335,232.724151731351,250.730042034075,245.053831479058,236.649735090949,242.516349646421,247.681334094051,247.93180491576,239.31571538361,237.334376581492,240.986339529868,245.092494127935,255.147369231491,273.245118812532,248.258131621913,238.294795802452,259.68474665605,249.258346788808,245.978765876857,234.281198832997,243.504432751725,244.874538321146,264.785742820338,238.847524866113,242.184920520715,247.226749765343,244.690055392248,253.192144096678,260.317792928707
249.123448608425,235.818259674335,232.724151731351,250.730042034075,245.053831479058,236.649735090949,242.516349646421,247.681334094051,247.93180491576,239.31571538361,237.334376581492,240.986339529868,245.092494127935,255.147369231491,273.245118812532,248.258131621913,238.294795802452,259.68474665605,249.258346788808,245.978765876857,234.281198832996,243.504432751725,244.874538321146,264.785742820338,238.847524866113,242.184920520715,247.226749765343,244.690055392248,253.192144096678,260.317792928707
