4701.29054053503,3220.34921257757,2128.82197170984,2228.66682067641,2688.17060296355,6109.79660800365,3593.44923084991,4854.26374783478,2620.44037310454,4878.00003702308,1097.04742181943,4721.2296590481,4823.5098545381,3274.03768662705,3797.35506984099,5800.17089688547,3339.94721402405,4104.56392407131,2540.43008633826,2110.61133593989,3128.04920947279,1640.87094850384,2874.34590304383,3103.18098082915,4645.04210895332,4624.91822721717,1274.28400495715,4068.10777371726,3981.16920580563,3400.10542627472
3937.25382953431,3220.34921257757,2128.82197170984,2228.66682067641,2688.17060296355,2844.06989634242,3347.63085231375,4450.48817004379,1407.86852939457,2453.35219681944,1097.04742181943,4555.07993262844,2354.78594336499,1207.86346126579,3572.17762529946,3376.82809496931,1884.19951787974,1515.91183312159,2540.43008633826,2110.61133593989,3128.04920947279,1640.87094850384,2874.34590304383,2750.58250615534,2478.60362011178,4409.94247905517,1274.28400495715,2619.90375805589,3981.16920580563,1950.18489727927
1808.2491707205,1326.28367967156,2128.82197170984,1676.03673816587,2688.17060296355,2844.06989634242,1406.89203028294,1583.84096963917,1407.86852939457,1722.96370567996,1097.04742181943,1554.59320047184,2123.37899173094,1207.86346126579,2821.51745999996,2089.61613909796,1748.66000390945,1515.91183312159,2540.43008633826,2110.61133593989,2841.99832091849,1640.87094850384,2656.52764053429,1950.32279922552,2478.60362011178,2852.95504450226,1274.28400495715,2054.00807920648,2070.58654024505,1360.57595054678
1808.2491707205,1326.28367967156,2128.82197170984,1676.03673816587,2688.17060296355,1818.60935081588,1406.89203028294,1583.84096963917,1407.86852939457,1722.96370567996,1097.04742181943,1554.59320047184,2123.37899173094,1207.86346126579,2485.69835620037,857.007591554383,1095.06537530924,1515.91183312159,2181.21999993648,2092.97795294786,1845.24127306203,1640.87094850384,2656.52764053429,1950.32279922552,1937.81890000618,2852.95504450226,1274.28400495715,1723.512726114,1512.12177962655,1360.57595054678
1314.20027763577,1273.48219831593,1761.95663098071,1676.03673816587,1598.74341339831,1596.04517942858,1406.89203028294,722.923194269272,1407.86852939457,1367.43196812334,1020.5100586577,1054.7959539202,1291.21517687305,761.381031375622,1231.51295732711,857.007591554383,1095.06537530924,1269.34008618232,1517.83363219395,1569.72405657044,1350.34927973771,918.634117049038,1625.21567962728,1225.2837876272,1032.03799059951,1429.56354412303,1274.28400495715,1560.74241714239,1463.5318657848,1259.25415229483
914.517691971963,872.993777382801,1100.85466278975,1477.14736927014,1491.39560531429,1108.37842813668,973.750210465659,527.837327724,667.263790050872,1343.09386174131,682.076190748601,1054.7959539202,468.539904004854,696.903211367117,727.993387765527,857.007591554383,689.132328034701,549.349631392486,986.482061495812,754.242134272106,1208.27692683204,416.745922461489,1043.77539035005,584.764616422283,664.940880587527,698.467408660891,1274.28400495715,500.442299367743,540.234705678349,800.505303178202
303.964218435116,356.682957926634,334.652873105957,502.741318538732,318.01125009887,527.741037682452,294.133724923558,338.738945188415,381.419662143461,315.376073445951,309.315040976346,374.043837512031,279.453658572436,333.457776281856,279.698065072731,348.960833588109,454.46092806339,307.376377155302,332.1864068267,256.234527937947,337.759742647095,281.899579192924,273.540217259261,419.990590615547,250.025379962807,364.941196864248,615.293399370156,289.093297060669,284.946599994061,342.402839997419
132.817437252052,118.523094424249,121.337184309064,131.570616650632,139.578728471821,148.774801088281,134.612342197266,161.588040276584,132.162383435368,140.429535230957,124.120359946746,136.18201532052,126.375784139247,145.889616461184,108.543060185938,139.785957142013,214.919226224654,129.347840086661,118.059564454354,108.732754027208,132.143121379337,133.091441869421,150.481648168307,110.824181989014,76.8344704328233,116.570650313439,161.641138358199,151.920656818695,109.719870490964,123.367941506073
55.4461736997432,62.4341989252908,60.6461976511687,56.55103444821,58.1635613236011,55.4178078111207,57.4522251696881,58.1541669310386,62.8832175633447,61.9445981443178,58.3767737673409,58.5260359066313,57.5010110572705,73.5358444702441,74.1287498683694,57.8860009397592,58.2172470282794,56.3343105622857,56.5558471218102,58.1262221283328,67.1273660298965,59.3957793197841,57.0997345323902,61.229549756301,54.1410567584593,54.1939028469654,59.0390255496889,58.0585465390322,56.8043518769032,56.9182559112676
49.2446555278892,45.9750677591988,49.2380528296654,49.3130024978263,49.3227663417134,45.2941922865887,49.4028245101413,49.3166700021533,49.2913779656825,49.2477717462727,45.3635784867353,45.5629221995055,49.2538610166382,49.5349082045611,49.3814660619714,46.025364605174,49.38417316919,49.3492290296855,45.433832373597,49.2346168621633,49.2908787019391,49.3506999074532,45.5657565172752,49.3596186566367,47.7251087621141,49.2717915924644,46.1528013012926,49.2609807456163,45.1773469744795,49.2873810060792
49.0847780235873,44.8963762261217,49.0849138949413,49.0849363416356,49.0848250176116,44.896256766518,49.0851479144486,49.0849043007319,49.0849048210564,49.0851557881909,44.8964207308326,44.8957957248555,49.0849692548623,49.085246614751,49.0849115244883,44.8962728841724,49.0850961578727,49.0851571611545,44.8965156844614,49.0848251477329,49.0849158124618,49.0848255704193,44.8963842789805,49.0849640629214,44.8966872687033,49.084846133029,44.896337202409,49.0847764816597,44.896412848749,49.0849149466562
49.0844789816259,44.8954693306832,49.0844789836627,49.0844789832103,49.0844789833477,44.89546932674,49.0844789852488,49.0844789843013,49.0844789826349,49.0844789833439,44.8954693268719,44.8954693290018,49.0844789810621,49.0844789908699,49.0844789852198,44.8954693267948,49.0844789858223,49.0844789859559,44.8954693275689,49.0844789822888,49.0844789824411,49.084478983303,44.895469332335,49.0844789851913,44.8954693427809,49.0844789819362,44.8954693240186,49.0844789825398,44.8954693255586,49.0844789870336
49.0844789794812,44.8954693174514,49.0844789794812,49.0844789794813,49.0844789794813,44.8954693174513,49.0844789794813,49.0844789794812,49.0844789794813,49.0844789794812,44.8954693174514,44.8954693174513,49.0844789794812,49.0844789794812,49.0844789794812,44.8954693174514,49.0844789794812,49.0844789794812,44.8954693174514,49.0844789794812,49.0844789794813,49.0844789794813,44.8954693174513,49.0844789794813,44.8954693174513,49.0844789794813,44.8954693174513,49.0844789794812,44.8954693174513,49.0844789794813
49.0844789794812,44.8954693174513,49.0844789794812,49.0844789794812,49.0844789794812,44.8954693174513,49.0844789794812,49.0844789794812,49.0844789794812,49.0844789794812,44.8954693174513,44.8954693174513,49.0844789794812,49.0844789794812,49.0844789794812,44.8954693174513,49.0844789794812,49.0844789794812,44.8954693174513,49.0844789794812,49.0844789794812,49.0844789794813,44.8954693174513,49.0844789794812,44.8954693174513,49.0844789794812,44.8954693174513,49.0844789794812,44.8954693174513,49.0844789794812
49.0844789794812,44.8954693174513,49.0844789794812,49.0844789794812,49.0844789794812,44.8954693174513,49.0844789794812,49.0844789794812,49.0844789794812,49.0844789794812,44.8954693174513,44.8954693174513,49.0844789794812,49.0844789794812,49.0844789794812,44.8954693174513,49.0844789794812,49.0844789794812,44.8954693174513,49.0844789794812,49.0844789794812,49.0844789794812,44.8954693174513,49.0844789794812,44.8954693174513,49.0844789794812,44.8954693174513,49.0844789794812,44.8954693174513,49.0844789794812
49.0844789794812,44.8954693174513,49.0844789794812,49.0844789794812,49.0844789794812,44.8954693174513,49.0844789794812,49.0844789794812,49.0844789794812,49.0844789794812,44.8954693174513,44.8954693174513,49.0844789794812,49.0844789794812,49.0844789794812,44.8954693174513,49.0844789794812,49.0844789794812,44.8954693174513,49.0844789794812,49.0844789794812,49.0844789794812,44.8954693174513,49.0844789794812,44.8954693174513,49.0844789794812,44.8954693174513,49.0844789794812,44.8954693174513,49.0844789794812
