120.14944694566,132.23428950602,143.387933070165,134.535605893437,128.868757944575,140.49145664605,121.790546557613,105.335740111678,128.859648532237,117.553110334953,129.537967822217,145.066379270336,118.404734470666,129.544078707044,141.744009195493,123.608227577077,117.462571228852,143.862124304942,120.766099616144,131.526412056483,138.913864499454,137.731106180498,111.462286205045,134.323704857531,83.6835047320944,122.487137796315,107.836237453665,151.068883840827,139.17835959772,132.76972506692
100.932447183855,99.7557816084247,115.89064526284,119.037235105664,97.7401796420937,118.35111460958,120.10531894482,96.6186849054347,99.0457338827359,117.553110334953,114.390436862596,92.6250327351261,114.394956346408,105.967401373139,113.728054742318,123.608227577077,114.179296048836,111.206493050847,117.977582390587,114.8416189274,112.887110206853,83.8968716195421,108.162995341097,117.881544594934,83.6835047320944,110.541888299405,107.836237453665,100.607687332249,123.722696959072,120.574638504671
100.932447183855,90.5202460622539,112.946680126887,107.97642387332,95.8987559284785,106.312857159175,101.949261899447,96.6186849054347,99.0457338827359,92.0047522694626,96.9603012145045,81.6161871552256,88.0865307205647,85.9726509988149,95.6109368786587,106.431658892924,114.179296048836,96.0585155864877,99.2624179174919,114.8416189274,112.887110206853,83.8968716195421,105.066350323894,104.388032082731,83.6835047320944,107.192951482728,107.836237453665,100.607687332249,105.10728088642,120.574638504671
93.5861238685294,90.5202460622539,99.7217066886315,100.962983006396,95.8832094728465,93.2832624982443,94.2211054456943,96.6186849054347,98.8202669484099,92.0047522694626,94.0399093206822,79.2250382135595,74.7941016232908,85.9726509988149,95.6109368786587,87.3933402565983,98.9641935526512,95.8446424014168,95.5053120754285,100.24229174563,83.012831495974,78.9972231580672,79.0165694731072,104.388032082731,83.6835047320944,106.898837619128,96.563460577175,100.607687332249,98.9325880707173,103.17304671278
22.0865949171628,7.2711759912246,4.0507028920797,3.21925827520295,12.3575695804093,5.67875741058572,2.19954631884264,7.23227580553362,20.6383183010431,1.07087360015942,6.08185386056675,5.19705073272587,74.7941016232908,6.11593845848586,5.14521999909516,37.4157263335137,3.60513054169337,5.76599114712087,38.5148931231611,6.32946964492407,11.3115208150421,8.24051768348806,5.99381750833356,5.54484952012751,7.2497129308889,65.0806609460345,4.05168799708679,5.65510513223614,7.15316649061538,88.5154878651559
2.98487717214971,6.96471339968718,3.97983622837717,2.98487717130706,5.96975434345507,4.97479528556551,1.98991811420331,6.96471339971731,7.95967245739905,0.994959057100345,5.96975434257502,4.97479528547694,9.94959057214669,4.97479528550207,4.9747952854907,8.95463151511626,2.98487717131627,4.97479528552151,4.97479528610711,4.97479528571375,10.9445445902562,7.95967245679981,5.96975434256126,4.97479528553731,6.96471339968377,5.96975434538012,3.97983622837933,4.97479528551196,5.96975434264004,2.98487717792852
2.98487717127989,6.96471339965308,3.97983622837319,2.98487717127989,5.96975434255978,4.97479528546648,1.98991811418659,6.96471339965308,7.95967245674638,0.994959057093297,5.96975434255978,4.97479528546648,9.94959057093297,4.97479528546648,4.97479528546648,8.95463151383967,2.98487717127989,4.97479528546648,4.97479528546648,4.97479528546648,10.9445445902071,7.95967245674638,5.96975434255978,4.97479528546648,6.96471339965308,5.96975434255978,3.97983622837319,4.97479528546648,5.96975434255978,2.98487717127989
2.98487717127989,6.96471339965308,3.97983622837319,2.98487717127989,5.96975434255978,4.97479528546648,1.98991811418659,6.96471339965308,7.95967245674638,0.994959057093297,5.96975434255978,4.97479528546648,9.94959057093297,4.97479528546648,4.97479528546648,8.95463151383967,2.98487717127989,4.97479528546648,4.97479528546648,4.97479528546648,10.9445445902071,7.95967245674638,5.96975434255978,4.97479528546648,6.96471339965308,5.96975434255978,3.97983622837319,4.97479528546648,5.96975434255978,2.98487717127989
2.98487717127989,6.96471339965308,3.97983622837319,2.98487717127989,5.96975434255978,4.97479528546648,1.98991811418659,6.96471339965308,7.95967245674638,0.994959057093297,5.96975434255978,4.97479528546648,9.94959057093297,4.97479528546648,4.97479528546648,8.95463151383967,2.98487717127989,4.97479528546648,4.97479528546648,4.97479528546648,10.9445445902071,7.95967245674638,5.96975434255978,4.97479528546648,6.96471339965308,5.96975434255978,3.97983622837319,4.97479528546648,5.96975434255978,2.98487717127989
2.98487717127989,6.96471339965308,3.97983622837319,2.98487717127989,5.96975434255978,4.97479528546648,1.98991811418659,6.96471339965308,7.95967245674638,0.994959057093297,5.96975434255978,4.97479528546648,9.94959057093297,4.97479528546648,4.97479528546648,8.95463151383967,2.98487717127989,4.97479528546648,4.97479528546648,4.97479528546648,10.9445445902071,7.95967245674638,5.96975434255978,4.97479528546648,6.96471339965308,5.96975434255978,3.97983622837319,4.97479528546648,5.96975434255978,2.98487717127989
2.98487717127989,6.96471339965308,3.97983622837319,2.98487717127989,5.96975434255978,4.97479528546648,1.98991811418659,6.96471339965308,7.95967245674638,0.994959057093297,5.96975434255978,4.97479528546648,9.94959057093297,4.97479528546648,4.97479528546648,8.95463151383967,2.98487717127989,4.97479528546648,4.97479528546648,4.97479528546648,10.9445445902071,7.95967245674638,5.96975434255978,4.97479528546648,6.96471339965308,5.96975434255978,3.97983622837319,4.97479528546648,5.96975434255978,2.98487717127989
2.98487717127989,6.96471339965308,3.97983622837319,2.98487717127989,5.96975434255978,4.97479528546648,1.98991811418659,6.96471339965308,7.95967245674638,0.994959057093297,5.96975434255978,4.97479528546648,9.94959057093297,4.97479528546648,4.97479528546648,8.95463151383967,2.98487717127989,4.97479528546648,4.97479528546648,4.97479528546648,10.9445445902071,7.95967245674638,5.96975434255978,4.97479528546648,6.96471339965308,5.96975434255978,3.97983622837319,4.97479528546648,5.96975434255978,2.98487717127989
2.98487717127989,6.96471339965308,3.97983622837319,2.98487717127989,5.96975434255978,4.97479528546648,1.98991811418659,6.96471339965308,7.95967245674638,0.994959057093297,5.96975434255978,4.97479528546648,9.94959057093297,4.97479528546648,4.97479528546648,8.95463151383967,2.98487717127989,4.97479528546648,4.97479528546648,4.97479528546648,10.9445445902071,7.95967245674638,5.96975434255978,4.97479528546648,6.96471339965308,5.96975434255978,3.97983622837319,4.97479528546648,5.96975434255978,2.98487717127989
2.98487717127989,6.96471339965308,3.97983622837319,2.98487717127989,5.96975434255978,4.97479528546648,1.98991811418659,6.96471339965308,7.95967245674638,0.994959057093297,5.96975434255978,4.97479528546648,9.94959057093297,4.97479528546648,4.97479528546648,8.95463151383967,2.98487717127989,4.97479528546648,4.97479528546648,4.97479528546648,10.9445445902071,7.95967245674638,5.96975434255978,4.97479528546648,6.96471339965308,5.96975434255978,3.97983622837319,4.97479528546648,5.96975434255978,2.98487717127989
