244.920517086364
240.079577863348
236.561090872669
259.889023910476
239.229654666637
232.498986112411
241.272069059771
244.767243241545
249.614875765954
235.587919271204
248.728039058662
238.173604306063
247.37227060076
252.104555128939
249.090024885264
235.287703592388
251.002629178391
246.558667094409
264.305105710675
241.817655523605
245.584441333058
242.214780275276
249.962727626307
260.962015251808
255.297601408217
243.312257494435
241.128603837232
242.142167743018
232.297231786598
233.227664204097
