44.8954693174513
49.0844789794812
49.0844789794812
49.0844789794812
49.0844789794812
44.8954693174513
1.13686837721616e-12
49.0844789794812
49.0844789794812
49.0844789794812
49.0844789794812
44.8954693174513
49.0844789794812
4.54747350886464e-13
1.13686837721616e-13
49.0844789794812
44.8954693174513
44.8954693174513
49.0844789794812
49.0844789794812
49.0844789794812
44.8954693174513
44.8954693174513
49.0844789794812
49.0844789794812
2.8421709430404e-13
49.0844789794812
49.0844789794812
49.0844789794812
1.47792889038101e-12
