20.7342964269221
20.4125157702363
22.3652099337546
27.1520011919256
22.4088929386746
21.385622811928
20.3196117453213
20.3752850539061
0.312173256683536
21.384302521029
1.12638848513507
0.445332952112494
1.30713231367781
23.8617712912405
22.3141946273156
22.8054463437295
22.9952113820616
20.4459131848321
22.3442932142998
0.312173260399049
2.43944004608193
20.3348605141605
0.312173256463666
20.0490246837198
1.66621638125548
22.3941537436106
20.0524619521693
20.6028211887105
20.3604183007419
0.312173256566894
