21.8917319738398
21.9267838149999
21.390928057594
20.7498954201669
20.4593719510985
20.8349571350377
21.4237233688859
0.811193061054382
23.5563675441063
23.2022403438805
21.3941346826527
20.7508558020754
0.463538191158932
20.5076263927626
2.67587037272187
1.64109013647249
37.3342138626394
21.3323282702777
20.7462610188245
2.58643747207088
20.4144102640998
20.409290141471
0.918139062111095
1.13111570754745
21.1730539439509
20.8422923784042
1.33264475831038
21.1877853356273
29.4201490388687
22.8264462953321
