180.781271677747
180.781271677747
180.781271677747
180.781271677747
180.781271677747
180.781271677747
180.781271677747
180.781271677747
180.781271677747
180.781271677747
180.781271677747
180.781271677747
180.781271677747
180.781271677747
180.781271677747
180.781271677747
180.781271677747
180.781271677747
180.781271677747
180.781271677747
180.781271677747
180.781271677747
180.781271677747
180.781271677747
180.781271677747
180.781271677747
180.781271677747
180.781271677747
180.781271677747
180.781271677747
