0.624099320607911
20.0471154674938
0.484400142367804
0.995539891281851
23.2252955060992
2.61401743567444
0.624099321051972
1.76601133716758e-09
2.61401743470765
20.0494585388742
0.994959057115466
0.994959057560436
1.43609213409945e-09
20.4177965470099
0.624099321624726
6.29825080977753e-11
1.45610101753846e-09
0.624099321539234
21.6506292854733
0.624099322493066
23.084164828439
0.994959058554741
2.27373675443232e-12
1.16414933992428
4.00109456677455e-09
21.6899067607505
1.50885171024129e-09
2.19870344153605e-10
1.24259713629726e-09
2.61401743538681
