24.4224149406541
3.46766736444442
4.74983991734189
25.011589958362
24.1708550877356
4.44592206427478
3.62327281019088
20.9258824814588
4.77495338691597
0.669419308516353
23.1189258465083
24.0387468802101
2.27847933941484
3.61471294071453
23.5095990909995
23.5191629360056
3.42602196834332
23.9970011811697
0.123710700481752
20.4610114786751
0.000846839059704507
4.94183200633006
5.31668031559229
4.51153892246975
22.8771153839302
5.34330065450968
4.58531306186615
4.10882705878021
3.56549918346445
2.02707489130626
