4.54747350886464e-13
4.54747350886464e-13
4.54747350886464e-13
4.54747350886464e-13
4.54747350886464e-13
4.54747350886464e-13
4.54747350886464e-13
4.54747350886464e-13
4.54747350886464e-13
4.54747350886464e-13
4.54747350886464e-13
4.54747350886464e-13
4.54747350886464e-13
4.54747350886464e-13
4.54747350886464e-13
8.16462033981225e-07
4.54747350886464e-13
4.54747350886464e-13
4.54747350886464e-13
4.54747350886464e-13
4.54747350886464e-13
4.54747350886464e-13
4.54747350886464e-13
8.11860445537604e-07
6.36617187410593e-07
4.54747350886464e-13
8.39203039504355e-07
4.54747350886464e-13
4.54747350886464e-13
4.54747350886464e-13
