36794.1397014682,29381.4111867622,30981.6169139844,23081.5820772783,36511.5194297598,21281.2042654623,16291.7461839943,20437.7384713112,17512.4696728196,30818.2776995414,29279.9359445425,28370.7363631058,29240.0680638907,30064.0447361177,36384.9723285568,38156.5374725303,33023.8465106893,29645.8971601652,29812.7969442496,20238.0481525229,21559.8849285855,24409.5735671052,25998.0937311161,25631.323822559,17610.6751263177,24066.6951797656,34422.7253911521,27751.5209687808,34541.7559171336,26781.1619161053
627.301695231344,746.288579355732,698.64193065175,381.621845031582,2548.50821360222,2498.49735064762,429.126682774589,796.555557144515,185.78374527671,1744.2540168558,611.394519044251,522.984521591672,2768.77601218269,513.65855644667,344.092193345018,1166.92190317085,540.909606807268,1863.79963406883,589.881876740397,574.258776166511,281.117309515625,956.395869191278,1355.80585290551,1666.97702724955,307.03709381322,1536.38072809244,1542.83838711851,1400.49482361643,2827.67992401707,2334.01443712227
22.6418906365067,17.0426962764946,36.8099388640497,25.3451367777548,29.956961040913,22.9537217343474,19.867087525321,51.3176023486401,17.6305664940101,69.077452229612,43.5799090066544,18.1503747317377,55.975918871485,24.3280537074527,23.4497584995717,27.9962298518744,22.3363098836493,39.7686080810319,19.3676427495288,8.97413728237962,27.5512110159611,19.2929661390048,38.6956482340829,31.1608093156551,21.5901976988005,25.0998729564526,34.1341938996597,19.9736081814102,35.098371382332,24.132396984533
0.246135218743575,0.1241607321233,0.351462825688316,0.276307425204209,0.455306576682233,0.374720270697026,0.0631282136021127,0.216965461448979,0.171878534928169,0.602811254327605,0.256162539623631,0.116457932950084,0.383217599164198,0.266606363576273,0.232234577605425,0.427624263901464,0.207087026248757,0.271601759606142,0.12371473954164,0.126315899720225,0.151642247478776,0.0950629735025359,0.16370388607254,0.180554246601787,0.183164200977785,0.232900928152162,0.556838459722428,0.20519606215629,0.150426463503095,0.119585258108316
4.95115881449237e-06,1.86723559636448e-06,3.2216761383097e-06,1.72020412492202e-06,2.13970480444914e-06,1.74947126652114e-06,1.90576537306697e-06,2.25616514626381e-06,2.19322521388676e-06,5.13909054689066e-06,3.53191802560104e-06,1.57992064941936e-06,1.88976372328398e-06,2.93090448622024e-06,1.78006888518212e-06,2.31688932217367e-06,1.65591592349301e-06,3.14456440264621e-06,1.34779867266843e-06,2.71173041710426e-06,2.59497119259322e-06,9.87361033821799e-07,1.51411535398438e-06,2.03471603299477e-06,2.79558781812739e-06,2.13555392747367e-06,3.3986857488344e-06,3.22878082670286e-06,4.20256492361659e-06,3.25939492995531e-06
0,0,0,0,0,0,0,0,0,0,0,0,0,0,0,0,0,0,0,0,0,0,0,0,0,0,0,0,0,0
0,0,0,0,0,0,0,0,0,0,0,0,0,0,0,0,0,0,0,0,0,0,0,0,0,0,0,0,0,0
0,0,0,0,0,0,0,0,0,0,0,0,0,0,0,0,0,0,0,0,0,0,0,0,0,0,0,0,0,0
0,0,0,0,0,0,0,0,0,0,0,0,0,0,0,0,0,0,0,0,0,0,0,0,0,0,0,0,0,0
0,0,0,0,0,0,0,0,0,0,0,0,0,0,0,0,0,0,0,0,0,0,0,0,0,0,0,0,0,0
0,0,0,0,0,0,0,0,0,0,0,0,0,0,0,0,0,0,0,0,0,0,0,0,0,0,0,0,0,0
0,0,0,0,0,0,0,0,0,0,0,0,0,0,0,0,0,0,0,0,0,0,0,0,0,0,0,0,0,0
0,0,0,0,0,0,0,0,0,0,0,0,0,0,0,0,0,0,0,0,0,0,0,0,0,0,0,0,0,0
0,0,0,0,0,0,0,0,0,0,0,0,0,0,0,0,0,0,0,0,0,0,0,0,0,0,0,0,0,0
