91920.2592762488,59764.3804397104,520961235.036294,348886.808998762,4001560.36410771,102770.452972052,1668847.07769863,40154.0790301014,7369379.64856935,75923.9462995086,14575723.4742711,79944.764629896,102855816.05744,4087551.44903202,177560.45310991,934920.86452269,40463412.8641923,18745389.7490677,1566018.41014907,202383.062321635,194620.30242272,123709437.465248,199990491.187497,67676.6323187252,821334.206086666,158322.297463634,135975.233919041,110909.97894614,613092241.154917,19465602.3652613
91920.2592762488,59764.3804397104,461648167.947293,348886.808998762,717462.266384933,102770.452972052,1668847.07769863,40154.0790301014,7369379.64856935,75923.9462995086,829134.995122168,79944.764629896,77062532.5157934,4087551.44903202,177560.45310991,145002.139562911,7623400.67518499,73005.5857959088,1566018.41014907,202383.062321635,194620.30242272,102161.691986061,165342436.135376,67676.6323187252,821334.206086666,158322.297463634,135975.233919041,110909.97894614,38225268.3495692,19465602.3652613
91920.2592762488,59764.3804397104,2033745.03176699,348886.808998762,717462.266384933,102770.452972052,272701.365040576,40154.0790301014,121552.184165754,75923.9462995086,317655.604940685,79944.764629896,77062532.5157934,4087551.44903202,177560.45310991,145002.139562911,3270372.91987142,73005.5857959088,1566018.41014907,202383.062321635,194620.30242272,86088.2353412173,39478479.0670685,67676.6323187252,821334.206086666,158322.297463634,135975.233919041,110909.97894614,38225268.3495692,19465602.3652613
91920.2592762488,59764.3804397104,258960.209097987,348886.808998762,717462.266384933,102770.452972052,272701.365040576,40154.0790301014,121552.184165754,75923.9462995086,317655.604940685,79944.764629896,77062532.5157934,284476.297529418,177560.45310991,145002.139562911,222277.002225886,73005.5857959088,1566018.41014907,202383.062321635,194620.30242272,86088.2353412173,206955.198780045,67676.6323187252,821334.206086666,158322.297463634,56818.6669806295,110909.97894614,58559.048372105,126537.829893506
91920.2592762488,59764.3804397104,141544.833578595,348886.808998762,717462.266384933,77300.0462817429,41733.6612857742,40154.0790301014,121552.184165754,75923.9462995086,57970.2782988121,48405.3104507788,77062532.5157934,284476.297529418,78418.1092467838,145002.139562911,64353.5241443208,73005.5857959088,1566018.41014907,20238.0481525229,53927.29798393,44558.5936165164,206955.198780045,67676.6323187252,103764.220414556,33485.479759526,56818.6669806295,110909.97894614,58559.048372105,126537.829893506
65915.0889205539,42777.3216950407,47136.1546932995,42323.5038206562,54021.6908752196,75687.8628203548,41733.6612857742,40154.0790301014,49494.8087758026,75923.9462995086,51170.8504988161,34298.8594850821,104128.555651637,54970.8261735121,36384.9723285568,41810.748607741,51564.7102629725,57397.4697636081,39117.7376483217,20238.0481525229,53927.29798393,44558.5936165164,206955.198780045,67676.6323187252,64580.4821776556,33485.479759526,53662.6728430688,51098.2559923655,41341.426018863,67910.2450086824
36794.1397014682,42777.3216950407,39187.3070762746,31781.4467175146,48469.6631826203,37477.0046840011,27377.816270223,28556.3503469713,44156.4120836018,36102.3544064423,40024.7545239662,34298.8594850821,104128.555651637,42277.2909424228,36384.9723285568,38156.5374725303,47035.8828576121,35362.3937531451,39117.7376483217,20238.0481525229,28093.1236270685,37938.7938556679,30954.9613980986,38107.3267276683,40177.4042201304,32307.3637390723,40456.5702235713,47754.079393111,41341.426018863,40166.2743459705
36794.1397014682,32272.6076334229,30981.6169139844,24336.1191089548,36511.5194297598,22882.1595250864,23879.1502670924,28556.3503469713,24452.0116421549,30818.2776995414,29279.9359445425,28370.7363631058,44149.551080702,35702.2721892758,36384.9723285568,38156.5374725303,35037.4770118301,34148.9596133185,32532.0910882633,20238.0481525229,28093.1236270685,27271.9910938847,30937.1743620931,25631.323822559,25611.3518562179,24066.6951797656,40456.5702235713,27751.5209687808,41341.426018863,32755.2484439519
19677.3000946836,7572.98631619,9323.91335401379,5265.94515897539,24113.6337905012,9291.9220986098,2978.95870105768,8443.22939103234,3387.13018154309,21594.6129986105,12203.3480781239,11357.4354779977,18594.0597551129,8769.01022133665,9588.07942666595,17931.3049348535,6693.24091074188,13558.7052528851,5676.90603085227,4330.64639125633,6320.25243713347,4994.57605665757,21931.2506469191,9910.18236560106,4497.33162356139,8911.44129330012,19980.5059064585,6745.8952613029,18400.3675973981,4972.87027191216
67.8976338745838,33.9427552881152,51.3352865358669,78.1056449984252,162.773281008328,37.4842034156943,20.3146944245299,165.7044466031,43.8285586162132,106.173289298865,89.2870579309991,35.6174709490584,201.65099518682,24.3280537074527,79.1367840483192,59.514508273439,37.8951398531586,50.9564395158332,32.5703627243636,35.0263903481578,47.6242261893302,89.1506643433777,88.1711567606904,38.3197290690669,23.9014746922543,43.7770095845785,72.1461217676916,35.3746831102201,37.6784124229312,72.1460756509002
0.246135218743575,0.1241607321233,0.351462825688316,0.276307425204209,0.455306576682233,0.374720270697026,0.0631282136021127,0.216965461448979,0.171878534928169,0.602811254327605,0.256162539623631,0.116457932950084,0.383217599164198,0.266606363576273,0.232234577605425,0.427624263901464,0.207087026248757,0.271601759606142,0.12371473954164,0.126315899720225,0.151642247478776,0.0950629735025359,0.16370388607254,0.180554246601787,0.183164200977785,0.232900928152162,0.556838459722428,0.20519606215629,0.150426463503095,0.119585258108316
3.48558348264305e-05,1.93759471471822e-05,1.16779939958178e-05,9.86309458994583e-06,1.77158779592901e-05,1.68832844451572e-05,5.80444668685232e-06,1.7043770753844e-05,1.18137767231019e-05,5.14707211891618e-05,1.61821049005084e-05,1.2047220934619e-05,2.145073307247e-05,2.27689836833633e-05,1.08256888324831e-05,3.91969795714431e-05,1.16074066340843e-05,2.50326119726196e-05,1.4800231724621e-05,1.23682603998532e-05,1.90754196864873e-05,1.65871126114325e-05,2.0373566883336e-05,2.44575524561697e-05,1.3890791024096e-05,2.72954854949603e-05,2.22029156589088e-05,3.41823782150641e-05,2.61413690623158e-05,1.31517807631099e-05
6.82121026329696e-13,5.11590769747272e-13,4.54747350886464e-13,2.8421709430404e-13,9.09494701772928e-13,3.97903932025656e-13,3.41060513164848e-13,9.09494701772928e-13,6.25277607468888e-13,8.5265128291212e-13,8.5265128291212e-13,3.41060513164848e-13,1.36424205265939e-12,1.4210854715202e-12,7.38964445190504e-13,1.36424205265939e-12,5.6843418860808e-13,1.87583282240666e-12,3.41060513164848e-13,3.97903932025656e-13,8.5265128291212e-13,3.97903932025656e-13,9.66338120633736e-13,8.5265128291212e-13,1.4210854715202e-12,9.09494701772928e-13,1.30739863379858e-12,6.82121026329696e-13,9.09494701772928e-13,5.11590769747272e-13
0,0,0,0,0,0,0,0,0,0,0,0,0,0,0,0,0,0,0,0,0,0,0,0,0,0,0,0,0,0
0,0,0,0,0,0,0,0,0,0,0,0,0,0,0,0,0,0,0,0,0,0,0,0,0,0,0,0,0,0
0,0,0,0,0,0,0,0,0,0,0,0,0,0,0,0,0,0,0,0,0,0,0,0,0,0,0,0,0,0
