9985.88665449148,7972.84217455539,9761.67240942695,7903.79682481067,6327.43010384265,6179.5629169277,5850.85878143203,6211.59616556357,6055.38352646881,5964.94942430124,9168.01389756253,6139.41042495281,6819.88002438965,6826.85788224208,9476.84399383389,6698.13076204481,6651.07598640947,6989.27883194542,7197.21740782821,9679.51352448974,5246.11515926648,5433.17917089443,6308.79921722227,6589.06265293162,8031.15159808802,8396.53245102854,9145.48271554993,8823.95393167961,6893.26606765252,7122.9649343459
5975.05789961115,7972.84217455539,7250.59926103599,7229.23847896344,6327.43010384265,6179.5629169277,5850.85878143203,6211.59616556357,6055.38352646881,5964.94942430124,7114.08243772203,5644.10888584204,6819.88002438965,6826.85788224208,6867.45928195106,6698.13076204481,6651.07598640947,6540.91121936637,6516.94400596279,7543.33581336988,5246.11515926648,5381.98467584312,4806.44848753846,6589.06265293162,7640.20274282137,5693.35885799965,9145.48271554993,6241.70068607863,6893.26606765252,7122.9649343459
5975.05789961115,6332.44768853274,6552.37315073284,7229.23847896344,5485.79920981282,5900.45117328306,5850.85878143203,6211.59616556357,5453.25377008137,5964.94942430124,7114.08243772203,5644.10888584204,6443.20087555976,5433.25157266439,5974.8999715213,6424.05647986693,4445.512692013,6540.91121936637,5966.78999575455,6759.38525281815,5203.7019336947,5336.80911273576,4806.44848753846,6589.06265293162,6217.69683654602,5693.35885799965,6267.74873009422,6241.70068607863,6893.26606765252,5564.52888933746
4957.93298702488,5712.32797558985,4693.9811022089,7229.23847896344,5261.19558066374,5900.45117328306,5850.85878143203,6070.14565708368,4337.32020309309,5964.94942430124,7114.08243772203,5369.23499040343,6443.20087555976,4500.83954612239,5871.2456380722,6251.12851758431,4445.512692013,6540.91121936637,5249.88353020364,6759.38525281815,5115.15485545574,4527.23916310029,4806.44848753846,6363.18438845198,6217.69683654602,5693.35885799965,6267.74873009422,6229.00100821724,5715.22903533944,5481.74205932701
3676.60972564396,3831.45233464632,4689.41006553553,6367.42047436383,5098.05928268548,3479.50458774486,5740.43452024546,4345.83047613844,4337.32020309309,5557.0710938387,6514.44873952437,5347.40535397957,5712.07733838058,4500.83954612239,3875.27127880542,6251.12851758431,4445.512692013,4986.369812473,4434.88685383366,4960.18753652443,4844.5883605181,3991.17258664866,4806.44848753846,5931.06472566054,4743.33430339025,5693.35885799965,6267.74873009422,5007.66457579031,4644.34346361281,3924.3046951378
3676.60972564396,3831.45233464632,4080.35371236528,4832.17312470315,2700.40077500156,2883.09996267476,5165.59280622326,2761.17023920556,3286.59251165578,3869.87604516527,3661.47944459812,4215.04023244442,3066.17725489509,3534.64447231548,3875.27127880542,4876.12107264742,3230.44452783786,3071.81393586469,2192.99450585733,4077.75467418051,2245.60959435493,2530.66012942537,3887.71629192915,3153.59084351818,2875.81242004161,4789.84550824855,4559.33486054094,3690.70134776038,3939.9519023171,2613.29533244259
1409.49279142903,2130.33877195603,2140.03606566496,2800.99619601316,1598.43636284982,1505.73315619204,1510.66336619122,1285.58259102607,1404.47592765888,1764.9177361712,2070.5702114943,2274.41610416347,1536.53756610136,1263.26444967101,1356.73040906561,2512.9122372543,1515.66776012414,1741.11758034008,1204.53051874771,2529.37586829143,1278.0702142466,1278.99108892239,1738.89114465167,1721.3711994264,1549.17156153195,1272.83717476834,1990.01024391448,1555.5935187286,1341.44016275417,1536.62090845891
716.922814742423,831.024046194515,907.87742892186,1189.17291238505,830.242646481162,768.08630434586,807.510290820678,687.920115173859,836.393257086609,848.067598992232,965.037192995106,804.807471400296,736.772554689594,703.58254426501,824.367248164981,839.446943836855,774.613056618075,842.896406372076,817.233422210836,932.551662046264,714.017975250974,687.26810917307,765.085151105732,806.658946507554,794.99658580313,644.874444209247,821.15790480404,846.715487844005,774.374150743513,849.509331679595
414.290279851721,376.709121560378,393.351837372081,374.842981873704,371.699628319329,368.562652625049,366.923960570912,352.72689465494,359.754542003984,363.007655133384,410.083857890823,356.850216720445,374.085999112689,416.396531127696,369.664502738436,404.80787795449,386.130008151217,378.290987646054,383.821177450072,370.381203341373,360.843404722433,356.793857259383,364.666804890977,379.629033528955,383.854207658706,413.673719465924,365.808355119013,364.671682190027,402.296825103989,367.860490112118
400.688983550892,303.358361989786,304.155398529497,304.241336581885,302.7525660884,303.866069695405,304.014766613275,303.436836390596,303.085157931479,303.015991409044,303.806018461371,302.657037739726,302.961800125589,400.729406434632,303.558813499211,304.112162288144,303.871743753562,304.423428427262,302.847984402031,303.938415497344,303.144756457347,304.112056012866,303.214132649468,305.196937555887,303.584104863461,400.83118048025,303.51528009407,303.372981391119,303.755806017311,303.63412420943
400.003724583131,300.017595484026,300.015895405334,300.012689839221,300.028227488016,300.016976440491,300.016233297939,300.016307848116,300.012901227521,300.019977319003,300.018158155012,300.01751289296,300.020009943318,400.004144801291,300.012385766541,300.019749783033,300.023868593918,300.017508601171,300.017857231321,300.017384477326,300.017926640858,300.015888259161,300.012713483602,300.013063765434,300.017067086463,400.004091278473,300.021700585264,300.019349138346,300.020993560492,300.016262432302
400.000000266202,300.000001693431,300.000001385853,300.000001718893,300.000001760941,300.000001439992,300.000001348369,300.000001127738,300.000001655809,300.000001676806,300.000002235287,300.000001084265,300.000001244839,400.000000479968,300.0000013666,300.000001325737,300.000002136664,300.000003066667,300.00000138327,300.000001175377,300.000001359821,300.00000165182,300.000001097341,300.000001538844,300.000001594547,400.0000003446,300.000001975177,300.000001603314,300.000001638148,300.000001183484
400,300.000000000003,300.000000000004,300.000000000003,300.000000000003,300.000000000004,300.000000000004,300.000000000004,300.000000000003,300.000000000003,300.000000000004,300.000000000004,300.000000000004,400,300.000000000003,300.000000000002,300.000000000003,300.000000000003,300.000000000004,300.000000000004,300.000000000004,300.000000000003,300.000000000004,300.000000000003,300.000000000004,400,300.000000000004,300.000000000005,300.000000000003,300.000000000004
400,300.000000000003,300.000000000004,300.000000000003,300.000000000003,300.000000000004,300.000000000004,300.000000000004,300.000000000003,300.000000000003,300.000000000004,300.000000000004,300.000000000004,400,300.000000000003,300.000000000002,300.000000000003,300.000000000003,300.000000000004,300.000000000004,300.000000000004,300.000000000003,300.000000000004,300.000000000003,300.000000000004,400,300.000000000004,300.000000000005,300.000000000003,300.000000000004
400,300.000000000001,300.000000000001,300.000000000002,300.000000000001,300.000000000001,300.000000000001,300.000000000001,300.000000000001,300.000000000001,300.000000000001,300.000000000002,300.000000000001,400,300.000000000002,300.000000000001,300.000000000002,300.000000000001,300.000000000002,300.000000000002,300.000000000002,300.000000000001,300.000000000001,300.000000000001,300.000000000001,400,300.000000000001,300.000000000002,300.000000000002,300.000000000001
400,300.000000000001,300.000000000001,300.000000000001,300.000000000001,300.000000000001,300.000000000001,300.000000000001,300.000000000001,300.000000000001,300.000000000001,300.000000000001,300.000000000001,400,300.000000000001,300.000000000001,300.000000000001,300.000000000001,300.000000000001,300.000000000001,300.000000000001,300.000000000001,300.000000000001,300.000000000001,300.000000000001,400,300.000000000001,300.000000000001,300.000000000001,300.000000000001
