1308.46943733546,2270.67684234764,2242.03933292002,2187.10177994788,2310.032853149,2150.66600421623,1976.19481916998,1506.5872621631,1742.17956237368,2053.50255507923,1849.56232780486,2253.25365626902,1416.80602559491,1946.49999521624,2323.32396188817,2007.18703192717,1850.08563267417,1743.58851117495,1746.94634711239,1676.18878569788,1215.0063241794,1722.62877544221,1986.80225396235,1984.29890164952,1930.56641018132,2090.78542095411,1130.32253505986,1218.66120647705,2406.178007487,1806.64349075765
1308.46943733546,1861.66832013371,2242.03933292002,2187.10177994788,2310.032853149,2150.66600421623,1734.47793405211,1506.5872621631,1742.17956237368,2053.50255507923,1445.19897205227,1845.35940009655,1416.80602559491,1582.83061964317,2102.42179356632,2007.18703192717,1577.69023421,1743.58851117495,1385.61042651267,1676.18878569788,1215.0063241794,1539.71221756738,1975.15456074269,1412.30395206842,1930.56641018132,1736.6848329897,1130.32253505986,1218.66120647705,2116.46375187117,1806.64349075765
1308.46943733546,1775.0244748466,1387.62182456906,1972.36844662367,1768.70743047675,1454.13692005868,1517.90844789148,1294.97093987773,1299.26308116375,2053.50255507923,1445.19897205227,1845.35940009655,1416.80602559491,1582.83061964317,1830.79602012122,1660.12741046306,1577.69023421,1743.58851117495,1385.61042651267,1606.88392311437,1138.43935786639,1539.71221756738,1804.31458274351,1412.30395206842,1315.55897370864,1736.6848329897,1130.32253505986,1218.66120647705,1636.66123191963,1806.64349075765
1280.00863747084,1332.03692430507,1342.3588178725,1090.61478757949,1768.70743047675,1454.13692005868,1517.90844789148,1229.30571158375,1231.23163538317,2007.51164179899,1445.19897205227,1026.11840999147,1100.00355240999,1339.06111184453,1807.41098188177,1193.07881236214,1538.76920198902,1448.29490791292,1385.61042651267,1606.88392311437,1138.43935786639,1408.53719934566,1505.52610611434,1118.41097073572,1216.50881697872,1444.67739039167,1130.32253505986,1218.66120647705,1287.08601842943,1806.64349075765
1248.42610248098,1289.58318501434,1222.93641075096,1090.61478757949,1379.43235256894,1454.13692005868,1228.08447460575,1229.30571158375,1231.23163538317,1920.42798330876,1445.19897205227,1026.11840999147,1100.00355240999,1339.06111184453,1295.45011856836,1193.07881236214,1249.98906250448,1380.43337394953,1385.61042651267,1606.88392311437,1138.43935786639,1408.53719934566,1168.07816683644,1027.87191875387,1216.50881697872,1113.8040529388,1130.32253505986,1209.91038578917,1287.08601842943,1328.43475803294
1248.42610248098,874.810252953918,997.326634814549,939.155575279294,1320.61609018724,1407.44021217666,1225.91563559243,977.892848105867,702.626191737264,1384.67843608347,1155.21449513225,1026.11840999147,1018.29036750458,1237.4288663818,1295.45011856836,821.156213311167,1249.98906250448,1012.05962431721,857.786078862565,870.894821318646,1127.56733232599,1037.31459991533,876.513594448869,1027.87191875387,1018.05519391727,880.203916785819,1130.32253505986,1131.86088313223,1142.41248368793,1163.8971939721
1200.42936806237,874.810252953918,815.916402254467,814.436764091931,933.937694639696,1036.54067627096,884.808468193252,786.981455257385,702.626191737264,1029.89073171046,935.074430232994,834.23957687509,786.059400649968,792.884510309488,989.272712855983,793.858967634329,1085.25432859847,1012.05962431721,823.874509233206,870.894821318646,1019.20154190436,1037.31459991533,723.463791450998,971.294415208203,638.187573261037,710.46424525035,1075.52708878801,811.787674011076,938.899132007153,715.545019515225
728.713935406327,640.40313020636,502.858585267782,484.495508403204,580.29137713895,747.414589951325,510.244968757253,640.852248651111,482.47505226799,719.668741113109,595.106001272693,622.621603990881,501.475426910139,496.74719319525,609.256256512749,481.227250011576,685.530384363927,773.951355434891,614.18111900877,552.337887638838,699.18446277326,805.633209692193,580.331039081705,520.70222612227,638.187573261037,562.468347107582,528.720345306538,495.644760481048,700.374696686479,510.083916123944
508.028040669321,436.971614546304,329.790315830638,409.198749483016,400.268454578384,513.002693299855,369.571168719168,486.543481207817,355.446278000067,425.174827538041,347.8565870221,381.128162704003,381.160019981841,368.500584330865,406.11830660221,326.957129184158,415.453599451522,435.356745256417,385.602534784084,353.914771718339,413.196353160999,469.36887647503,348.900426669854,327.73267531793,421.661773260817,349.308826505764,329.255233458528,376.901107644955,424.722720477654,362.093969512529
327.841778255238,293.776159591359,263.224165856504,302.985623341797,296.686904578505,317.23227229167,287.683307263625,309.836090419134,289.803189271923,312.899969626771,283.351458680995,286.893276903089,297.940255635719,293.507311110453,267.344101556416,290.50943065879,286.693910172294,295.385557939382,292.986106637371,269.995419059215,295.494673723425,348.722431872212,294.544317512768,280.566030429633,304.012064219583,279.145557818822,278.1870699598,281.623133041882,312.657011747496,273.227244627144
259.162862581846,250.194516269541,244.619539678522,275.713100686279,251.606328517122,252.814645670279,247.686004413463,258.019542543513,250.043673682446,264.717618304135,256.141884723465,247.066738128507,245.749360175406,250.431982176205,237.464697385606,253.212936048937,246.581997478571,274.190096222082,263.360240781627,247.197190815669,258.361915780389,293.721394826119,247.110390745977,246.160137819526,254.07733116347,252.85371839341,239.447847033973,249.84335925398,257.563590895958,248.284947621599
254.302212108415,249.407991523234,244.347530456544,275.59518749109,249.430139075626,250.539121356387,246.903475323997,255.016848143953,249.146764740268,262.856603838649,255.83908330623,245.318149830715,244.288724523488,249.989784158727,236.345252785921,252.790553341932,244.665101062096,273.822046283842,262.2938341685,246.405304207658,255.490310407323,292.977885067978,246.672907317187,245.440193561118,253.086822546468,252.646817257832,239.14643033749,249.346863405231,256.230780747829,247.597502102855
254.299945169992,249.407891847275,244.347417767917,275.595184149177,249.426461640394,250.53837562574,246.903046345821,255.015523846527,249.145561055409,262.855183069085,255.839020981954,245.317318678214,244.288564075886,249.98975143161,236.343961762581,252.790461168991,244.659151992314,273.821910321762,262.293512522008,246.405219849628,255.485679335561,292.977431400737,246.67283454683,245.43964779919,253.086434643765,252.646798957684,239.1463146304,249.346776228923,256.2291855136,247.597092454592
254.299945167565,249.407891847251,244.347417767812,275.595184149177,249.42646161815,250.53837562476,246.903046345629,255.0155238417,249.14556104928,262.855183062286,255.839020981949,245.317318677653,244.288564075649,249.989751431609,236.343961756459,252.790461168916,244.659151833622,273.821910321693,262.293512521725,246.405219849613,255.485679328121,292.977431400315,246.672834546814,245.439647798506,253.086434643352,252.646798957684,239.146314630362,249.346776228899,256.229185495577,247.597092453911
254.299945167565,249.407891847251,244.347417767812,275.595184149177,249.42646161815,250.53837562476,246.903046345629,255.0155238417,249.14556104928,262.855183062286,255.839020981949,245.317318677653,244.288564075649,249.989751431609,236.343961756459,252.790461168916,244.659151833622,273.821910321693,262.293512521725,246.405219849613,255.485679328121,292.977431400315,246.672834546814,245.439647798506,253.086434643352,252.646798957684,239.146314630362,249.346776228898,256.229185495577,247.597092453911
254.299945167565,249.407891847251,244.347417767812,275.595184149177,249.42646161815,250.53837562476,246.903046345629,255.0155238417,249.14556104928,262.855183062286,255.839020981949,245.317318677653,244.288564075649,249.989751431609,236.343961756459,252.790461168916,244.659151833622,273.821910321693,262.293512521725,246.405219849613,255.485679328121,292.977431400315,246.672834546814,245.439647798506,253.086434643352,252.646798957684,239.146314630362,249.346776228898,256.229185495577,247.597092453911
