5.69756868849265,6.57138381481582,6.31550329688957,7.58398543583519,5.96045638308988,6.30870472552965,6.4959058376171,6.02507919262348,4.18520734661138,6.440361982882,9.23214761028623,6.91101976871687,6.2912300807817,6.45960303701725,9.36898767202979,6.89674362034634,4.33402083456019,7.30764976811417,5.10085080015745,3.84897676999663,5.0401957026329,5.86296932710945,34.9362238399291,4.45167364650615,4.32411049524171,5.83713220423817,4.79828681692425,25.2965533297062,4.49201957315893,6.63364562179447
0.773973854891324,0.845506940297923,0.613064928182666,0.907008013221343,0.505820345664233,0.848811272565285,0.521842390553957,0.567113416096277,0.70791857754341,0.882784344887455,0.832001641783222,0.743481757898735,0.695068838393013,0.554940314986766,0.788427459324907,0.479657245365161,0.690465658626749,0.707985426835307,0.826407767102751,0.783879289795209,0.520273857052416,0.770243517214112,6.45802289215987,0.926233467673001,0.838621746943886,0.829646931865909,0.747581630444301,4.77656579186851,0.684199561096534,0.866373089053241
0.104376185072624,0.103088006830149,0.063181619152715,0.140608658079714,0.0858685667519694,0.112768077946043,0.0908021935131273,0.120019721383414,0.115531500582165,0.127807651507169,0.122139086476182,0.130228160866977,0.0869161325105097,0.0826236600895527,0.104864295559423,0.0899041467594088,0.0525592290712211,0.143690520431164,0.130588776635818,0.11882134906682,0.0570292048026886,0.106729413683411,1.88194541218593,0.0916197695996743,0.118667631382891,0.0866672512770492,0.109119049667015,1.87233592091957,0.108982804831044,0.132427925841171
0.00316366131960422,0.00173757379172912,0.00205068501725236,0.00333991612626505,0.00172893084675252,0.00277156882407326,0.00296917646710426,0.00234039747681436,0.00233600225203645,0.00353782133731784,0.00301914825354288,0.00158258558224134,0.00231937960734285,0.00190055526604738,0.00219674129436953,0.002927267938162,0.00251295679959185,0.00266100173269024,0.00172021005278111,0.00190099244071007,0.00211577918946659,0.00235580596745422,0.289702569217525,0.00230751335050172,0.00368090896336071,0.00260609543363444,0.00273182299144992,0.167290494274425,0.00224646517642668,0.0029062662126762
3.74825617655006e-07,2.32796878663066e-07,2.48206561082043e-07,4.17530259255727e-07,2.58910176853533e-07,4.43678004558024e-07,3.92398760595825e-07,4.22754055762198e-07,3.29946828969696e-07,4.97308747071656e-07,3.47028958458395e-07,3.69346821571526e-07,3.42950329468295e-07,2.87489228867344e-07,4.54123551207886e-07,3.40632254847151e-07,2.97729798148794e-07,3.6910807921231e-07,4.27219220000552e-07,3.98193947148684e-07,3.64517632078787e-07,3.4101401524822e-07,0.00318375402366655,3.10340169562551e-07,3.15191869049158e-07,2.42183887166902e-07,3.45839225701638e-07,0.00165188036839936,3.51254470842832e-07,3.42427824762126e-07
1.13686837721616e-13,1.13686837721616e-13,1.13686837721616e-13,1.13686837721616e-13,1.13686837721616e-13,1.13686837721616e-13,1.13686837721616e-13,1.13686837721616e-13,1.13686837721616e-13,1.13686837721616e-13,1.13686837721616e-13,1.13686837721616e-13,1.13686837721616e-13,1.13686837721616e-13,1.13686837721616e-13,1.13686837721616e-13,1.13686837721616e-13,1.13686837721616e-13,1.13686837721616e-13,1.13686837721616e-13,1.13686837721616e-13,1.13686837721616e-13,1.65637163718202e-06,1.13686837721616e-13,1.13686837721616e-13,1.13686837721616e-13,1.13686837721616e-13,9.51246079239354e-07,1.13686837721616e-13,1.13686837721616e-13
1.13686837721616e-13,1.13686837721616e-13,1.13686837721616e-13,1.13686837721616e-13,1.13686837721616e-13,1.13686837721616e-13,1.13686837721616e-13,1.13686837721616e-13,1.13686837721616e-13,1.13686837721616e-13,1.13686837721616e-13,1.13686837721616e-13,1.13686837721616e-13,1.13686837721616e-13,1.13686837721616e-13,1.13686837721616e-13,1.13686837721616e-13,1.13686837721616e-13,1.13686837721616e-13,1.13686837721616e-13,1.13686837721616e-13,1.13686837721616e-13,6.38033725408604e-07,1.13686837721616e-13,1.13686837721616e-13,1.13686837721616e-13,1.13686837721616e-13,3.2158470730792e-07,1.13686837721616e-13,1.13686837721616e-13
1.13686837721616e-13,1.13686837721616e-13,1.13686837721616e-13,1.13686837721616e-13,1.13686837721616e-13,1.13686837721616e-13,1.13686837721616e-13,1.13686837721616e-13,1.13686837721616e-13,1.13686837721616e-13,1.13686837721616e-13,1.13686837721616e-13,1.13686837721616e-13,1.13686837721616e-13,1.13686837721616e-13,1.13686837721616e-13,1.13686837721616e-13,1.13686837721616e-13,1.13686837721616e-13,1.13686837721616e-13,1.13686837721616e-13,1.13686837721616e-13,6.36224854133616e-07,1.13686837721616e-13,1.13686837721616e-13,1.13686837721616e-13,1.13686837721616e-13,3.21023549076926e-07,1.13686837721616e-13,1.13686837721616e-13
1.13686837721616e-13,1.13686837721616e-13,1.13686837721616e-13,1.13686837721616e-13,1.13686837721616e-13,1.13686837721616e-13,1.13686837721616e-13,1.13686837721616e-13,1.13686837721616e-13,1.13686837721616e-13,1.13686837721616e-13,1.13686837721616e-13,1.13686837721616e-13,1.13686837721616e-13,1.13686837721616e-13,1.13686837721616e-13,1.13686837721616e-13,1.13686837721616e-13,1.13686837721616e-13,1.13686837721616e-13,1.13686837721616e-13,1.13686837721616e-13,6.36224854133616e-07,1.13686837721616e-13,1.13686837721616e-13,1.13686837721616e-13,1.13686837721616e-13,3.21023549076926e-07,1.13686837721616e-13,1.13686837721616e-13
1.13686837721616e-13,1.13686837721616e-13,1.13686837721616e-13,1.13686837721616e-13,1.13686837721616e-13,1.13686837721616e-13,1.13686837721616e-13,1.13686837721616e-13,1.13686837721616e-13,1.13686837721616e-13,1.13686837721616e-13,1.13686837721616e-13,1.13686837721616e-13,1.13686837721616e-13,1.13686837721616e-13,1.13686837721616e-13,1.13686837721616e-13,1.13686837721616e-13,0,1.13686837721616e-13,1.13686837721616e-13,1.13686837721616e-13,6.36224854133616e-07,1.13686837721616e-13,1.13686837721616e-13,1.13686837721616e-13,1.13686837721616e-13,3.21023549076926e-07,1.13686837721616e-13,1.13686837721616e-13
1.13686837721616e-13,1.13686837721616e-13,1.13686837721616e-13,1.13686837721616e-13,1.13686837721616e-13,1.13686837721616e-13,1.13686837721616e-13,1.13686837721616e-13,1.13686837721616e-13,1.13686837721616e-13,1.13686837721616e-13,1.13686837721616e-13,0,1.13686837721616e-13,1.13686837721616e-13,1.13686837721616e-13,1.13686837721616e-13,1.13686837721616e-13,0,1.13686837721616e-13,1.13686837721616e-13,1.13686837721616e-13,6.36224854133616e-07,1.13686837721616e-13,1.13686837721616e-13,0,1.13686837721616e-13,3.21023549076926e-07,1.13686837721616e-13,0
1.13686837721616e-13,1.13686837721616e-13,1.13686837721616e-13,1.13686837721616e-13,0,1.13686837721616e-13,1.13686837721616e-13,1.13686837721616e-13,1.13686837721616e-13,1.13686837721616e-13,1.13686837721616e-13,1.13686837721616e-13,0,1.13686837721616e-13,1.13686837721616e-13,1.13686837721616e-13,1.13686837721616e-13,1.13686837721616e-13,0,1.13686837721616e-13,1.13686837721616e-13,1.13686837721616e-13,6.36224854133616e-07,1.13686837721616e-13,1.13686837721616e-13,0,1.13686837721616e-13,3.21023549076926e-07,1.13686837721616e-13,0
1.13686837721616e-13,1.13686837721616e-13,1.13686837721616e-13,1.13686837721616e-13,0,1.13686837721616e-13,1.13686837721616e-13,1.13686837721616e-13,0,1.13686837721616e-13,1.13686837721616e-13,1.13686837721616e-13,0,1.13686837721616e-13,1.13686837721616e-13,1.13686837721616e-13,1.13686837721616e-13,1.13686837721616e-13,0,1.13686837721616e-13,1.13686837721616e-13,1.13686837721616e-13,6.36224854133616e-07,1.13686837721616e-13,1.13686837721616e-13,0,1.13686837721616e-13,3.21023549076926e-07,1.13686837721616e-13,0
1.13686837721616e-13,1.13686837721616e-13,1.13686837721616e-13,1.13686837721616e-13,0,1.13686837721616e-13,0,1.13686837721616e-13,0,1.13686837721616e-13,1.13686837721616e-13,1.13686837721616e-13,0,1.13686837721616e-13,1.13686837721616e-13,1.13686837721616e-13,1.13686837721616e-13,1.13686837721616e-13,0,1.13686837721616e-13,1.13686837721616e-13,0,6.36224854133616e-07,1.13686837721616e-13,1.13686837721616e-13,0,1.13686837721616e-13,3.20908839057665e-07,1.13686837721616e-13,0
