119.522095798473,141.756205306137,152.137022733539,136.18763845438,130.588868841693,127.150923073265,138.415805233307,125.200752115349,136.886961967537,159.970596017199,130.106327348219,143.050010421688,146.792226024344,140.563748999863,123.559228111799,160.46998538683,144.845270951576,131.09785574588,140.898500843023,133.7014346189,119.298837124501,121.191644560699,151.053001527055,134.884109511422,141.852485754828,120.001936194907,113.741642854564,120.025566481524,111.880807703831,134.36263639334
116.702332947081,109.204260956566,108.151796184322,105.62203017297,100.765531430636,127.150923073265,108.55860959941,95.5969335840516,106.953107820241,111.611312497222,113.078351160398,116.044487134629,106.638139772311,105.01453732799,105.860454617311,96.8847689053217,109.509107545092,116.503330615293,116.924468977664,129.324177158902,96.7925414082162,95.6956578137407,104.368246360068,121.147406259687,116.512225321329,102.104231850346,95.9423463730496,115.924215866477,107.661964249137,125.209691944259
115.772509997131,96.2679941864711,108.151796184322,103.737394510246,100.765531430636,113.147191163581,90.3440594573837,95.5969335840516,97.4979391272929,99.3770414078401,96.2550252764338,110.625116931037,92.2934931153948,102.599122667509,103.221539365903,96.8847689053217,91.9139464123235,84.3824907840916,85.6154578565511,106.125726177922,96.7925414082162,95.6956578137407,104.368246360068,99.394452327476,105.967163688137,98.897872471165,95.9423463730496,94.3044369609756,107.392081108575,90.2526076297385
70.4637657688143,92.6857391647404,96.5598306697061,103.737394510246,83.2535559442354,102.338725727668,80.4456651315555,92.103365427608,97.4979391272929,99.3770414078401,96.2550252764338,105.38566682129,92.2934931153948,96.9465468043758,103.221539365903,92.1052914747391,91.9139464123235,84.3824907840916,85.6154578565511,88.1515897228993,96.671859193575,88.588062249927,83.6523302359785,92.4713656633503,94.88040877624,93.3742697150708,94.1810604992811,93.0350746926338,89.5885377219381,90.2526076297385
4.08478261466166,7.55267316265827,10.8144424249145,6.25433007415654,4.02260074372214,16.4018846137517,6.88144670490306,6.31186578118559,2.62844313708899,10.5101845448954,24.4402389450046,6.6726291176916,5.01536532065961,7.21689622801489,41.6717534446558,5.36721207517314,38.132887663445,20.1696331823989,5.03355337940775,8.25081174151342,5.97920192694858,5.44518827054833,11.305753874404,78.5796780134435,8.22245453771836,6.00863904690289,15.4564084715252,13.4148715081863,13.8289463132498,1.76407952590068
3.97983622839229,6.96471339971379,2.98487717189732,5.96975434257388,3.97983622837705,9.9495855333995,4.97479528553299,5.96975434259332,1.98991811422502,6.96471339977302,5.96975434311435,5.9697543426272,4.97479528546967,6.96471339972891,4.9747952861976,4.97479528552003,8.95463151513923,6.96471340030348,4.97479528547228,5.96975434280625,5.96975434256092,4.9747952855372,8.95463151393983,3.97983623235473,6.96471339995071,5.96975434256592,7.95967245696784,7.95967245696545,11.9395036473771,0.994959057193455
3.97983622837319,6.96471339965308,2.98487717127989,5.96975434255978,3.97983622837319,9.9495855331138,4.97479528546648,5.96975434255978,1.98991811418659,6.96471339965308,5.96975434255978,5.96975434255978,4.97479528546648,6.96471339965308,4.97479528546648,4.97479528546648,8.95463151383967,6.96471339965308,4.97479528546648,5.96975434255978,5.96975434255978,4.97479528546648,8.95463151383967,3.97983622837319,6.96471339965308,5.96975434255978,7.95967245674638,7.95967245674638,11.9395036473004,0.994959057093297
3.97983622837319,6.96471339965308,2.98487717127989,5.96975434255978,3.97983622837319,9.9495855331138,4.97479528546648,5.96975434255978,1.98991811418659,6.96471339965308,5.96975434255978,5.96975434255978,4.97479528546648,6.96471339965308,4.97479528546648,4.97479528546648,8.95463151383967,6.96471339965308,4.97479528546648,5.96975434255978,5.96975434255978,4.97479528546648,8.95463151383967,3.97983622837319,6.96471339965308,5.96975434255978,7.95967245674638,7.95967245674638,11.9395036473004,0.994959057093297
3.97983622837319,6.96471339965308,2.98487717127989,5.96975434255978,3.97983622837319,9.9495855331138,4.97479528546648,5.96975434255978,1.98991811418659,6.96471339965308,5.96975434255978,5.96975434255978,4.97479528546648,6.96471339965308,4.97479528546648,4.97479528546648,8.95463151383967,6.96471339965308,4.97479528546648,5.96975434255978,5.96975434255978,4.97479528546648,8.95463151383967,3.97983622837319,6.96471339965308,5.96975434255978,7.95967245674638,7.95967245674638,11.9395036473004,0.994959057093297
3.97983622837319,6.96471339965308,2.98487717127989,5.96975434255978,3.97983622837319,9.9495855331138,4.97479528546648,5.96975434255978,1.98991811418659,6.96471339965308,5.96975434255978,5.96975434255978,4.97479528546648,6.96471339965308,4.97479528546648,4.97479528546648,8.95463151383967,6.96471339965308,4.97479528546648,5.96975434255978,5.96975434255978,4.97479528546648,8.95463151383967,3.97983622837319,6.96471339965308,5.96975434255978,7.95967245674638,7.95967245674638,11.9395036473004,0.994959057093297
3.97983622837319,6.96471339965308,2.98487717127989,5.96975434255978,3.97983622837319,9.9495855331138,4.97479528546648,5.96975434255978,1.98991811418659,6.96471339965308,5.96975434255978,5.96975434255978,4.97479528546648,6.96471339965308,4.97479528546648,4.97479528546648,8.95463151383967,6.96471339965308,4.97479528546648,5.96975434255978,5.96975434255978,4.97479528546648,8.95463151383967,3.97983622837319,6.96471339965308,5.96975434255978,7.95967245674638,7.95967245674638,11.9395036473004,0.994959057093297
3.97983622837319,6.96471339965308,2.98487717127989,5.96975434255978,3.97983622837319,9.9495855331138,4.97479528546648,5.96975434255978,1.98991811418659,6.96471339965308,5.96975434255978,5.96975434255978,4.97479528546648,6.96471339965308,4.97479528546648,4.97479528546648,8.95463151383967,6.96471339965308,4.97479528546648,5.96975434255978,5.96975434255978,4.97479528546648,8.95463151383967,3.97983622837319,6.96471339965308,5.96975434255978,7.95967245674638,7.95967245674638,11.9395036473004,0.994959057093297
3.97983622837319,6.96471339965308,2.98487717127989,5.96975434255978,3.97983622837319,9.9495855331138,4.97479528546648,5.96975434255978,1.98991811418659,6.96471339965308,5.96975434255978,5.96975434255978,4.97479528546648,6.96471339965308,4.97479528546648,4.97479528546648,8.95463151383967,6.96471339965308,4.97479528546648,5.96975434255978,5.96975434255978,4.97479528546648,8.95463151383967,3.97983622837319,6.96471339965308,5.96975434255978,7.95967245674638,7.95967245674638,11.9395036473004,0.994959057093297
3.97983622837319,6.96471339965308,2.98487717127989,5.96975434255978,3.97983622837319,9.9495855331138,4.97479528546648,5.96975434255978,1.98991811418659,6.96471339965308,5.96975434255978,5.96975434255978,4.97479528546648,6.96471339965308,4.97479528546648,4.97479528546648,8.95463151383967,6.96471339965308,4.97479528546648,5.96975434255978,5.96975434255978,4.97479528546648,8.95463151383967,3.97983622837319,6.96471339965308,5.96975434255978,7.95967245674638,7.95967245674638,11.9395036473004,0.994959057093297
