6194.45659232386,9832.16878313567,8808.03118700273,9929.40193948557,5697.09133635957,9534.1955112099,10877.4851649045,6123.96152155676,8183.65087139693,9699.26254564149,8660.83223053679,6934.56807624101,7915.02690929164,7707.62742757129,9295.74518015514,10081.3805759286,9397.26287081657,9876.89724740093,10046.7128351627,11120.4785122038,6819.46788519021,8055.46843450399,6138.97100092038,8610.89782475778,9781.89838026155,9470.05032363461,10158.4028285799,7598.62588127873,5606.99874792174,7078.10097083176
6194.45659232386,6759.7834434627,6831.00513127653,9929.40193948557,5697.09133635957,6614.28101958763,10877.4851649045,5762.23288465904,4590.37770399934,6560.65588577506,8660.83223053679,6934.56807624101,7915.02690929164,7707.62742757129,5032.9469455265,8366.39016814535,9397.26287081657,5933.09243079038,1868.87886124267,10134.439976099,6819.46788519021,7932.42425384972,6138.97100092038,8610.89782475778,9049.30031965616,8081.86862690312,3015.73679896693,3559.5234122593,4779.29637843179,7078.10097083176
5247.26822705772,6759.7834434627,6831.00513127653,5743.45434321458,5114.85439651669,6614.28101958763,7546.52456385313,5762.23288465904,4590.37770399934,6560.65588577506,8487.86077500273,6934.56807624101,7915.02690929164,7003.18265467166,4702.90274135402,8274.9229307501,8505.61317657699,5933.09243079038,1868.87886124267,9998.02898287096,6819.46788519021,7932.42425384972,6138.97100092038,5161.53070543415,7933.55204265933,7843.02305049298,3015.73679896693,3559.5234122593,4779.29637843179,7078.10097083176
5247.26822705772,6759.7834434627,3663.95126616975,5634.92079206386,2995.17293363434,6614.28101958763,4022.44067267774,5762.23288465904,4590.37770399934,6560.65588577506,6170.41876335888,2974.45185646984,4957.08194904149,7003.18265467166,4702.90274135402,6531.56521027997,7507.18251122638,5933.09243079038,1868.87886124267,2892.44508735249,6066.92771655362,7065.70392469702,2661.41628482171,3091.82233035925,7042.99202241855,5682.94576679691,3015.73679896693,3559.5234122593,3563.36456143331,6425.91478616922
3661.11767092105,3800.4831767876,3663.95126616975,5634.92079206386,2995.17293363434,5451.46256714724,3238.91294332453,4933.9768033193,4152.32727581762,6560.65588577506,6170.41876335888,2021.59625023371,4752.88125114594,5099.57763005089,2725.93050041131,3091.28314281393,5136.06612455672,2916.75050869081,1868.87886124267,2892.44508735249,4408.4608735325,4263.94175155413,2661.41628482171,3091.82233035925,5414.77928325425,3238.07152103649,3015.73679896693,3559.5234122593,2725.21197065199,3733.53805159345
2243.97766246438,3110.82740514152,3084.4354965632,3381.8145573388,2995.17293363434,5012.14470157121,2785.32134136236,3005.2105607921,4011.54515081358,3009.82602314819,3614.55122151153,2021.59625023371,3406.60361116863,3732.62162507916,2149.5334577729,3048.88715018738,3042.84777956026,1938.35904940137,1868.87886124267,2892.44508735249,2865.6749938204,1702.79536713167,2661.41628482171,3091.82233035925,2056.12888336458,1908.6855884889,3015.73679896693,3532.56939900569,1799.5803171551,1436.94553030249
2243.97766246438,1417.7358038593,1675.07945187902,1536.32281170707,1292.2245353016,2125.11375857884,2381.86220495061,1466.54495024882,2396.84697199909,2429.5903988533,2720.20768564246,1804.30930617646,1632.92858814624,2448.30129933987,1178.46175049466,1267.74242661089,2150.82572664327,1938.35904940137,1188.56650143372,2098.02298872553,942.067856574223,887.975158156748,1734.68536967256,2293.86650449084,1403.88665499014,1120.63411835492,1413.49972412709,1236.21192148534,675.899681330283,485.899419067916
1377.87080050698,523.743105251094,166.3126746018,466.64818597465,201.567110757866,713.980872808338,700.294212239636,307.699299720171,780.091702804542,465.284908879475,871.165714284067,175.107385578025,266.380300700859,726.99903147218,397.839514789588,563.859084982789,313.888303754656,290.708722306077,197.726127558702,802.011690846778,472.428322311945,687.802771844422,447.600044531672,198.752891126165,333.283652710607,235.484955733968,384.108078144744,354.786174899637,108.363376037438,300.276592357321
68.1080200425591,74.0966210968901,67.1090314297746,58.5456564183401,47.8642893909886,104.738773632304,56.6967345459315,35.7982693424842,51.9120663594658,111.506857835809,68.3322744319607,64.4042938785574,62.9063098319477,46.7766569719412,54.3836343119212,32.1031175955858,60.9103412613792,30.9769933152099,32.8699208658503,54.7993325674188,46.5607549287379,93.291067965754,46.1281194193214,26.2183794791998,69.8559366455391,39.3064675826517,48.7487819742399,42.4305992216621,25.2478635788806,50.5194713212047
5.92023111985645,4.73761425905627,3.90273248386836,3.66532437519129,2.44399650437936,4.20482086194397,3.90985707407003,2.74143589727987,2.60781952650768,5.02049283905933,4.32559618596872,5.73985168660568,4.05033228748175,2.29319963478031,3.11624069058496,3.4217292841148,4.76020554868603,2.70420140609531,2.7439951030168,2.61824307360223,2.80920577923291,4.920255162182,5.13856214548423,3.0977972234233,6.64098804327921,3.17096907959092,2.86670169804154,4.58978736296558,3.04556650787833,4.19347745102482
0.300362161113298,0.441439379364283,0.321133917434508,0.151584216879655,0.156072945494884,0.275182331159158,0.193778274309466,0.165106819263883,0.0941963660972078,0.390879623840078,0.410009302133631,0.280619220194012,0.252420636971465,0.200451636384514,0.0771177732691513,0.294119633870537,0.119087277548488,0.132634599641051,0.133112949616816,0.159483318048046,0.38152397114402,0.312036232680043,0.294851507145609,0.128097609765405,0.346316883186887,0.226596304235159,0.192272610893383,0.222396295554063,0.0846498575692749,0.425481451189171
5.19130742304696e-06,5.5185307701322e-06,8.23539460270695e-06,3.25147868807107e-06,4.02205762384256e-06,8.55170276281569e-06,6.79632410083286e-06,2.3087659428711e-06,1.80831148099969e-06,8.03615785116563e-06,4.26383689955401e-06,9.97323479623446e-06,3.60661510967475e-06,2.92671165880165e-06,2.53840653385851e-06,3.09052904867713e-06,6.30735826234741e-06,2.82043799870735e-06,3.76804052848456e-06,4.1938284311982e-06,6.37521452517831e-06,1.62992887453584e-06,6.61435115034692e-06,3.19577281970851e-06,5.83320695568545e-06,4.68490475213912e-06,2.83503015907627e-06,3.60801061560778e-06,2.2722240373696e-06,4.92752371883398e-06
2.27373675443232e-13,2.27373675443232e-13,3.41060513164848e-13,1.13686837721616e-13,2.27373675443232e-13,1.13686837721616e-13,2.27373675443232e-13,1.13686837721616e-13,1.13686837721616e-13,5.6843418860808e-13,2.27373675443232e-13,2.27373675443232e-13,1.13686837721616e-13,1.13686837721616e-13,1.13686837721616e-13,2.27373675443232e-13,2.27373675443232e-13,1.13686837721616e-13,1.13686837721616e-13,1.13686837721616e-13,1.13686837721616e-13,2.27373675443232e-13,2.27373675443232e-13,1.13686837721616e-13,1.13686837721616e-13,1.13686837721616e-13,2.27373675443232e-13,2.27373675443232e-13,1.13686837721616e-13,3.41060513164848e-13
0,0,0,0,0,0,0,0,0,0,0,0,0,0,0,0,0,0,0,0,0,0,0,0,0,0,0,0,0,0
0,0,0,0,0,0,0,0,0,0,0,0,0,0,0,0,0,0,0,0,0,0,0,0,0,0,0,0,0,0
0,0,0,0,0,0,0,0,0,0,0,0,0,0,0,0,0,0,0,0,0,0,0,0,0,0,0,0,0,0
