526.838687367779,513.301912081161,5078.79746317474,865.04104483824,963.112138852905,1052.44240595135,5608.51984944632,1553.9822089299,682.625883637874,2471.71837557947,3222.7906540239,4357.40319021387,2080.30827002183,991.946789869986,1163.33529375503,1226.34279493119,977.240737266284,8251.8032074126,888.161897437944,4940.32020071339,951.932469866512,3902.17121481132,1065.37296972341,2026.85472136052,358.667031548725,1197.37639339808,865.92463864432,1702.21425412801,806.595825809343,2213.59104160567
526.838687367779,513.301912081161,726.865689603565,865.04104483824,963.112138852905,914.796852805942,851.325845077168,816.383620215947,682.625883637874,1545.92210667414,1487.54192558987,1536.6387578049,2080.30827002183,991.946789869986,1163.33529375503,1226.34279493119,615.535141926679,1752.79352128482,888.161897437944,4940.32020071339,951.932469866512,3902.17121481132,1065.37296972341,2026.85472136052,358.667031548725,1104.54670325488,632.504947763001,1702.21425412801,778.791120376501,1766.01002574546
526.838687367779,513.301912081161,726.865689603565,865.04104483824,963.112138852905,914.796852805942,769.389562910592,697.309965183491,682.625883637874,617.611917739643,835.919312031436,1418.83990868678,2080.30827002183,548.742127530469,1163.33529375503,599.54725596782,615.535141926679,242.530769189489,774.108274567513,243.758442298781,756.077415763848,3902.17121481132,1065.37296972341,1780.84136083385,358.667031548725,1104.54670325488,632.504947763001,1702.21425412801,778.791120376501,1766.01002574546
526.838687367779,513.301912081161,603.12816284687,505.009375202831,517.297466902336,914.796852805942,769.389562910592,697.309965183491,331.83209210427,617.611917739643,298.743125992915,1418.83990868678,463.363520641136,548.742127530469,798.801579963277,596.820221707756,615.535141926679,242.530769189489,738.853948757137,243.758442298781,294.037335856118,783.386881699402,589.052352843327,935.52879329727,358.667031548725,1104.54670325488,331.576166283116,1208.34838080693,308.245881809396,881.334740069447
526.838687367779,380.946501106823,603.12816284687,505.009375202831,517.297466902336,914.796852805942,769.389562910592,690.291530620477,331.83209210427,617.611917739643,194.124659041644,502.03166855589,463.363520641136,548.742127530469,746.187313496786,348.403999540792,615.535141926679,242.530769189489,738.853948757137,243.758442298781,294.037335856118,727.32804675739,589.052352843327,302.779903441596,358.667031548725,570.888731456054,331.576166283116,1208.34838080693,308.245881809396,741.023673838483
475.304985701668,357.498725797539,341.413092023846,505.009375202831,421.688750025624,521.820090688208,323.565278534193,526.139720073483,331.83209210427,457.720121838472,194.124659041644,502.03166855589,463.363520641136,548.742127530469,624.261527237725,135.0337297717,435.418606773406,242.530769189489,662.135785638328,243.758442298781,160.636816103221,190.635791202057,589.052352843327,302.779903441596,342.509695304914,568.949879605622,227.373383078373,549.195771428314,308.245881809396,741.023673838483
305.048590910746,81.9261211597318,292.759769666715,197.355952063479,165.760218947122,109.96156875666,323.565278534193,344.705287552136,169.01347874352,106.284699952779,102.013967288286,244.272406511762,436.325990924137,84.9902891492097,389.079517898716,114.110820174714,183.754324139028,242.530769189489,316.272326383153,243.758442298781,160.636816103221,190.635791202057,375.884568600858,120.630070886746,205.762653740564,382.543731389909,144.466755112654,320.516559813459,308.245881809396,440.177912503314
101.93167114309,52.231860356505,52.1880587152305,123.945160176546,48.8617889091151,53.9549391318778,154.881654152676,123.372212617864,64.1869881045927,101.922447733629,55.563551443267,121.046662961071,91.4844772089673,84.9902891492097,234.580749427555,65.5609569587677,68.2159035584909,52.7040467016068,159.087012010508,82.0908846036637,57.4587300891521,84.829291255478,65.9964155712996,79.5624508350879,141.090709451792,88.8218429669946,78.5854291875212,320.516559813459,62.7911886767702,97.0496728581247
55.3606832270789,39.3868921781532,44.4907626652871,54.2627113569492,48.8617889091151,50.4560295385868,45.8770076955248,46.5734565265739,55.1175883808737,47.8707145216244,47.4856459892599,50.5038400328958,62.9484255907246,52.5156314084911,62.3994694797166,50.9836164422882,39.8855469752216,51.3882803896081,68.2520127825524,62.1196036207866,48.6483800786909,44.3194775052721,41.360165047995,38.1204676911616,56.4218442830947,31.8166243977648,48.1032506082311,58.1335744175813,42.0568331239451,60.4359081163143
39.9683479282176,39.38639850461,40.3734740885375,44.0587343598572,48.8617889091151,34.0655890811963,45.8770076955248,41.0371775607505,43.7335651005842,47.8707145216244,41.4798299856484,43.7657674327629,41.5677845408591,35.4761116710642,46.7121779214567,42.6502165292477,39.8855469752216,46.3148109507106,39.4448401810464,46.2410402031687,39.5624639654316,44.3194775052721,40.2876910099185,35.2022820727484,39.7490627970228,31.8166243977648,42.1975246078973,41.4757727483598,42.0568331239451,43.4259220439562
37.8400679008446,34.3277974353223,38.7689389679203,35.9848521779909,39.0083511256103,34.0655890811963,40.0711416090207,36.2076732749938,36.9163755479344,38.1677484396514,40.1427432219025,38.262249881042,39.7359568687775,35.4761116710642,40.9601109522382,35.7615627765995,34.2642188568225,36.6956536058037,37.0940178638025,34.5697974705686,29.4020041922727,38.7051789079301,35.3505087448643,32.154459509673,39.7490627970228,31.8166243977648,40.3811259889862,39.1598210977381,32.1183828269477,37.4624893406944
34.2851435453517,30.2297501425533,37.5181228476231,26.7337129282901,31.62624760669,34.0655890811963,32.8712621661607,31.6112934242656,32.4399397714183,27.600504766458,35.3809086228052,32.570039598837,26.4551758470934,31.6138546627508,28.7065966161394,33.7928618068977,32.4419700657013,33.6671247956365,33.1619237546938,34.1726409777557,27.3436072754816,26.8062936813053,30.7175176701085,29.4750216277016,34.3513511900364,31.8166243977648,34.9561730311334,27.9657719783054,31.4404453781617,33.3723393961727
31.8978554918158,30.2297501425533,29.4801706150606,26.0392200770693,26.4025935830646,31.4750394686921,32.1834107045415,28.3333190401145,32.4399397714183,24.4385841045469,33.1084930840193,29.2113152502898,26.4551758470934,28.1094519401486,26.2373183963914,33.2917381688239,30.7378202356094,32.2962799024826,28.1095384544869,30.1425995038103,26.6277209234058,16.1372642818783,30.7175176701085,27.3283470823267,31.0170937149642,31.8166243977648,31.4405235796476,26.3596781870083,31.4404453781617,31.4882634393648
30.6462367318854,30.2297501425533,29.4801706150606,25.3992989861727,25.6187359739142,30.479227120255,30.1683846926849,27.8992363913171,29.9565687680251,24.4385841045469,31.4333846232339,28.18853711766,25.5878091018317,28.1094519401486,26.2373183963914,32.0374358644212,25.0193533451402,31.917756651882,24.8372005139722,26.9247518065486,25.9456452054856,6.54668711314935,30.2092161796381,6.97378238249394,29.350995511677,31.3711346661521,30.9737584968366,25.8402879580531,29.2474250864711,30.005793016122
28.92893333847,28.6752578710548,29.2298356869978,24.8784778866229,24.8462669728779,30.479227120255,30.1683846926849,27.8992363913171,28.3785383984018,22.6296667249831,30.4685784182584,28.18853711766,25.0106890510447,28.1094519401486,25.151671767288,28.7914100013454,25.0193533451402,30.1638753058778,24.8372005139722,26.9247518065486,25.0640112605674,0.55426555863869,29.170179166405,4.32744709035615,29.350995511677,30.2532884669167,26.0451779750688,25.1689970961761,29.2474250864711,26.135367084451
28.7562927177878,28.4072213465088,25.4164533028397,23.099728791658,24.3510791475051,24.8572221067488,29.3673329910912,27.8992363913171,28.3785383984018,22.3718907108564,29.8344064070866,28.18853711766,24.7415998135657,27.5631808220969,25.151671767288,28.7914100013454,25.0132172585136,29.0520327262625,22.7282183446332,26.9247518065486,1.84604928992576,0.548978229776367,29.170179166405,3.95871526802193,29.2934900506853,28.5820028679477,24.1650136783519,24.9371895914737,25.2479108279508,24.8143325476549
