98.5899451083565,52.231860356505,44.4907626652871,69.2568402864854,48.8617889091151,53.9549391318778,91.3836301233396,59.1215127623918,64.1869881045927,89.7343847453831,47.4856459892599,121.046662961071,91.4844772089673,52.5156314084911,134.014391985142,63.0988401462623,68.2159035584909,52.7040467016068,80.9130770418733,71.1661926248139,57.4587300891521,61.0905698883953,65.9964155712996,74.9779278150727,100.695554108035,83.5049690744427,51.9484950564829,67.9092458217583,42.0568331239451,65.243850680778
39.9683479282176,39.38639850461,40.3734740885375,44.0587343598572,48.8617889091151,38.1501803182637,45.8770076955248,42.5763671410941,43.7335651005842,47.8707145216244,41.6423608264909,45.2318207239286,51.4306652830342,38.3518497361374,46.7121779214567,42.6502165292477,39.8855469752216,46.3148109507106,42.7550934343685,47.7652049778731,40.9829117465856,44.3194775052721,41.360165047995,38.1204676911616,39.7490627970228,31.8166243977648,42.1975246078973,50.9986234901771,42.0568331239451,43.4259220439562
39.9683479282176,39.38639850461,40.3734740885375,35.9848521779909,48.8617889091151,34.0655890811963,40.0711416090207,36.2076732749938,41.8730398005578,47.8707145216244,40.5152642702697,43.7657674327629,41.5677845408591,35.4761116710642,46.7121779214567,41.4691209680313,39.8855469752216,46.3148109507106,37.0940178638025,46.2410402031687,39.5624639654316,44.3194775052721,40.2876910099185,35.2022820727484,39.7490627970228,31.8166243977648,42.1975246078973,39.3053668064836,42.0568331239451,43.109261749104
37.8400679008446,34.3277974353223,38.7689389679203,35.9848521779909,39.0083511256103,34.0655890811963,40.0711416090207,36.2076732749938,36.9163755479344,38.1677484396514,40.1427432219025,38.262249881042,39.7359568687775,35.4761116710642,40.9601109522382,35.7615627765995,34.2642188568225,36.6956536058037,37.0940178638025,34.5697974705686,29.4020041922727,38.7051789079301,35.3505087448643,32.154459509673,39.7490627970228,31.8166243977648,40.3811259889862,39.1598210977381,32.1183828269477,37.4624893406944
34.2851435453517,30.2297501425533,33.7848710980252,26.7337129282901,29.0077946697388,34.0655890811963,32.8712621661607,31.6112934242656,32.4399397714183,27.600504766458,35.3809086228052,29.5288669891152,26.4551758470934,31.6138546627508,27.3417241244838,33.7928618068977,32.4419700657013,33.6671247956365,33.1619237546938,34.0795229579817,27.3436072754816,26.8062936813053,30.7175176701085,29.4750216277016,33.6662032947247,31.8166243977648,32.593690025773,27.9657719783054,31.4404453781617,32.900965184961
31.7867173278478,30.2297501425533,29.4801706150606,26.0392200770693,26.4025935830646,31.4750394686921,30.1683846926849,27.8992363913171,31.2542192298324,24.4385841045469,33.1084930840193,29.2113152502898,25.5878091018317,28.1094519401486,26.2373183963914,33.2917381688239,28.1176955342939,32.2962799024826,27.2658825737867,26.9247518065486,26.4783346000854,10.6768681391554,30.2092161796381,26.5553491124697,29.350995511677,31.3711346661521,30.9737584968366,26.3596781870083,31.4404453781617,31.4882634393648
30.6462367318854,30.2297501425533,29.4801706150606,25.3992989861727,25.6187359739142,30.479227120255,30.1683846926849,27.8992363913171,29.9565687680251,24.4385841045469,31.4333846232339,28.18853711766,25.5878091018317,28.1094519401486,26.2373183963914,32.0374358644212,25.0193533451402,31.917756651882,24.8372005139722,26.9247518065486,25.9456452054856,6.54668711314935,30.2092161796381,6.97378238249394,29.350995511677,31.3711346661521,30.9737584968366,25.8402879580531,29.2474250864711,30.005793016122
30.6462367318854,30.2027392155624,29.2298356869978,25.2761299718341,24.8462669728779,30.479227120255,30.1683846926849,27.8992363913171,29.9565687680251,24.1412524275829,31.1468057064276,28.18853711766,25.4790812917945,28.1094519401486,26.2373183963914,28.7914100013454,25.0193533451402,30.3873305412485,24.8372005139722,26.9247518065486,25.4486975809609,1.04255676653565,30.2092161796381,6.70247046443683,29.350995511677,31.1802676145062,26.4048977403372,25.1689970961761,29.2474250864711,29.2000409263082
28.92893333847,28.6752578710548,29.2298356869978,25.0075680855052,24.8462669728779,30.479227120255,30.1683846926849,27.8992363913171,28.3785383984018,24.1412524275829,30.4685784182584,28.18853711766,25.384573014735,28.1094519401486,25.151671767288,28.7914100013454,25.0193533451402,30.1638753058778,24.8372005139722,26.9247518065486,25.2891565564369,0.588592108292232,29.170179166405,4.32744709035615,29.350995511677,30.2532884669167,26.0451779750688,25.1689970961761,29.2474250864711,26.9470028475148
28.7562927177878,28.6752578710548,29.2298356869978,24.6991418122116,24.3510791475051,30.479227120255,30.1683846926849,27.8992363913171,28.3785383984018,22.6296667249831,30.4685784182584,28.18853711766,25.0106890510447,28.1094519401486,25.151671767288,28.7914100013454,25.0193533451402,30.1638753058778,24.8372005139722,26.9247518065486,24.9117009885958,0.549763138408707,29.170179166405,4.32744709035615,29.350995511677,28.5820028679477,25.8202054167373,25.1689970961761,29.2474250864711,25.7542405624677
28.7562927177878,28.6752578710548,29.2298356869978,24.6991418122116,24.3510791475051,26.1724628375769,29.9088316838938,27.8992363913171,28.3785383984018,22.6296667249831,29.8344064070866,28.18853711766,25.0106890510447,28.1094519401486,25.151671767288,28.7914100013454,25.0193533451402,29.3554387528684,24.8372005139722,26.9247518065486,7.20423260847065,0.549622036804521,29.170179166405,4.02133534369841,29.350995511677,28.5820028679477,24.6950168583144,24.9371895914737,29.2474250864711,25.3752687250362
28.7562927177878,28.5167299217137,26.5826083386842,24.6991418122116,24.3510791475051,26.1633941124423,29.9088316838938,27.8992363913171,28.3785383984018,22.6296667249831,29.8344064070866,28.18853711766,25.0106890510447,28.1094519401486,25.151671767288,28.7914100013454,25.0193533451402,29.0520327262625,24.5582344171939,26.9247518065486,5.57359824235482,0.549502599679727,29.170179166405,3.95871526802193,29.2934900506853,28.5820028679477,24.6950168583144,24.9371895914737,27.7101365534882,25.2859987019301
28.7562927177878,28.4072213465088,26.5826083386842,24.0735846069724,24.3510791475051,25.4156154887205,29.9088316838938,27.8992363913171,28.3785383984018,22.6296667249831,29.8344064070866,28.18853711766,24.7415998135657,28.1094519401486,25.151671767288,28.7914100013454,25.0193533451402,29.0520327262625,24.360549395346,26.9247518065486,1.9001467719213,0.549249239887104,29.170179166405,3.95871526802193,29.2934900506853,28.5820028679477,24.6950168583144,24.9371895914737,25.2479108279508,25.2859987019301
28.7562927177878,28.4072213465088,25.4164533028397,23.099728791658,24.3510791475051,24.8572221067488,29.3673329910912,27.8992363913171,28.3785383984018,22.3718907108564,29.8344064070866,28.18853711766,24.7415998135657,27.5631808220969,25.151671767288,28.7914100013454,25.0132172585136,29.0520327262625,22.7282183446332,26.9247518065486,1.84604928992576,0.548978229776367,29.170179166405,3.95871526802193,29.2934900506853,28.5820028679477,24.1650136783519,24.9371895914737,25.2479108279508,24.8143325476549
