271.181016785912,253.153557747178,280.259246184099,375.345641097721,298.874525318689,369.030839686335,237.416123910822,304.725379226079,378.177768702473,263.697157650698,291.693330302257,259.751243112081,418.642865677761,267.199168848172,258.183598901604,275.165861301641,340.474928877622,288.194734274389,265.29606505622,259.471997393757,254.991759078524,307.479371022788,308.133959182838,257.744696992438,259.675545758894,300.351768133747,261.227353986078,265.766129812778,280.151148897851,288.641534987543
190.839722838555,193.498363671278,189.314671746667,193.663483116864,189.556610470414,194.071407851201,192.806376087728,190.200668108815,200.822200625661,189.797484081467,193.389860849377,192.974122425427,194.976906536671,189.719830962626,187.444892723278,189.9841354946,193.49019299458,192.947682990037,189.618489802658,190.763606539082,192.255588779763,190.917409677037,189.630267537073,189.782293287259,190.437584853022,197.40155363897,190.18006533416,190.60124214322,190.122709754921,190.394169099388
182.409669047051,181.746261195347,181.711103110002,183.074411373655,182.431402523853,182.20189595847,181.718705170501,182.527185738365,182.624824588626,182.30365214932,182.834348271942,183.101361276721,182.880865193863,181.813160108162,181.76037786155,181.92693512968,181.991607600499,183.375640697268,182.038207851534,182.718518244583,181.982903381182,182.511941451166,182.696671961042,182.055105283732,182.384480655165,183.02837060638,182.112097840552,182.735936368544,182.035493305365,182.016632736653
180.842218150275,180.817254025229,180.844766566504,180.872416085739,180.858846187981,180.867096794705,180.824580314668,180.871583792877,180.864788047661,180.861230548325,180.880138425299,180.878903878936,180.860675576876,180.831899469754,180.815652692001,180.823884889057,180.84407438674,180.90587964915,180.839043964553,180.885501123742,180.858417776374,180.873397363845,180.864988729211,180.834950351527,180.859227323582,180.8510971796,180.830486016267,180.856682537886,180.839181993688,180.868015850153
180.781320395826,180.781284920649,180.781297824418,180.781323399704,180.781339504666,180.781329184227,180.781293998981,180.781318640448,180.781316098161,180.781344325517,180.781375770252,180.781345296087,180.781312811486,180.781296821403,180.781281639231,180.781284390891,180.781309073796,180.781371777713,180.781296737428,180.781357847524,180.781318889337,180.781322473377,180.781347512461,180.781300501091,180.781307806419,180.781318524023,180.781300269869,180.781321042098,180.781309651974,180.781350822833
180.781271677782,180.781271677748,180.781271677758,180.781271677767,180.781271677784,180.78127167777,180.781271677754,180.781271677773,180.781271677753,180.781271677786,180.781271677798,180.78127167777,180.781271677753,180.781271677752,180.781271677748,180.781271677748,180.781271677756,180.781271677821,180.781271677749,180.781271677806,180.781271677799,180.781271677766,180.78127167782,180.781271677757,180.78127167776,180.781271677773,180.781271677758,180.781271677792,180.781271677783,180.781271677769
180.781271677747,180.781271677747,180.781271677747,180.781271677747,180.781271677747,180.781271677747,180.781271677747,180.781271677747,180.781271677747,180.781271677747,180.781271677747,180.781271677747,180.781271677747,180.781271677747,180.781271677747,180.781271677747,180.781271677747,180.781271677747,180.781271677747,180.781271677747,180.781271677747,180.781271677747,180.781271677747,180.781271677747,180.781271677747,180.781271677747,180.781271677747,180.781271677747,180.781271677747,180.781271677747
180.781271677747,180.781271677747,180.781271677747,180.781271677747,180.781271677747,180.781271677747,180.781271677747,180.781271677747,180.781271677747,180.781271677747,180.781271677747,180.781271677747,180.781271677747,180.781271677747,180.781271677747,180.781271677747,180.781271677747,180.781271677747,180.781271677747,180.781271677747,180.781271677747,180.781271677747,180.781271677747,180.781271677747,180.781271677747,180.781271677747,180.781271677747,180.781271677747,180.781271677747,180.781271677747
180.781271677747,180.781271677747,180.781271677747,180.781271677747,180.781271677747,180.781271677747,180.781271677747,180.781271677747,180.781271677747,180.781271677747,180.781271677747,180.781271677747,180.781271677747,180.781271677747,180.781271677747,180.781271677747,180.781271677747,180.781271677747,180.781271677747,180.781271677747,180.781271677747,180.781271677747,180.781271677747,180.781271677747,180.781271677747,180.781271677747,180.781271677747,180.781271677747,180.781271677747,180.781271677747
180.781271677747,180.781271677747,180.781271677747,180.781271677747,180.781271677747,180.781271677747,180.781271677747,180.781271677747,180.781271677747,180.781271677747,180.781271677747,180.781271677747,180.781271677747,180.781271677747,180.781271677747,180.781271677747,180.781271677747,180.781271677747,180.781271677747,180.781271677747,180.781271677747,180.781271677747,180.781271677747,180.781271677747,180.781271677747,180.781271677747,180.781271677747,180.781271677747,180.781271677747,180.781271677747
180.781271677747,180.781271677747,180.781271677747,180.781271677747,180.781271677747,180.781271677747,180.781271677747,180.781271677747,180.781271677747,180.781271677747,180.781271677747,180.781271677747,180.781271677747,180.781271677747,180.781271677747,180.781271677747,180.781271677747,180.781271677747,180.781271677747,180.781271677747,180.781271677747,180.781271677747,180.781271677747,180.781271677747,180.781271677747,180.781271677747,180.781271677747,180.781271677747,180.781271677747,180.781271677747
180.781271677747,180.781271677747,180.781271677747,180.781271677747,180.781271677747,180.781271677747,180.781271677747,180.781271677747,180.781271677747,180.781271677747,180.781271677747,180.781271677747,180.781271677747,180.781271677747,180.781271677747,180.781271677747,180.781271677747,180.781271677747,180.781271677747,180.781271677747,180.781271677747,180.781271677747,180.781271677747,180.781271677747,180.781271677747,180.781271677747,180.781271677747,180.781271677747,180.781271677747,180.781271677747
180.781271677747,180.781271677747,180.781271677747,180.781271677747,180.781271677747,180.781271677747,180.781271677747,180.781271677747,180.781271677747,180.781271677747,180.781271677747,180.781271677747,180.781271677747,180.781271677747,180.781271677747,180.781271677747,180.781271677747,180.781271677747,180.781271677747,180.781271677747,180.781271677747,180.781271677747,180.781271677747,180.781271677747,180.781271677747,180.781271677747,180.781271677747,180.781271677747,180.781271677747,180.781271677747
180.781271677747,180.781271677747,180.781271677747,180.781271677747,180.781271677747,180.781271677747,180.781271677747,180.781271677747,180.781271677747,180.781271677747,180.781271677747,180.781271677747,180.781271677747,180.781271677747,180.781271677747,180.781271677747,180.781271677747,180.781271677747,180.781271677747,180.781271677747,180.781271677747,180.781271677747,180.781271677747,180.781271677747,180.781271677747,180.781271677747,180.781271677747,180.781271677747,180.781271677747,180.781271677747
