675.266748362063,959.529345449233,1683.19692728445,1585.73515190001,1677.1013958955,619.106578378932,756.514286493284,1561.85071901856,1330.12994774652,1924.99402073744,1467.14670258717,531.337183528037,912.310810888475,711.734899820016,1362.63812106404,1522.12523853517,1179.60783141172,688.476990917669,1561.33852990719,1973.48253751517,592.843503696634,1393.34573036003,2071.30338722038,1240.89918115857,1424.23731842641,994.171348808114,793.069372185811,1528.5448734069,1657.17195711291,832.895673913071
675.266748362063,959.529345449233,1683.19692728445,869.49917453954,1677.1013958955,619.106578378932,607.555945083318,436.313776279426,595.46981833549,781.490065470062,1357.93975975796,443.140517466145,612.676019467538,711.734899820016,1362.63812106404,340.26221963786,907.517814196047,460.618779922365,1288.84716290965,1973.48253751517,592.843503696634,1393.34573036003,1956.59988984146,1240.89918115857,1424.23731842641,989.644539867691,793.069372185811,1231.19126872496,1473.82361216827,574.96166161009
630.447325767318,623.361546392606,1328.39915579137,828.390931457804,1602.7811356308,374.811211302686,607.555945083318,330.215135896735,500.640963211253,781.490065470062,1357.93975975796,287.703082655295,354.256340812605,711.734899820016,1362.63812106404,340.26221963786,907.517814196047,460.618779922365,1196.28043389225,1702.87014432788,457.43176354925,1393.34573036003,1537.70837153068,1097.99889229612,806.97312207681,788.482635838738,547.621126673773,1218.7022651861,1399.39790766278,400.884424646295
209.966516759095,393.509611881994,479.027731370581,576.699432802097,1302.99329305811,260.394056920843,520.592383461876,221.950926319075,322.238828091134,503.66828111685,777.827177375231,189.388612919382,354.256340812605,421.0499094514,691.398725062723,340.26221963786,242.646494991321,425.44920153518,504.079384195029,1441.28294361937,320.542272585551,1258.67810179592,1138.26234359208,899.842749678744,408.617228489302,239.08622732121,419.785036592614,1218.7022651861,1399.39790766278,245.302596000505
169.325081829539,267.322338142655,201.15884524052,226.462920002248,861.914116406817,189.99957409438,191.598554098818,159.77612833906,230.950468873431,266.86785519689,200.327799401554,159.933067827653,205.439272281796,197.777242240496,329.224001673245,180.27870941843,213.470776313009,169.594866955407,269.703560443832,694.090595977368,178.811002480349,201.842526747103,694.917114167311,827.274569093679,279.593815043405,160.870017786444,225.764228209171,786.791609532652,332.259403450048,202.346620487263
165.651810255893,168.671583663683,164.876463308706,158.599733884251,714.498546855579,154.405186294156,156.997267688829,151.835689833465,178.167585183061,160.232500415914,166.814539532767,159.933067827653,158.257562801994,159.617071235672,168.438051721515,162.29579516546,154.51864733611,154.922701899854,154.175585234372,648.067798842604,155.025104470526,160.2108857956,577.364386300952,505.375095035691,164.588218341855,154.46479823159,156.203888690881,569.556756738406,169.583689426463,156.564560277623
152.370426580575,150.810746128331,129.302756428948,152.053108114033,392.513810427087,151.357885018039,148.104531645795,122.374351967298,142.58350969721,126.62957059255,151.188725143065,145.623258978847,142.728658326198,138.96586569507,152.739431993507,153.358795886796,128.767278533368,121.592231072193,151.8528603655,405.03438788047,132.867390781133,143.986046159087,395.686742408517,365.162538186339,151.944395831367,99.2355087334313,133.534198307129,376.356966306212,153.082965939542,32.7373362493258
10.938136354624,19.0125304059206,15.3015839637806,20.3046176387566,325.813594833189,12.9615635668392,7.47914962558889,13.3743854366107,8.51159454287654,13.0900060055019,18.3401302153948,17.4057860613202,10.2116392877774,15.0181315535779,22.4986359054737,21.1314149112982,15.8090389888944,10.0909757001923,13.5519275782099,321.526621452027,7.19266685110688,17.2278194804712,329.374331895086,322.610238516939,9.79489357272496,14.7804775159443,11.343939889131,323.302825112865,17.816612260659,10.7412051092465
1.77840247307859,1.12453721230895,1.42666710336744,1.23374184917748,302.769482014464,1.31036307741169,1.0251431051006,0.891821836385134,1.00718218667726,0.981207526647268,1.1753158136321,0.886885751993304,1.06799881262214,2.0051428812626,1.62366078906689,1.41872767208588,1.37954846643879,1.0614707478353,0.97173383657946,302.851055116642,0.91827262300103,0.768466528990302,301.534219823941,301.616189083293,1.40207671079361,1.34057523287083,0.836330807173908,301.302671344994,1.11168513344501,1.1463310125082
0.0357683344618636,0.0220027503064557,0.0290512644023693,0.0259768977657586,300.039822203822,0.0238710243484093,0.0258787258585471,0.013536552003643,0.0218783232612623,0.0180809850535297,0.0264682417032418,0.0238952207146212,0.036080614275761,0.0206196219255617,0.0309382556383753,0.023026284046864,0.0332944315596251,0.0265614974509845,0.0258507761318469,300.040340674248,0.0137055784948643,0.0462327196028127,300.022616810773,300.024790090232,0.0270812186563489,0.0220091183368822,0.0160623162360025,300.03863687563,0.0186506571808422,0.0295048330967802
9.29203888517804e-05,0.000140028429541417,0.000126843652651587,5.48434463780723e-05,300.000202139292,6.86407361172314e-05,5.26014132447017e-05,3.9550306610181e-05,8.58014072946389e-05,6.28316911388538e-05,5.11412085870688e-05,7.74389136495301e-05,0.000130963362607872,8.26938912723563e-05,0.000115619008283829,5.16389295626141e-05,0.000108976274532324,4.80287267237145e-05,4.90135062136687e-05,300.000083705767,2.76784116977069e-05,0.000114949123599217,300.00008112433,300.000079274936,9.77666259132093e-05,4.27360837420565e-05,7.1131770255306e-05,300.000076638287,3.93258019357745e-05,4.63305818811932e-05
4.15775502915494e-09,9.30913301999681e-09,8.20273271529004e-09,3.88536136597395e-09,300.000000012477,5.22504706168547e-09,5.25369614479132e-09,3.51246853824705e-09,4.49881554231979e-09,5.14137354912236e-09,4.92491381010041e-09,5.75028025195934e-09,6.71434463583864e-09,5.59975887881592e-09,1.65655364980921e-08,5.24187271366827e-09,8.36280378280208e-09,5.48106982023455e-09,4.77166395285167e-09,300.000000006858,3.46608430845663e-09,5.36238076165318e-09,300.000000006999,300.00000000614,8.67839844431728e-09,2.91129254037514e-09,7.64930518926121e-09,300.000000009747,3.53975337930024e-09,4.82032191939652e-09
4.54747350886464e-13,4.54747350886464e-13,4.54747350886464e-13,4.54747350886464e-13,300,4.54747350886464e-13,4.54747350886464e-13,4.54747350886464e-13,4.54747350886464e-13,4.54747350886464e-13,4.54747350886464e-13,4.54747350886464e-13,4.54747350886464e-13,4.54747350886464e-13,4.54747350886464e-13,4.54747350886464e-13,4.54747350886464e-13,4.54747350886464e-13,4.54747350886464e-13,300,4.54747350886464e-13,4.54747350886464e-13,300,300,4.54747350886464e-13,4.54747350886464e-13,4.54747350886464e-13,300,4.54747350886464e-13,4.54747350886464e-13
4.54747350886464e-13,4.54747350886464e-13,4.54747350886464e-13,4.54747350886464e-13,300,4.54747350886464e-13,4.54747350886464e-13,4.54747350886464e-13,4.54747350886464e-13,4.54747350886464e-13,4.54747350886464e-13,4.54747350886464e-13,4.54747350886464e-13,4.54747350886464e-13,4.54747350886464e-13,4.54747350886464e-13,4.54747350886464e-13,4.54747350886464e-13,4.54747350886464e-13,300,4.54747350886464e-13,4.54747350886464e-13,300,300,4.54747350886464e-13,4.54747350886464e-13,4.54747350886464e-13,300,4.54747350886464e-13,4.54747350886464e-13
4.54747350886464e-13,0,4.54747350886464e-13,0,300,0,0,0,4.54747350886464e-13,0,4.54747350886464e-13,4.54747350886464e-13,0,0,0,0,4.54747350886464e-13,0,0,300,0,0,300,300,4.54747350886464e-13,0,0,300,4.54747350886464e-13,0
0,0,0,0,300,0,0,0,0,0,0,0,0,0,0,0,0,0,0,300,0,0,300,300,0,0,0,300,0,0
