193.779303992614,180.534675242168,207.359909746235,187.069643853917,311.957198781279,182.403034190253,219.131182186753,189.704403929145,199.727351243761,206.444222219136,221.379144524101,202.640486850411,211.112355344639,181.888794839143,180.241624587653,222.586348660886,208.609564073177,185.210013167337,182.424527062086,217.172323225485,180.749395419618,192.529032873807,192.672466168548,208.618411703229,181.386125870816,192.017279981429,183.97991083122,185.756281360458,215.733889069689,212.162667102973
170.814964822416,170.996823605843,172.905920710997,170.129728007376,252.114266656587,167.449930128008,171.465073668783,172.308707862916,167.557156495361,170.717562752014,170.387960069883,172.844448794411,177.669847911721,170.855193723286,170.729443227247,181.117874613009,171.059498645645,169.33547678982,170.595951797374,170.712714470215,169.830991692439,168.083883626588,168.221634842423,171.663632232631,171.63471529315,170.107813574443,168.923585264986,166.66159162139,169.075997965563,172.196379163574
165.181454682057,165.242161463799,165.44511251265,166.045851123429,219.795762622159,165.107176917456,165.331430613232,165.331486651837,165.281313048296,165.422606364327,165.096899484374,165.422363296256,173.311427982507,165.066393006966,165.649343323581,170.416400541598,165.198784472655,165.167268751278,165.878495643854,165.246693895262,165.103181120272,165.089099688892,165.191292352458,165.467448457761,165.149607371377,165.817975743257,165.610788525662,165.121544794955,165.078253000668,165.121897776992
164.975886438373,164.938323358701,164.976130960306,165.26194782368,169.687999232589,164.993015502546,164.927545699113,164.976049275149,164.934241897301,164.941001617936,164.93889370056,164.97593615772,166.35684093562,164.936831246574,165.266554571112,165.422096094995,164.934882359628,164.975914421457,165.258141482644,164.935764676089,164.926355515354,164.940267751977,164.926038820576,164.976117462706,164.939199514897,165.298258999749,164.975981814098,164.975873288816,164.936807284887,164.926491893201
164.975867633902,164.931007916206,164.975867633903,165.212882551862,168.287855680046,164.993015502546,164.92194239751,164.975867633901,164.931009823478,164.93100985646,164.931009577267,164.975867633904,165.830354598796,164.931007917611,165.21277382945,164.665866143278,164.921943180404,164.975867633902,165.212828714909,164.931007921358,164.921942310566,164.931009442763,164.921943549766,164.975867633902,164.931010221615,165.212885274809,164.975867633906,164.975867633902,164.931007914719,164.921942145994
164.975867633901,164.931007902907,164.975867633901,165.212605598912,168.271065474211,164.993015502546,164.921941568008,164.975867633901,164.931007902944,164.931007902922,164.931007902908,164.975867633902,165.825373706359,164.931007902907,165.212605599378,164.637818718219,164.921941568014,164.975867633901,165.212605599306,164.931007902907,164.921941568003,164.931007902915,164.921941568007,164.975867633901,164.931007902921,165.212605599753,164.975867633902,164.975867633901,164.931007902907,164.921941568001
164.975867633901,164.931007902907,164.975867633901,165.212605597857,168.271051501517,164.993015502546,164.921941568002,164.975867633901,164.931007902913,164.931007902914,164.931007902907,164.975867633902,165.825373699973,164.931007902907,165.212605597668,164.637783682309,164.921941568002,164.975867633901,165.212605598002,164.931007902907,164.921941568003,164.931007902915,164.921941568001,164.975867633901,164.931007902908,165.212605597807,164.975867633901,164.975867633901,164.931007902907,164.921941568
164.975867633901,164.931007902907,164.975867633901,165.212605597857,168.271051491226,164.993015502546,164.921941568002,164.975867633901,164.931007902913,164.931007902914,164.931007902907,164.975867633901,165.825373699973,164.931007902907,165.212605597668,164.637783641469,164.921941568002,164.975867633901,165.21260559779,164.931007902907,164.921941568001,164.931007902912,164.921941568001,164.975867633901,164.931007902908,165.212605597807,164.975867633901,164.975867633901,164.931007902907,164.921941568
164.975867633901,164.931007902907,164.975867633901,165.212605597814,168.271051491226,164.993015502546,164.921941568002,164.975867633901,164.931007902913,164.931007902914,164.931007902907,164.975867633901,165.825373699973,164.931007902907,165.212605597668,164.637783641465,164.921941568,164.975867633901,165.21260559779,164.931007902907,164.921941568001,164.931007902912,164.921941568001,164.975867633901,164.931007902908,165.212605597807,164.975867633901,164.975867633901,164.931007902907,164.921941568
164.921941568032,164.92194156802,164.931007903102,165.212605597713,168.271051491226,164.921941568022,164.921941568002,164.931007903012,164.93100790291,164.931007902909,164.931007902907,164.931007903009,165.825373699973,164.921941568004,165.212605597668,164.637783641465,164.921941568,164.931007902971,165.21260559779,164.921941568001,164.921941568001,164.93100790291,164.921941568001,164.931007903029,164.931007902908,165.212605597807,164.931007902958,164.921941568059,164.921941568009,164.921941568
164.921941568,164.921941568005,164.931007902907,165.212605597661,168.271051491226,164.921941568,164.921941568,164.931007902907,164.931007902907,164.931007902907,164.931007902907,164.931007902907,165.825373699973,164.921941568004,165.212605597661,164.637783641465,164.921941568,164.931007902907,165.212605597661,164.921941568001,164.921941568,164.931007902907,164.921941568,164.931007902907,164.931007902907,165.212605597661,164.931007902907,164.921941568,164.921941568001,164.921941568
164.921941568,164.921941568005,164.931007902907,165.212605597661,168.271051491226,164.921941568,164.921941568,164.931007902907,164.931007902907,164.931007902907,164.931007902907,164.931007902907,165.825373699973,164.921941568002,165.212605597661,164.637783641465,164.921941568,164.931007902907,165.212605597661,164.921941568001,164.921941568,164.931007902907,164.921941568,164.931007902907,164.931007902907,165.212605597661,164.931007902907,164.921941568,164.921941568001,164.921941568
164.921941568,164.921941568002,164.931007902907,165.212605597661,168.271051491226,164.921941568,164.921941568,164.931007902907,164.931007902907,164.931007902907,164.931007902907,164.931007902907,165.825373699973,164.921941568001,165.212605597661,164.637783641465,164.921941568,164.931007902907,165.212605597661,164.921941568001,164.921941568,164.931007902907,164.921941568,164.931007902907,164.931007902907,165.212605597661,164.931007902907,164.921941568,164.921941568001,164.921941568
164.921941568,164.921941568001,164.931007902907,165.212605597661,168.271051491226,164.921941568,164.921941568,164.931007902907,164.931007902907,164.931007902907,164.931007902907,164.931007902907,164.542482485669,164.921941568001,165.212605597661,164.637783641465,164.921941568,164.931007902907,165.212605597661,164.921941568001,164.921941568,164.931007902907,164.921941568,164.931007902907,164.931007902907,165.212605597661,164.931007902907,164.921941568,164.921941568001,164.921941568
