53.0418400237102,56.2860664937575,54.7875249231492,58.5098492888059,52.2720233602267,53.4135121658307,55.2618323448318,54.7588968597947,57.2532847747739,53.2693105159835,52.9275767213253,54.3361898476221,55.3726265987456,57.2930199985761,53.7827010864414,53.1942692655632,53.821932623584,55.7142537054949,52.7623459743723,55.1285765943712,56.719454899202,55.7145291143833,57.7537937724908,54.7291371061492,53.9499858143411,55.4700176477245,53.5573227656308,57.8406707000983,53.4940887361962,52.8626629283708
49.2336989857976,49.2832087302079,49.2195710846657,49.2306209272484,45.1082597817436,45.1196764520636,49.2217004140618,49.2343646069384,49.2795151301483,49.2549599686569,49.2154581286215,49.2413631051,49.2982067001859,49.3055396783563,49.2278167174533,49.3060574221281,49.2500677724322,49.2395664500041,49.2274078757833,49.2494329409768,49.1989694896332,49.2549067244413,49.245871391924,49.2480608977771,45.1517748650955,49.2596633771925,49.2010913488994,49.3175247123032,49.2254473951432,45.0884022386414
49.0906896621111,49.0964800356982,49.0910436696419,49.0938139195449,44.9042906774667,44.9065779594298,49.0938803971575,49.0957569305648,49.0968932339969,49.0945575501115,49.0951081372558,49.0937341313675,49.0951036195597,49.0931751023056,49.0933485851832,49.1002715731343,49.0954444322271,49.094766817288,49.0932829197803,49.0938931422081,49.0948330810993,49.0950579199049,49.0945081375861,49.0960746434746,44.9067036734244,49.1146200318139,49.0926007776133,49.0925492228401,49.0931730870211,44.9043828206811
49.0844888408764,49.0844997462073,49.084489286251,49.0844923648309,44.8954802525572,44.8954878734924,49.0844898733463,49.084489757901,49.0844905551853,49.0844903687097,49.0844882946473,49.0844910662934,49.0844906188559,49.0844939129365,49.0844877531652,49.0845017818606,49.0844940375688,49.0844933128627,49.0844903571601,49.0844876623453,49.0844980463434,49.084490831869,49.0844901321648,49.0844912597127,44.8954842387059,49.0844947376154,49.084491318622,49.0844950901507,49.0844925588935,44.8954817881562
49.0844790066574,49.0844791311801,49.0844790723237,49.084478988875,44.8954693326547,44.8954693890493,49.0844790290872,49.0844790152937,49.0844790192002,49.0844790413551,49.0844790551211,49.0844790752083,49.0844790674836,49.0844790217057,49.0844790105047,49.0844789924372,49.0844789980349,49.0844790170473,49.0844790173874,49.0844791223958,49.084479044599,49.0844790570539,49.084479137213,49.0844789850532,44.8954693626342,49.0844790262939,49.0844790663111,49.0844790334262,49.0844789986805,44.8954694148534
49.0844790066574,49.0844790270402,49.0844790198651,49.084478988875,44.8954693326547,44.8954693556535,49.0844790175873,49.0844790142027,49.0844789983278,49.0844789994605,49.0844789883531,49.0844790016832,49.0844789994698,49.0844790217057,49.0844790096234,49.0844789924372,49.0844789980349,49.0844789956353,49.0844790173874,49.0844790079504,49.0844790085275,49.0844790030376,49.0844790124438,49.0844789850532,44.8954693626342,49.0844790103234,49.0844790202797,49.0844790057263,49.0844789986805,44.8954693620393
49.0844790066574,49.0844789955584,49.0844790198651,49.084478988875,44.8954693326547,44.8954693496503,49.0844790175873,49.0844789963454,49.0844789983278,49.0844789994605,49.0844789883531,49.0844790016832,49.0844789958351,49.0844789864477,49.0844790096234,49.0844789924372,49.0844789897841,49.0844789956353,49.0844790173874,49.08447899633,49.0844789850952,49.0844790030376,49.0844790124438,49.0844789850532,44.8954693524349,49.0844790019073,49.0844790202797,49.0844789856749,49.084478985235,44.8954693481359
49.0844790066574,49.0844789955584,49.084478998662,49.084478988875,44.8954693326547,44.8954693321349,49.0844789926177,49.0844789963454,49.0844789983278,49.0844789994605,49.0844789839019,49.084479001417,49.0844789958351,49.0844789864477,49.0844790096234,49.0844789924372,49.0844789897841,49.0844789956353,49.0844790020249,49.08447899633,49.0844789850952,49.0844789880043,49.0844790075066,49.0844789850532,44.8954693490389,49.0844789937931,49.0844790202797,49.0844789856749,49.084478985235,44.8954693481359
49.0844789794812,49.0844789794812,49.0844789794813,49.0844789794812,44.8954693174513,44.8954693174513,49.0844789794813,49.0844789794812,49.0844789794813,49.0844789794812,49.0844789794812,49.0844789794812,49.0844789794812,49.0844789794812,49.0844789794812,49.0844789794812,49.0844789794812,49.0844789794812,49.0844789794813,49.0844789794812,49.0844789794812,49.0844789794812,49.0844789794812,49.0844789794812,44.8954693174513,49.0844789794812,49.0844789794812,49.0844789794812,49.0844789794812,44.8954693174513
49.0844789794812,49.0844789794812,49.0844789794812,49.0844789794812,44.8954693174513,44.8954693174513,49.0844789794812,49.0844789794812,49.0844789794812,49.0844789794812,49.0844789794812,49.0844789794812,49.0844789794812,49.0844789794812,49.0844789794812,49.0844789794812,49.0844789794812,49.0844789794812,49.0844789794812,49.0844789794812,49.0844789794812,49.0844789794812,49.0844789794812,49.0844789794812,44.8954693174513,49.0844789794812,49.0844789794812,49.0844789794812,49.0844789794812,44.8954693174513
49.0844789794812,49.0844789794812,49.0844789794812,49.0844789794812,44.8954693174513,44.8954693174513,49.0844789794812,49.0844789794812,49.0844789794812,49.0844789794812,49.0844789794812,49.0844789794812,49.0844789794812,49.0844789794812,49.0844789794812,49.0844789794812,49.0844789794812,49.0844789794812,49.0844789794812,49.0844789794812,49.0844789794812,49.0844789794812,49.0844789794812,49.0844789794812,44.8954693174513,49.0844789794812,49.0844789794812,49.0844789794812,49.0844789794812,44.8954693174513
49.0844789794812,49.0844789794812,49.0844789794812,49.0844789794812,44.8954693174513,44.8954693174513,49.0844789794812,49.0844789794812,49.0844789794812,49.0844789794812,49.0844789794812,49.0844789794812,49.0844789794812,49.0844789794812,49.0844789794812,49.0844789794812,49.0844789794812,49.0844789794812,49.0844789794812,49.0844789794812,49.0844789794812,49.0844789794812,49.0844789794812,49.0844789794812,44.8954693174513,49.0844789794812,49.0844789794812,49.0844789794812,49.0844789794812,44.8954693174513
49.0844789794812,49.0844789794812,49.0844789794812,49.0844789794812,44.8954693174513,44.8954693174513,49.0844789794812,49.0844789794812,49.0844789794812,49.0844789794812,49.0844789794812,49.0844789794812,49.0844789794812,49.0844789794812,49.0844789794812,49.0844789794812,49.0844789794812,49.0844789794812,49.0844789794812,49.0844789794812,49.0844789794812,49.0844789794812,49.0844789794812,49.0844789794812,44.8954693174513,49.0844789794812,49.0844789794812,49.0844789794812,49.0844789794812,44.8954693174513
49.0844789794812,49.0844789794812,49.0844789794812,49.0844789794812,44.8954693174513,44.8954693174513,49.0844789794812,49.0844789794812,49.0844789794812,49.0844789794812,49.0844789794812,49.0844789794812,49.0844789794812,49.0844789794812,49.0844789794812,49.0844789794812,49.0844789794812,49.0844789794812,49.0844789794812,49.0844789794812,49.0844789794812,49.0844789794812,49.0844789794812,49.0844789794812,44.8954693174513,49.0844789794812,49.0844789794812,49.0844789794812,49.0844789794812,44.8954693174513
