112.489376685186,110.792628958571,103.368644227922,101.348721395275,109.408337872104,114.693750977998,100.21988056434,97.2797196780979,117.089533636291,124.063081727882,122.486501121618,108.222534027727,112.867800267044,122.156495037507,110.939978748529,112.613332996418,113.058948787607,106.260573934251,111.871351135406,97.2619150372597,111.778128328337,87.7969121873502,117.818499363499,105.353088277874,95.6139427709426,99.8955162346253,124.998955692447,102.974085609021,117.119727191389,115.286508863151
89.1621747946207,99.2361847387912,87.3312720678897,92.4346237859692,91.183203880037,97.6642727780502,100.21988056434,97.2797196780979,95.7894352542584,102.177094318684,89.7233694492927,86.9279791452823,106.571297589031,100.132810164341,89.3539852981189,104.955313853777,110.599426698363,91.9554301398908,102.204710244866,97.1088945111298,102.07606710244,87.7969121873502,85.2051133652579,101.642546049309,95.6139427709426,99.8955162346253,105.745710004916,102.974085609021,109.223838336529,94.6645530929521
89.1621747946207,98.4662799136734,87.3312720678897,77.5833782718212,89.5588451920254,88.3442015440871,94.7560325452941,81.2385341574504,83.2161861336385,102.177094318684,89.7233694492927,85.2048901440962,83.2988009995904,95.7221859490903,85.0274970672236,84.8189551714164,94.0005245456747,84.1172916820658,100.944108867597,97.1088945111298,95.3351899701272,87.7969121873502,85.2051133652579,101.642546049309,76.974925411027,85.3584290170133,92.1669733336397,100.670888980097,102.278404036478,80.0427474872873
80.9529948996353,11.9155250963111,72.6974134312231,5.3405533901298,14.6230468881993,5.9800080897129,6.33746957445896,4.88278121126393,3.00698415476859,75.7122327405494,6.16003401374098,43.2691321126036,33.5687880313748,7.88508858253931,9.44424176023085,8.97013965294002,21.9379343256114,4.50442817462772,8.74047914810353,91.6394549453551,3.38704318593523,4.36135313046009,5.0544049333314,8.27944395033205,2.2300543556446,61.865116859301,6.14047051322984,5.10801078962402,5.21938220967695,6.24540274752462
8.95463152920036,5.969754344884,3.97983623674509,4.97479528567487,1.98991811702035,2.98487717172827,5.96975434263004,3.97983622862216,2.98487717129728,4.9747953816252,5.96975434270826,5.9697543510149,8.95463152167918,4.97479528717849,3.9798362297596,4.97479528778956,8.95462648144496,1.98991811516851,5.9697543434537,1.98991830955811,2.9848771716446,3.97983622856304,4.97479528550264,3.97983622913034,1.98991811435963,3.97983624068081,5.96975434269859,3.97983622875847,4.97479528558256,3.97983622887534
8.95463151383967,5.96975434255978,3.97983622837319,4.97479528546648,1.98991811418659,2.98487717127989,5.96975434255978,3.97983622837319,2.98487717127989,4.97479528546648,5.96975434255978,5.96975434255978,8.95463151383967,4.97479528546648,3.97983622837319,4.97479528546648,8.95462647602062,1.98991811418659,5.96975434255978,1.98991811418659,2.98487717127989,3.97983622837319,4.97479528546648,3.97983622837319,1.98991811418659,3.97983622837319,5.96975434255978,3.97983622837319,4.97479528546648,3.97983622837319
8.95463151383967,5.96975434255978,3.97983622837319,4.97479528546648,1.98991811418659,2.98487717127989,5.96975434255978,3.97983622837319,2.98487717127989,4.97479528546648,5.96975434255978,5.96975434255978,8.95463151383967,4.97479528546648,3.97983622837319,4.97479528546648,8.95462647602062,1.98991811418659,5.96975434255978,1.98991811418659,2.98487717127989,3.97983622837319,4.97479528546648,3.97983622837319,1.98991811418659,3.97983622837319,5.96975434255978,3.97983622837319,4.97479528546648,3.97983622837319
8.95463151383967,5.96975434255978,3.97983622837319,4.97479528546648,1.98991811418659,2.98487717127989,5.96975434255978,3.97983622837319,2.98487717127989,4.97479528546648,5.96975434255978,5.96975434255978,8.95463151383967,4.97479528546648,3.97983622837319,4.97479528546648,8.95462647602051,1.98991811418659,5.96975434255978,1.98991811418659,2.98487717127989,3.97983622837319,4.97479528546648,3.97983622837319,1.98991811418659,3.97983622837319,5.96975434255978,3.97983622837319,4.97479528546648,3.97983622837319
8.95463151383967,5.96975434255978,3.97983622837319,4.97479528546648,1.98991811418659,2.98487717127989,5.96975434255978,3.97983622837319,2.98487717127989,4.97479528546648,5.96975434255978,5.96975434255978,8.95463151383967,4.97479528546648,3.97983622837319,4.97479528546648,8.95462647602051,1.98991811418659,5.96975434255978,1.98991811418659,2.98487717127989,3.97983622837319,4.97479528546648,3.97983622837319,1.98991811418659,3.97983622837319,5.96975434255978,3.97983622837319,4.97479528546648,3.97983622837319
8.95463151383967,5.96975434255978,3.97983622837319,4.97479528546648,1.98991811418659,2.98487717127989,5.96975434255978,3.97983622837319,2.98487717127989,4.97479528546648,5.96975434255978,5.96975434255978,8.95463151383967,4.97479528546648,3.97983622837319,4.97479528546648,8.95462647602051,1.98991811418659,5.96975434255978,1.98991811418659,2.98487717127989,3.97983622837319,4.97479528546648,3.97983622837319,1.98991811418659,3.97983622837319,5.96975434255978,3.97983622837319,4.97479528546648,3.97983622837319
8.95463151383967,5.96975434255978,3.97983622837319,4.97479528546648,1.98991811418659,2.98487717127989,5.96975434255978,3.97983622837319,2.98487717127989,4.97479528546648,5.96975434255978,5.96975434255978,8.95463151383967,4.97479528546648,3.97983622837319,4.97479528546648,8.95462647602051,1.98991811418659,5.96975434255978,1.98991811418659,2.98487717127989,3.97983622837319,4.97479528546648,3.97983622837319,1.98991811418659,3.97983622837319,5.96975434255978,3.97983622837319,4.97479528546648,3.97983622837319
8.95463151383967,5.96975434255978,3.97983622837319,4.97479528546648,1.98991811418659,2.98487717127989,5.96975434255978,3.97983622837319,2.98487717127989,4.97479528546648,5.96975434255978,5.96975434255978,8.95463151383967,4.97479528546648,3.97983622837319,4.97479528546648,8.95462647602051,1.98991811418659,5.96975434255978,1.98991811418659,2.98487717127989,3.97983622837319,4.97479528546648,3.97983622837319,1.98991811418659,3.97983622837319,5.96975434255978,3.97983622837319,4.97479528546648,3.97983622837319
8.95463151383967,5.96975434255978,3.97983622837319,4.97479528546648,1.98991811418659,2.98487717127989,5.96975434255978,3.97983622837319,2.98487717127989,4.97479528546648,5.96975434255978,5.96975434255978,8.95463151383967,4.97479528546648,3.97983622837319,4.97479528546648,8.95462647602051,1.98991811418659,5.96975434255978,1.98991811418659,2.98487717127989,3.97983622837319,4.97479528546648,3.97983622837319,1.98991811418659,3.97983622837319,5.96975434255978,3.97983622837319,4.97479528546648,3.97983622837319
8.95463151383967,5.96975434255978,3.97983622837319,4.97479528546648,1.98991811418659,2.98487717127989,5.96975434255978,3.97983622837319,2.98487717127989,4.97479528546648,5.96975434255978,5.96975434255978,8.95463151383967,4.97479528546648,3.97983622837319,4.97479528546648,8.95462647602051,1.98991811418659,5.96975434255978,1.98991811418659,2.98487717127989,3.97983622837319,4.97479528546648,3.97983622837319,1.98991811418659,3.97983622837319,5.96975434255978,3.97983622837319,4.97479528546648,3.97983622837319
