259.898916487702,241.838762554738,263.704740996189,266.167285473814,280.453180245008,282.969502388983,225.165629803073,267.81252749912,168.496937647575,266.178844526211,231.995791604264,280.499075901394,209.739980885278,285.256699593467,248.322001846445,274.364745949865,278.400525072233,210.465891958273,286.284852515614,258.958317068766,212.034605767183,261.266333642624,287.337961002195,259.532076828799,236.906823100983,311.783116370728,286.022313578594,278.213348676716,269.567226771009,288.955732360165
251.479106136582,241.838762554738,263.704740996189,222.419309816927,255.545955384884,232.313619174442,225.165629803073,267.81252749912,168.496937647575,261.735891745494,215.387274828575,199.592341752715,209.739980885278,257.121408374486,245.101174521712,241.546299804068,265.142754601733,210.465891958273,286.284852515614,258.958317068766,177.166968358938,210.209204882751,174.086074645721,195.906860975475,212.6322603616,270.361285101188,248.17588090738,274.73781487294,269.567226771009,271.537050288199
200.454221732449,212.871213995568,245.563952021265,220.069586555289,220.578305319175,213.753335560494,208.537345897893,234.282769930112,168.496937647575,215.072442042002,215.387274828575,198.581384102737,208.909106196535,201.234440034215,203.744657360694,228.647077572946,209.153189780057,210.465891958273,255.864898903182,208.876059524946,177.166968358938,210.209204882751,174.086074645721,195.906860975475,212.6322603616,250.094596355258,215.646957904802,232.160574738279,207.384755505535,223.396725752456
200.454221732449,212.871213995568,236.419601396836,210.016124165321,220.578305319175,188.510431178817,208.537345897893,229.817821290014,168.496937647575,215.072442042002,215.387274828575,198.581384102737,208.909106196535,196.891754177389,203.744657360694,226.767623269242,209.153189780057,210.465891958273,227.301295935477,208.876059524946,177.166968358938,208.931907770482,174.086074645721,195.906860975475,212.6322603616,243.153658914352,200.556706104016,229.498370078887,207.384755505535,223.396725752456
198.445412052394,181.905603862895,208.615048503614,205.337955012849,210.808869299676,185.617302252573,192.873670801362,202.153396226792,168.496937647575,215.072442042002,192.991409505704,198.581384102737,190.027782481559,195.503049240701,156.926190570799,196.08943436962,200.645324129613,189.412108122921,158.417414074924,179.632686838822,169.412686657873,179.312598546744,174.086074645721,195.906860975475,212.6322603616,219.514085565904,200.556706104016,218.56556290026,180.180120580637,184.203525440715
160.399568877476,170.056179584245,154.856483414368,161.760240408658,170.250770093086,171.011589620715,179.9963834299,159.328772444755,168.496937647575,161.797818899507,168.643502594815,164.700161501069,144.023089950964,168.460632819432,156.299314768627,175.378489522775,168.342379238816,173.762472323429,158.417414074924,167.635899276973,163.432083716084,176.48598830264,174.086074645721,166.268922360503,175.899747470252,181.305717558513,161.897051157834,200.511331758194,180.180120580637,129.74567887649
128.957871903483,148.057092435934,128.144030958651,126.141987605698,128.80355768838,133.553435593501,132.089471799223,137.862389208374,139.955110044595,142.297412079081,150.298907946466,138.103368933736,141.261830956568,138.87939822038,130.360354098473,143.314569601843,148.299515610483,134.232676052318,144.43906199837,131.428387678236,111.778128328337,140.582217067322,137.272022474275,144.822880513782,139.075498958326,153.758122275907,124.998955692447,102.974085609021,143.107290906656,129.74567887649
112.489376685186,110.792628958571,103.368644227922,101.348721395275,128.80355768838,114.693750977998,118.777652015728,97.2797196780979,117.089533636291,124.063081727882,125.158390587257,108.222534027727,127.053526074087,122.156495037507,118.500253079763,116.35167161094,128.359574340315,120.633228357632,124.997114943328,97.2619150372597,111.778128328337,87.7969121873502,117.818499363499,105.353088277874,95.6139427709426,119.763404838075,124.998955692447,102.974085609021,127.008265148752,115.286508863151
97.4588892729328,101.562875860802,87.3312720678897,92.4346237859692,97.3845099693699,97.6642727780502,100.21988056434,97.2797196780979,102.068238366756,105.614500836263,115.96916271406,86.9279791452823,107.506414581123,109.733178427926,106.502650219516,104.955313853777,110.599426698363,101.501200975127,104.255088333557,97.2619150372597,102.07606710244,87.7969121873502,94.560685709107,105.353088277874,95.6139427709426,99.8955162346253,105.745710004916,102.974085609021,109.459455399482,94.6645530929521
89.1621747946207,99.2361847387912,87.3312720678897,92.4346237859692,89.5588451920254,97.6642727780502,94.7560325452941,81.2385341574504,85.9061003011998,102.177094318684,89.7233694492927,85.2048901440962,83.2988009995904,95.7221859490903,89.3539852981189,103.999210083993,94.0005245456747,84.1172916820658,100.944108867597,97.1088945111298,95.3351899701272,87.7969121873502,85.2051133652579,101.642546049309,81.7400478980522,99.8955162346253,92.1669733336397,102.974085609021,102.278404036478,94.6645530929521
80.9529948996353,11.9155250963111,72.6974134312231,5.3405533901298,14.6230468881993,5.9800080897129,6.33746957445896,4.88278121126393,3.00698415476859,75.7122327405494,6.16003401374098,43.2691321126036,33.5687880313748,7.88508858253931,9.44424176023085,8.97013965294002,21.9379343256114,4.50442817462772,8.74047914810353,91.6394549453551,3.38704318593523,4.36135313046009,5.0544049333314,8.27944395033205,2.2300543556446,61.865116859301,6.14047051322984,5.10801078962402,5.21938220967695,6.24540274752462
8.95463188704844,5.96975444852728,3.97983668968379,4.97479529364011,1.9899183940347,2.98487719243872,5.96975434457738,3.97983624538676,2.98487717215687,4.97479810372852,5.96975434803949,5.96975473914256,8.95463192224702,4.97479537640356,3.97983630449244,4.97479533355761,8.95462671944063,1.98991816134605,5.96975437255605,1.98992864274169,2.98487718381239,3.97983623720938,4.97479528715314,3.9798362724033,1.98991812136899,3.97983678511446,5.96975434568037,3.9798362553521,4.97479529201416,3.97983625169479
8.95463151383967,5.96975434255978,3.97983622837319,4.97479528546648,1.98991811418659,2.98487717127989,5.96975434255978,3.97983622837319,2.98487717127989,4.97479528546648,5.96975434255978,5.96975434255978,8.95463151383967,4.97479528546648,3.97983622837319,4.97479528546648,8.95462647602062,1.98991811418659,5.96975434255978,1.98991811418659,2.98487717127989,3.97983622837319,4.97479528546648,3.97983622837319,1.98991811418659,3.97983622837319,5.96975434255978,3.97983622837319,4.97479528546648,3.97983622837319
8.95463151383967,5.96975434255978,3.97983622837319,4.97479528546648,1.98991811418659,2.98487717127989,5.96975434255978,3.97983622837319,2.98487717127989,4.97479528546648,5.96975434255978,5.96975434255978,8.95463151383967,4.97479528546648,3.97983622837319,4.97479528546648,8.95462647602062,1.98991811418659,5.96975434255978,1.98991811418659,2.98487717127989,3.97983622837319,4.97479528546648,3.97983622837319,1.98991811418659,3.97983622837319,5.96975434255978,3.97983622837319,4.97479528546648,3.97983622837319
8.95463151383967,5.96975434255978,3.97983622837319,4.97479528546648,1.98991811418659,2.98487717127989,5.96975434255978,3.97983622837319,2.98487717127989,4.97479528546648,5.96975434255978,5.96975434255978,8.95463151383967,4.97479528546648,3.97983622837319,4.97479528546648,8.95462647602051,1.98991811418659,5.96975434255978,1.98991811418659,2.98487717127989,3.97983622837319,4.97479528546648,3.97983622837319,1.98991811418659,3.97983622837319,5.96975434255978,3.97983622837319,4.97479528546648,3.97983622837319
8.95463151383967,5.96975434255978,3.97983622837319,4.97479528546648,1.98991811418659,2.98487717127989,5.96975434255978,3.97983622837319,2.98487717127989,4.97479528546648,5.96975434255978,5.96975434255978,8.95463151383967,4.97479528546648,3.97983622837319,4.97479528546648,8.95462647602051,1.98991811418659,5.96975434255978,1.98991811418659,2.98487717127989,3.97983622837319,4.97479528546648,3.97983622837319,1.98991811418659,3.97983622837319,5.96975434255978,3.97983622837319,4.97479528546648,3.97983622837319
