77.9734760258352,94.2776230757847,96.2804038013677,84.430106511611,72.2880117845871,72.3636124913077,111.592242686641,103.679163968873,89.2451527320609,101.131832020392,91.3802447297571,80.6470173556088,90.7248951270642,78.1657692659837,96.7861344496185,77.1931742645561,87.8621955955409,91.6430253917225,63.8058346502339,82.1368821278471,73.4525044413683,104.981355063528,78.0030140574983,97.8501337673337,66.9753287483461,74.7532117718663,68.2975445764142,73.9587111139238,78.1103828935873,102.307608728326
77.9734760258352,85.3355638548666,74.8568235485199,84.430106511611,72.2880117845871,72.3636124913077,93.2946605456173,79.2805850198735,89.2451527320609,101.131832020392,88.1114210703684,80.5824738050967,81.5527712733915,78.1657692659837,85.690132164438,46.7538824329199,83.4312627089625,87.5407556261913,63.8058346502339,82.1368821278471,73.4525044413683,90.5840599400622,78.0030140574983,79.7556243522403,66.9753287483461,74.7532117718663,68.2975445764142,73.9587111139238,78.1103828935873,57.9449481456641
56.9892427175031,79.3359098117282,74.8568235485199,77.6976920312566,70.5636325457209,72.3636124913077,85.1279136517994,61.7356896562751,58.492285455904,71.6605292160067,81.8407909678209,73.8159492835208,65.1796755145796,74.2801991863064,62.9966251610672,46.7538824329199,81.3329561991782,59.4131341808992,63.8058346502339,82.1368821278471,56.0884369728884,77.0013967000414,53.3459821390446,76.3131111574115,66.9753287483461,58.9983407369051,57.4703912278226,73.9587111139238,73.2305853604339,57.9449481456641
56.9892427175031,68.854174825528,62.6030012800736,66.4236846156181,65.1714517181448,57.473991163016,74.1735608220673,61.7356896562751,58.492285455904,50.5908297915345,81.8407909678209,56.6902951625434,60.6112973605359,55.0298842599357,62.9966251610672,46.7538824329199,65.7339226730634,59.4131341808992,57.2816998785537,64.5303549440387,56.0884369728884,61.7048420450269,53.3459821390446,75.9032720914786,66.9753287483461,54.7899644510103,57.4703912278226,69.8040197625235,73.2305853604339,57.9449481456641
53.0722056919848,63.2919776013553,47.6362724647347,48.9999264650456,43.266007340178,56.7860581945068,67.061917726866,43.0835769425141,53.9449133760608,42.1758532029601,70.6369530591177,41.5189507315905,60.6112973605359,41.8232454830361,58.2325524002608,46.7538824329199,52.5398788961622,59.4131341808992,55.6810795786021,63.517874422923,56.0884369728884,61.7048420450269,48.6976819766663,63.4074067280419,56.3540539941861,53.2563424253908,57.4703912278226,42.7353280403879,59.5026780476377,57.9449481456641
35.712012841154,44.0170449911205,47.6362724647347,47.9023964590093,43.266007340178,54.4359254103916,53.5511126871656,43.0835769425141,44.9744505305863,42.1758532029601,47.7446536215914,41.5189507315905,51.7712744501981,41.8232454830361,47.222414990943,36.2599608370256,33.9429344880228,53.7000602267861,51.8173598893161,38.3432164530042,51.2955123935138,52.4336451705454,48.6976819766663,34.2113678188646,49.2080563216032,45.137960004334,57.4703912278226,32.0038122359091,53.733505784357,52.9874438337483
35.712012841154,44.0170449911205,40.493404864413,44.6560572036722,43.266007340178,49.5259088886711,35.0987219600268,43.0835769425141,44.9744505305863,42.1758532029601,42.7807748502038,38.9421045059383,50.4968808983349,36.7346730451529,42.9335791635701,36.2599608370256,33.9429344880228,43.6414008414821,40.9538061524855,38.3432164530042,40.2081322227531,37.9445204886869,27.7308041277738,34.2113678188646,49.2080563216032,40.8109400578843,46.0673288132605,32.0038122359091,40.1700105357785,44.2543252438456
21.2457879159799,44.0170449911205,40.493404864413,36.5497182344708,43.266007340178,39.1774590876073,35.0987219600268,33.6674700267953,36.9772961438234,33.8322839952755,39.8581894563005,38.9421045059383,44.2887635174951,31.5841764790737,36.9708225675583,36.2599608370256,33.9429344880228,43.6414008414821,32.1408617421833,38.1475789106743,39.188663716896,37.9445204886869,27.7308041277738,34.2113678188646,35.2698177168899,40.8109400578843,38.4344949016236,32.0038122359091,40.1700105357785,44.2543252438456
21.2457879159799,36.4282004846899,36.5358009679301,32.9249815190199,29.3671013298632,39.1774590876073,34.2862623791293,33.6674700267953,35.5320088928652,17.0826796441545,22.5156210761344,37.7959591689716,23.6189360738805,31.5841764790737,33.8937509189027,29.047913042805,33.9429344880228,33.3646010557567,32.1408617421833,38.1113610168888,34.765503245293,31.0703722623459,27.7308041277738,34.2113678188646,29.5661073259768,37.1079649719082,27.5099912327684,32.0038122359091,37.5149526866473,17.3600683669144
21.2457879159799,8.00040977082631,34.4606653000467,28.0069588343595,29.3671013298632,25.7845893736767,32.8604689489679,33.6674700267953,30.6314606062839,13.6545244188596,4.79790711280532,30.6947171676819,4.2537400675177,23.9213792362812,33.8937509189027,26.5141823811168,32.2914579778961,27.0725777349612,15.0518355415409,28.7141992363374,27.7493618535624,21.2833936565316,27.7308041277738,28.7463987219187,24.1818173410703,35.2798099291697,27.5099912327684,28.1656779097066,7.46894233426769,17.3600683669144
4.99733147942209,4.97495160627307,5.00126669210727,6.9712290379357,0.997234515334412,3.12827987349442,2.02229915086218,5.35731217290333,2.57237361376224,3.01103727257657,5.60755936476198e-05,4.78777156984791,2.98492181727352,3.00627625872914,27.8207904080342,13.527885419782,3.03512227910085,4.02081301750206,5.57168370430782,3.55086592751957,24.0205345201956,1.99005536467621,6.61955520963875,12.3152427034768,3.03595372634777,3.27194372652707,7.36035948515962,2.98758050340393,2.98547329539906,2.04396213348309
4.97479528691326,4.97479528546955,4.97479528674455,6.96470836228116,0.994959057879214,0.994959322790805,1.98991811602036,4.97479531134456,1.98991816931277,2.98487717300713,1.4210854715202e-11,3.97983630225042,2.98487717128251,2.98487717221201,5.96976218010479,4.97479684845916,2.9848771742486,3.97983623274865,4.97479530665328,1.98991813411783,1.99001562372962,1.98991811420956,1.98991827862778,11.9394986339262,1.98991823404856,2.98487718736146,4.97479560443935,2.98487717145645,2.98487717130047,1.98991811648466
4.97479528546648,4.97479528546648,4.97479528546648,6.96470836183403,0.994959057093297,0.994959057093297,1.98991811418659,4.97479528546648,1.98991811418659,2.98487717127989,0,3.97983622837319,2.98487717127989,2.98487717127989,5.96975434255978,4.97479528546648,2.98487717127989,3.97983622837319,4.97479528546648,1.98991811418659,1.98991811418659,1.98991811418659,1.98991811418659,11.9394986094813,1.98991811418659,2.98487717127989,4.97479528546648,2.98487717127989,2.98487717127989,1.98991811418659
4.97479528546648,4.97479528546648,4.97479528546648,6.96470836183403,0.994959057093297,0.994959057093297,1.98991811418659,4.97479528546648,1.98991811418659,2.98487717127989,0,3.97983622837319,2.98487717127989,2.98487717127989,5.96975434255978,4.97479528546648,2.98487717127989,3.97983622837319,4.97479528546648,1.98991811418659,1.98991811418659,1.98991811418659,1.98991811418659,11.9394986094813,1.98991811418659,2.98487717127989,4.97479528546648,2.98487717127989,2.98487717127989,1.98991811418659
4.97479528546648,4.97479528546648,4.97479528546648,6.96470836183391,0.994959057093297,0.994959057093297,1.98991811418659,4.97479528546648,1.98991811418659,2.98487717127989,0,3.97983622837319,2.98487717127989,2.98487717127989,5.96975434255978,4.97479528546648,2.98487717127989,3.97983622837319,4.97479528546648,1.98991811418659,1.98991811418659,1.98991811418659,1.98991811418659,11.9394986094813,1.98991811418659,2.98487717127989,4.97479528546648,2.98487717127989,2.98487717127989,1.98991811418659
4.97479528546648,4.97479528546648,4.97479528546648,6.96470836183391,0.994959057093297,0.994959057093297,1.98991811418659,4.97479528546648,1.98991811418659,2.98487717127989,0,3.97983622837319,2.98487717127989,2.98487717127989,5.96975434255978,4.97479528546648,2.98487717127989,3.97983622837319,4.97479528546648,1.98991811418659,1.98991811418659,1.98991811418659,1.98991811418659,11.9394986094813,1.98991811418659,2.98487717127989,4.97479528546648,2.98487717127989,2.98487717127989,1.98991811418659
