8228.15114053616,2619.65055697494,3671.70913295563,9880.4610456271,6142.92183686557,5632.99728578792,7394.93079138267,8734.14740092074,4030.39492744634,8015.45756736808,10502.4837659888,11155.2033758839,8659.94802064401,4030.86840923357,8240.6807586975,6316.10647291418,5363.68894759549,7636.64311390995,7324.1336140966,9916.68219528424,8701.39740362756,7322.33207656569,8599.25269013389,5034.29505140372,7050.41091605236,7953.3786879803,8234.70809337316,6113.9772357869,10272.3364135538,6111.58849633379
7552.08910861386,2619.65055697494,3671.70913295563,9880.4610456271,5864.17686533085,3641.92654850813,3520.42824418615,8005.1580749202,4030.39492744634,7432.5274025717,10502.4837659888,9644.3539895356,7505.16085757197,4030.86840923357,3947.44575646019,6316.10647291418,5363.68894759549,6767.29308972841,7324.1336140966,9916.68219528424,8701.39740362756,7322.33207656569,5293.95719937435,5034.29505140372,7050.41091605236,5433.2461175101,3626.1147938975,6113.9772357869,10272.3364135538,4394.54010774259
7552.08910861386,2619.65055697494,2988.58821985526,5174.03314209569,5864.17686533085,3555.406836393,2407.67014819783,6309.77029334488,4030.39492744634,3889.28630992052,5740.58223905561,5327.78926218355,4587.22121162762,4030.86840923357,3947.44575646019,5049.84822498388,4789.79841669267,6767.29308972841,3908.58369065835,6228.08023932277,5676.53235519061,2326.63836318285,4016.57656949542,5034.29505140372,5887.81582556309,5143.89538956205,3626.1147938975,2452.92558439198,4025.40477273924,4394.54010774259
7383.08735901491,2378.51445475923,2980.30361699103,2916.38189451391,3272.11838065205,2759.8566594774,2407.67014819783,4969.40257941709,2983.26778265049,3798.62356655761,4102.09044433673,3533.0251860334,4142.04486653039,4030.86840923357,2306.18650317373,3234.75333365465,2869.00316437298,2300.72404406921,3908.58369065835,4126.38995147641,5055.18961779382,2326.63836318285,4016.57656949542,4225.23177651463,2701.46770630131,2740.56077555681,3626.1147938975,2452.92558439198,4025.40477273924,4394.54010774259
3546.52162489576,1953.30607102444,2115.71663202255,2551.8556167039,3272.11838065205,1777.34928756657,1461.8455410978,3427.2242639525,2581.96575003953,2658.58597736266,4102.09044433673,3533.0251860334,4142.04486653039,4030.86840923357,2306.18650317373,2435.83764602325,1985.70117556574,2300.72404406921,2904.54346811505,3129.13352353351,3091.83203006524,2326.63836318285,2096.97789261835,4225.23177651463,2701.46770630131,1831.35395408194,2587.96393446866,2452.92558439198,1263.52618750893,1530.98623875772
2661.12048191192,1228.53858819901,865.742056327282,833.165979227658,2267.33277588465,920.169635396883,847.801947153949,1863.00444499295,974.595323431874,1859.75635271246,2032.48363484862,2660.86183494175,2717.92249956423,1941.81588733501,1483.5830721702,949.593475947338,970.223264268203,1241.89497557991,1323.34996933771,1057.45916127985,2166.16782167632,1444.51436833716,1072.2109233359,1567.38528779968,1837.88843014918,870.948803217498,1596.49025635669,1820.06912400404,1263.52618750893,1530.98623875772
462.641869520098,203.691870084852,285.644626432042,295.156058646406,485.204932199322,268.936932678697,245.000681277002,221.444989909681,412.273155836361,318.33891044666,377.360084943829,210.712447219798,462.706917657135,411.101289553429,434.300904490377,224.401370102577,240.949710088582,264.100860089255,443.840900093599,143.487475708632,328.960207118337,229.267376205081,440.762627088211,450.053093323017,369.610332937345,170.937848199202,296.5952769967,591.857249196074,448.67226171068,375.977797168734
37.7413153963927,47.6476298144604,18.3849579287875,39.783956763833,56.1327182065429,16.5005576835056,45.4361866929149,45.6249146883973,46.4696232898712,33.538166176454,36.5072767154403,52.6545950620459,43.295211009182,20.5182705990821,42.7140392720795,35.6048734035354,35.8101320500066,51.7664206242263,35.8546612732439,21.6454035762656,50.7191910058607,40.7245892624026,28.2255159498022,26.4774372554735,41.5565675499145,23.8514509412856,13.7608648021925,56.2083292994884,68.7758079142104,30.6335549565513
4.04209062506413,2.39946606023022,2.53539385968509,3.06297127371579,2.34782605694193,2.05050029031838,3.12260745814001,2.88118145709791,3.87639376815878,2.76285820728162,2.53543071803961,1.8931113693352,1.92003761208298,2.81637760361127,3.03718403429377,3.22262240920679,2.43543922845834,1.96478943090688,1.93329889245717,1.82217456516196,3.15099892235332,2.14119287099993,2.78203713847154,2.61896101741297,2.31124009432847,1.76494152706437,2.60764645629638,2.85302774636295,2.80142658193074,2.91578655954174
0.34294393892776,0.0691189158154657,0.0704964956978529,0.082231434793357,0.152253197838377,0.0745933439828832,0.265687714592673,0.146689415859782,0.207318998306505,0.168449812040762,0.131382137188439,0.198990168470687,0.138175298595002,0.196435939450566,0.235248784407759,0.164918793048741,0.161137000771532,0.239497655282662,0.169700137321911,0.163104743783038,0.167077045921474,0.1884254167785,0.11371612448329,0.180338044404834,0.178210221708014,0.0741065745846754,0.0910779289949915,0.275031363062794,0.234430117801821,0.1481058055831
8.97497841378936e-06,4.25787027324986e-06,1.6121637145261e-06,3.49478978023399e-06,3.51593439518183e-06,3.88524892969144e-06,3.51999074155174e-06,5.26136432199564e-06,6.75322371535003e-06,5.87946658470173e-06,7.40152700018371e-06,7.27627957530785e-06,6.59129261748603e-06,3.45787464084424e-06,5.36527818439936e-06,2.16161777188972e-06,7.00975419931638e-06,3.42576947787165e-06,7.2315025363423e-06,8.71109705258277e-06,5.18778313107759e-06,6.13183294717601e-06,3.16574789849255e-06,3.79786456505826e-06,3.68690712093667e-06,1.0654950983735e-06,4.50991319667082e-06,6.71805400997982e-06,5.98708368215739e-06,6.1112315279388e-06
1.13686837721616e-13,1.13686837721616e-13,1.13686837721616e-13,1.13686837721616e-13,1.13686837721616e-13,2.27373675443232e-13,2.27373675443232e-13,1.13686837721616e-13,1.13686837721616e-13,1.13686837721616e-13,3.41060513164848e-13,4.54747350886464e-13,2.27373675443232e-13,2.27373675443232e-13,2.27373675443232e-13,1.13686837721616e-13,3.41060513164848e-13,1.13686837721616e-13,1.13686837721616e-13,2.27373675443232e-13,1.13686837721616e-13,2.27373675443232e-13,1.13686837721616e-13,1.13686837721616e-13,2.27373675443232e-13,1.13686837721616e-13,1.13686837721616e-13,4.54747350886464e-13,4.54747350886464e-13,2.27373675443232e-13
0,0,0,0,0,0,0,0,0,0,0,0,0,0,0,0,0,0,0,0,0,0,0,0,0,0,0,0,0,0
0,0,0,0,0,0,0,0,0,0,0,0,0,0,0,0,0,0,0,0,0,0,0,0,0,0,0,0,0,0
0,0,0,0,0,0,0,0,0,0,0,0,0,0,0,0,0,0,0,0,0,0,0,0,0,0,0,0,0,0
0,0,0,0,0,0,0,0,0,0,0,0,0,0,0,0,0,0,0,0,0,0,0,0,0,0,0,0,0,0
