17.1331001286522,25.5990925896996,25.8979473513511,85.8568470098473,78.0691104247956,39.7166847915257,50.2701279271149,78.0160513867525,48.3960724273441,38.5359743055726,28.2038739388595,92.6804504141444,52.3270147778567,56.4884315900219,26.7400113438378,25.4238231407697,49.9166421088246,36.9493692681183,94.5270245092611,23.7572696534444,29.3456233933262,24.3818414435805,18.3949803790018,15.825075436037,29.7179626365445,21.0450669154559,29.4633283983466,58.303267459341,17.9321835594387,37.1866532671991
1.20965556514841,1.86572918621005,0.793738448058662,1.03387762118825,2.16177786901994,0.689596769851164,2.10418197772879,2.17115809527661,4.93052095692337,2.81178672270869,3.22539749585519,0.90989356740215,4.79737118477874,3.59281640522124,1.91205092638836,2.31984235168306,1.71714832361499,1.37321467112781,3.61365122481345,0.622265668823729,1.73432013209845,1.02790164768635,1.63895275459947,0.779888370062395,1.73839295935159,1.15212146293857,2.0550524602121,2.40747810311348,0.749570599016465,2.29622060988765
0.236607863941117,0.259546521159791,0.180310086662189,0.259991665854386,0.214528775769736,0.319174309627329,0.266149454925653,0.181447939978398,0.173717814502652,0.21857267882001,0.258451552781253,0.286007722007412,0.159059051040572,0.222613614090392,0.35553992886787,0.284558000633638,0.116769768119525,0.127433858946915,0.280758191677364,0.179601985439376,0.287740279898912,0.268588381878772,0.130483857348509,0.266483384152707,0.185375588930583,0.0863830826154981,0.309096201207012,0.288698889735429,0.252416041117385,0.288327969885245
0.000137563399448482,0.000130141097997694,0.000284071409055286,0.000122405127171987,0.000359210539841115,0.000464921684738329,0.000211516182957894,0.000329497308939608,0.000723574045991882,0.00202194687688007,0.000289328694748292,0.000461798631476995,0.00198612358178707,0.000122274528052913,0.000385994029556969,0.000339317549787665,0.000279215240993835,7.54040323727168e-05,0.00136361317015599,0.000208326194410802,0.000421741379341256,0.000107676555558101,0.000101457977621067,0.000250072980975347,0.000452360650911032,0.00013648558604018,0.000479269600759835,0.000379861841679485,0.000414042451438945,0.000485344278217781
5.63886715099216e-11,3.5242919693701e-11,3.41060513164848e-11,4.71800376544707e-11,3.64934749086387e-11,5.10453901370056e-11,3.21733750752173e-11,4.69526639790274e-11,8.77662387210876e-11,3.99040800402872e-11,1.63709046319127e-11,4.29736246587709e-11,1.27215571410488e-10,1.46656020660885e-11,4.68389771413058e-11,1.3926637620898e-10,2.29647412197664e-11,1.58024704433046e-11,1.09139364212751e-11,6.87805368215777e-11,3.8198777474463e-11,4.6497916628141e-11,2.77395884040743e-11,9.85664883046411e-11,2.78532752417959e-11,1.72803993336856e-11,5.99129634792916e-11,3.27418092638254e-11,5.45696821063757e-12,4.08135747420602e-11
0,0,0,0,0,0,0,0,0,0,0,0,0,0,0,0,0,0,0,0,0,0,0,0,0,0,0,0,0,0
0,0,0,0,0,0,0,0,0,0,0,0,0,0,0,0,0,0,0,0,0,0,0,0,0,0,0,0,0,0
0,0,0,0,0,0,0,0,0,0,0,0,0,0,0,0,0,0,0,0,0,0,0,0,0,0,0,0,0,0
0,0,0,0,0,0,0,0,0,0,0,0,0,0,0,0,0,0,0,0,0,0,0,0,0,0,0,0,0,0
0,0,0,0,0,0,0,0,0,0,0,0,0,0,0,0,0,0,0,0,0,0,0,0,0,0,0,0,0,0
0,0,0,0,0,0,0,0,0,0,0,0,0,0,0,0,0,0,0,0,0,0,0,0,0,0,0,0,0,0
0,0,0,0,0,0,0,0,0,0,0,0,0,0,0,0,0,0,0,0,0,0,0,0,0,0,0,0,0,0
0,0,0,0,0,0,0,0,0,0,0,0,0,0,0,0,0,0,0,0,0,0,0,0,0,0,0,0,0,0
0,0,0,0,0,0,0,0,0,0,0,0,0,0,0,0,0,0,0,0,0,0,0,0,0,0,0,0,0,0
