579997183.986897,497727248.621006,250422020.240978,149589123.83984,455340330.760374,708541414.66145,1546184345.25895,1035384990.81151,380133767.641569,687787851.649928,384732870.481014,43171362.0079163,582643654.232365,120689545.185181,453968401.104642,175798301.168888,789424542.735535,151717238.163898,378450112.751792,253971474.645374,96920933.0962193,251992038.777519,230040340.377892,1039069896.4485,266287645.21247,433098428.01811,834546686.458465,639922955.6139,273502616.229337,1032890949.31959
579997183.986897,364669557.758185,133500737.943783,149589123.83984,214040574.050385,580701317.002154,474639859.473309,736606591.451985,380133767.641569,237756956.380099,162229443.793747,43171362.0079163,385926125.601765,120689545.185181,453968401.104642,81886774.3676203,50789280.6573381,146616580.762436,378450112.751792,253971474.645374,96920933.0962193,251992038.777519,230040340.377892,736818800.920788,266287645.21247,433098428.01811,834546686.458465,154476612.21666,273502616.229337,655436827.636968
114007371.180681,125217326.151249,133500737.943783,149589123.83984,214040574.050385,79872226.3404847,474639859.473309,217191450.905371,380133767.641569,86646452.3999008,162229443.793747,43171362.0079163,385926125.601765,92938824.2048631,192714865.94902,35874603.1175435,42124170.4430215,54226753.0608343,168089993.711984,234499676.056829,96920933.0962193,103095617.299725,57543587.7926792,736818800.920788,266287645.21247,433098428.01811,782394829.842729,154476612.21666,171180617.325111,144992294.743818
46035678.7097485,46222121.0431221,133500737.943783,103654772.129369,135532070.21043,14762712.2322418,332554458.865236,25416262.278517,168941856.309509,86646452.3999008,133961226.439793,43171362.0079163,78162612.6875367,92938824.2048631,124964355.122932,18424437.697653,17096990.690207,54226753.0608343,76317396.3586922,234499676.056829,81436742.3241036,103095617.299725,57543587.7926792,723998945.320949,266287645.21247,171761696.911123,137967033.635122,25176624.0421669,95290372.8260239,99588782.3063026
46035678.7097485,17674786.0918476,61150212.7524106,59451431.1368636,8939192.59812848,14762712.2322418,96067804.9012947,25416262.278517,168941856.309509,30693567.079624,71760246.0960901,43171362.0079163,14232273.6942214,1616927.86543304,7377526.21302088,7044695.10469323,17096990.690207,5880023.95892949,21544560.5922008,13462787.5620011,81436742.3241036,9361152.60126633,57543587.7926792,237002933.687363,10813145.5649141,53300825.6171713,17993757.8138337,25176624.0421669,69932417.9648162,92921190.466318
7472609.36493195,10223263.3692177,10456615.0476265,5453856.97387398,5939145.34061618,3537790.68474942,28435248.5992158,3136667.53562079,32680530.4988312,3358557.18931908,22703586.4781082,6938749.11437614,979338.526839895,1616927.86543304,7071416.07612841,7044695.10469323,824792.724702392,5880023.95892949,844709.605178922,10880015.950654,6211373.2472676,8858325.49857403,10523428.387652,2051840.08201142,10813145.5649141,36536839.3536424,14473712.0341689,25176624.0421669,1556875.67585478,28141100.8399482
2956025.4054573,143200.228873359,2048181.67572523,335902.230416997,446639.495468445,292209.966609345,3529288.89471976,1677560.27828255,1993122.05744003,1068515.26164257,4105058.7949008,2289409.08827882,263807.142432507,1616927.86543304,346852.063059483,681302.656913219,282063.565681834,285394.484643903,626063.068345996,782315.361775728,2835721.79960969,307588.726584372,256855.426965395,656871.236391888,130316.671846437,4071495.66274834,1607609.93157172,1897071.37059764,666820.335432921,220450.198499272
34201.1081321299,9430.57195856494,23591.0355134237,20569.8445292319,36070.0044572927,90362.3056860741,97467.1298448903,14708.3895637763,336803.086585604,162407.23121231,101777.911448585,58964.9645903958,108803.696382714,100096.305686861,33694.2300027549,225809.027138635,22980.7952670827,243920.046276767,14548.8468177631,148698.492424899,261730.278828699,151303.586019378,129443.886779085,193775.615375291,26616.8510242024,120828.27720014,133634.386615883,277500.114054781,385400.482518041,94077.5718813811
811.733484450913,292.338462917958,4474.31612204888,1673.75870579383,1818.76168937377,2431.11034287579,7012.62391810097,2564.08697449209,9548.72147973526,4301.08729703337,1304.04877371001,429.236250959086,2988.04348381233,875.228370848257,823.284996864604,10475.5010321757,892.511960214475,14595.1337596451,2053.28331949694,1126.31639187974,41809.5743258376,2487.12232744697,889.349536500776,11902.6049855037,2532.56951272418,13484.5687727008,5273.18965269783,4963.86682225768,647.802919860441,2115.68325950002
72.5267033287075,75.1476745480954,54.1393646749971,130.548439811906,58.9984431839541,76.2164229619507,149.754516061469,72.2117757135472,132.449183832609,83.7939478143419,83.6384987097499,67.6091266869767,122.916415618872,21.1919384260459,24.9929646035746,148.283332475512,61.9497127112111,168.10354898068,87.1383363897478,119.220874598659,614.654663994938,61.2162014683179,43.1136167113957,224.616365413919,107.56203335149,211.246628949938,148.627499903334,96.4182410034866,81.8678395763159,138.707356675589
7.5221401613428,19.5095995925894,19.2792239645171,17.0823278875598,8.71133527420488,6.39437322719778,71.6659440612148,39.5384751486995,33.4395482056418,8.46676669787712,12.7056293585322,4.98776904162492,21.4514282755317,7.76267416925316,6.55434964365759,40.342476498015,6.51039325615147,43.735537977911,10.8916744826358,24.5642870820329,54.2942004014969,34.5488150379585,18.0911968852358,59.9985705891386,17.6728347646633,34.6046629038717,31.5633812190979,44.8923250848488,12.6714041879206,11.2548050281896
5.17501598239824,9.46170878690032,0.162397695487925,10.0819106915974,0.541373136045195,1.50132388195425,19.1127995044621,18.3811588918059,13.2201849172627,1.42357783010539,2.0336373362079,2.45458825424794,8.16929045074971,2.1634754182603,5.11040092795724,6.88687993609415,4.24292192065491,21.7216242643206,2.16091759708411,5.17654916234551,4.80186284603519,13.1131746741605,16.1160728988236,31.9015852484144,8.34867854483173,23.3250699816456,1.29557027079818,5.60323100100777,2.15817538315468,8.15008784153429
5.10666235427743,9.44938203691663,0.0426577271634869,10.073548893118,0.495815440883916,1.49495893835342,16.9514502742193,18.3400851749714,13.0549475991284,1.16464821927775,2.03120532530329,1.04872475590764,8.02280718995917,2.10074679951117,5.10377337250361,5.73267927577649,4.21407592683749,21.5679333997948,2.06525405572529,5.08463112114373,0.208286175539115,13.000735435159,16.1027723832633,31.5359231270534,8.28917116541288,22.4947979468,0.500015642727476,5.12660040057813,2.12404490208928,8.08126394950864
5.10653223831673,9.44935556652081,0.0393091410160196,10.0734878866924,0.495769691893656,1.49495893835342,16.9491764774477,18.3398588656182,12.9887691900919,1.1639023622306,1.07988097430757,1.04680959612824,8.02217143988855,2.10055994200161,5.10280383363602,5.72031424981242,4.21393593913058,21.5679268985245,2.04568429491223,5.08453318521265,0.202387267431959,12.993895505276,16.1027376539791,31.5359229959022,8.28872626099428,22.4947934800794,0.499999999991587,5.07462964129581,2.12404490208928,8.08061501722477
5.10653217666209,9.44935544683858,0.0383859229943937,10.073487820629,0.495769562956411,1.49495893835342,16.9491758782897,18.3398585642765,12.9883465271141,1.16390183173985,1.07104747491553,1.04680940334833,8.02217109861431,2.10055989028137,5.05973805665758,5.72030283969684,4.21393574050171,21.5679268985245,2.03685859858228,5.07852556524153,0.202375789279358,12.9914842441576,16.1027374613075,31.5359229959022,8.28872591717709,22.4947934800794,0.499999999991587,5.07163517642448,2.09930867616276,8.08061484614518
5.09831596530989,9.38203015029649,0.0383858509801485,10.0135952962896,0.472542639915218,1.47885347545457,16.9302883190269,18.2825529604131,12.988346509127,1.07875477630409,1.07104744845446,1.03152259006902,8.01372088797689,2.0820401843323,5.05973746166524,5.72030204418502,4.14273272953801,21.5679268985245,2.03685852386889,5.07852533366736,0.202375714819482,12.9914842356843,15.9869318229153,22.1761584838152,8.284344584368,22.4947934800794,0.49854799431273,5.07163513394562,2.09930809017601,8.05688705088301
