129.503531169875,129.406201647729,156.376637433701,120.29002478235,170.544528248943,184.548504288743,179.944541604513,150.543784240611,161.767500415634,155.903438850214,160.380857735476,167.226636349864,204.592774975567,105.170134968231,160.540467879498,150.040546685164,182.370065304854,129.450882563797,195.60446381013,165.083141914721,167.466679890545,152.806999595102,191.170307872923,174.433919788245,142.578165522449,133.293385508239,130.763995336058,164.959327028706,149.573271664204,187.955270776704
99.2261628255719,129.406201647729,105.031995475589,81.8587950292449,134.590988346163,112.15974572371,119.740165547033,95.3295346385307,108.084884986795,121.596786165828,128.221282753387,108.760379514275,134.493879464601,78.0256229879619,120.27068493671,132.368938140609,113.219763027637,109.583071068937,130.670386285798,104.807827076997,123.597046809516,126.399391817185,135.13347981866,100.020982895632,113.655625197529,84.9790106690648,123.931768494502,123.557518816093,99.100874081666,97.2570141652282
87.4488770797693,64.9758879222527,101.274955964369,81.8587950292449,83.4095474714613,81.2748405104248,99.1120657090828,95.3295346385307,103.432142527781,104.253587298555,105.425718208657,96.0085020302067,103.132547065664,78.0256229879619,101.973675292276,78.6812404396501,98.4512495741969,108.418717157566,93.9428443560473,87.0835507440429,110.448800251394,98.7257600946637,103.763213519535,100.020982895632,68.2519487338059,74.4904959209111,88.6106956874128,85.9167940846701,97.6985949797354,97.2570141652282
44.879570140801,64.9758879222527,71.8379064038736,81.8587950292449,47.8977782852637,61.7865301819311,38.3570767440935,73.1476366810257,99.5476645871704,95.7078797516606,79.6854879073553,94.0883519866443,50.2305538004503,30.1564979313091,85.5493833829923,78.6812404396501,39.5902873693324,47.6221827409586,42.9342755008497,43.0831244883523,43.7444184275071,84.1489672095286,95.3496758745378,49.3490599439733,41.3432392283671,58.5999474589048,61.8753651852558,36.3256652162477,42.9570389250614,55.1388332135843
22.3811993428712,53.7711187948571,65.69026255683,24.3351994879285,22.5036990412755,53.400562998133,4.00534187279777,59.4455431550427,61.0275241356076,29.3850039586794,57.771878277169,60.2646239149067,4.42523529289224,13.8344165369751,62.2112241376567,66.5111210360405,1.62781574939572,23.0929737491497,23.0056017654315,7.09663074888135,5.20576451411307,14.3466457657544,52.0071740765079,1.15961610032878,24.1497124212076,56.5621834943199,51.0330239408199,23.6488878039142,3.87519178879234,22.4818732886599
21.661072001471,49.5068883568315,46.7358969753743,21.3814016648917,21.2635411612428,53.400562998133,0.000719624638577443,54.7682572320609,54.9025925445758,23.9822420818703,48.865624964933,51.6564632206182,0.625337936466849,13.8344165369751,48.8617794183997,50.6771820278327,0.073507302420694,21.2199611834237,14.9925149027717,1.32422281754566,0.998436367851582,1.62664139559706,46.9851114944363,0.32575481361755,22.0933081136727,46.1817265637073,51.0330239408199,22.7051665149829,1.30750179643769,1.2714470003707
21.3906849120574,49.5068883568315,46.7358969753743,21.036917072933,21.1494928478699,52.4014928286729,1.28220563055947e-08,54.7682572320609,46.9878611577783,23.8887766364012,48.865624964933,48.161365544745,0.624346527426496,13.8344165369751,48.8617794183997,50.6771820278327,2.28876160690561e-07,21.1098351048997,1.08478224198484,1.30713236247402,0.994959073731025,1.61930565603234,46.9851114944363,0.312173334068802,21.5083594572907,43.7250846721251,45.9016084687592,22.7051665149829,1.3071323230422,0.312816071784482
20.6701131339673,49.1686472377,43.2088263280771,21.0202804989647,21.1494928478699,41.5944649305072,2.66572897089645e-09,51.1369337081333,46.9878611577783,23.8887766364012,40.0506840749192,44.5337057564709,0.624346514930494,13.8344165369751,48.6841735825374,48.0365113156226,4.56680027127732e-09,21.1098351048997,1.07938565880113,1.30713231823347,0.994959060400106,1.61930557278129,46.9851114944363,0.312173260128247,21.4711654780026,42.2190969924013,45.9016084687592,22.7051665149829,1.3071323151496,0.312173264883313
20.3077094461521,47.4646163904094,43.2088263280771,20.9520968331005,21.1277439253499,41.5944649305072,2.02339833776932e-09,48.2665651489669,46.9878611577783,23.8887766364012,40.0506840749192,44.5337057564709,0.624346514356375,13.8344165369751,46.2375797664924,48.0365113156226,2.30079422181007e-09,21.1098351048997,1.07938559364129,1.30713231490108,0.994959058958784,1.61930557098003,46.9851114944363,0.312173258896337,21.4632821845137,42.2190969924013,45.9016084687592,22.5640903956553,1.30713231501841,0.312173259436349
20.1934054793849,41.3247162183029,43.2088263280771,20.9343306343574,21.1277439253499,41.5944649305072,1.05455910670571e-09,45.6601539167175,45.7348097134702,23.8887766364012,40.0506840749192,44.5337057564709,0.624346512913462,1.32240472979447,46.2375797664924,48.0365113156226,7.7875483839307e-10,21.1098351048997,1.07938559364129,1.30713231429854,0.994959058958784,1.61930557043434,20.5006105073592,0.31217325743637,21.4632821845137,37.6163814194867,45.9016084687592,22.548438098403,1.30713231382356,0.312173258992289
20.1196299543276,41.3247162183029,43.2088263280771,20.9343306343574,1.59811029272896,41.5944649305072,6.59838406136259e-10,45.6601539167175,45.7348097134702,23.6993521110498,40.0506840749192,44.1383638460488,0.624346512618104,1.30713231752088,46.2375797664924,48.0365113156226,5.88897819397971e-10,21.1098351048997,1.07938559225477,1.3071323136835,0.994959058781888,1.61930556974539,19.9741056472374,0.312173257226732,21.4319129078849,37.6163814194867,21.6727402658221,22.4007521932026,1.30713231367258,0.312173258010716
20.1196299543276,41.3247162183029,43.2088263280771,20.9343306343574,1.21004820211897,41.5944649305072,5.27279553352855e-10,45.6601539167175,45.7348097134702,23.6649428284136,25.9932386454443,44.1383638460488,0.624346512551938,1.3071323150682,46.2375797664924,48.0365113156226,3.19005266646855e-10,21.0975561044897,1.07938558682758,1.3071323135714,0.994959058532231,1.61930556942502,19.8744808557972,0.31217325653779,21.4319129078849,37.6163814194867,0.714308061367092,22.4007521932026,1.30713231341588,0.312173257465929
20.1196299543276,41.3247162183029,43.2088263280771,20.9343306343574,1.18205536594496,41.5944649305072,4.90899765281938e-10,45.6601539167175,45.7348097134702,23.6649428284136,21.2382341995035,44.1383638460488,0.624346512362081,1.30713231415507,46.2375797664924,47.7268502397214,2.21689333557151e-10,21.0975561044897,1.07938558682758,1.30713231339564,0.994959058376708,1.61930556936591,19.8317977226495,0.312173256467531,21.4319129078849,37.6163814194867,0.713848609231718,22.4007521932026,1.30713231341588,0.312173257292898
20.0806212226546,22.702367871417,24.0525996292117,20.9343306343574,1.18002979181119,20.9504738751423,4.53155735158361e-10,24.8660914777831,26.3568960966807,22.6412284925484,21.005678187699,23.6837022381908,0.624346512329566,1.30713231400705,27.1448607385789,23.2586102541982,1.85082171810791e-10,21.0649460845109,1.07938558682758,1.30713231334153,0.994959058199811,1.61930556936136,19.8225457081605,0.31217325641046,21.4304114103475,37.6163814194867,0.0275718207171849,21.3560831452735,1.30713231336244,0.312173257115774
