58.8677167580931,72.9829191190061,58.5844213841224,63.2832774195672,70.7880778129156,62.3143628603611,80.7712491008097,75.4233312841025,51.2163896267448,47.566353317322,56.1022450474684,200.897791537632,51.2911163594185,51.5771731915574,51.6661037764302,75.2279930391378,55.4893827229535,113.518027987659,63.905599755476,116.42191349613,82.7063005159207,37.1097682675409,53.6280040824586,64.6211038861838,127.205172592962,41.3419350320273,62.3250618079519,73.4645903609344,42.9172657929244,52.5357960167153
45.3244588791213,35.4118882835592,44.6779857385009,47.7342951446703,46.5647731808876,48.5202745411152,44.0208010806091,40.4301417347351,41.5732645880371,47.566353317322,42.4361999418679,46.7889598735237,45.4181589058271,41.0989145309013,43.0459817944034,47.119920469635,40.4057709765957,39.9318067098493,42.8612875677532,41.3436164280074,47.2314924080015,37.1097682675409,48.131236103075,45.7324565535073,44.2845631537039,38.4358042239051,43.1889503395032,48.9064299222614,41.7996104970434,46.2144976207155
43.5585774103893,35.4118882835592,41.3163134449223,43.1072951314486,45.9231194723293,40.5646189982399,40.3349703918411,35.9556994304462,41.5732645880371,43.8152358542134,39.3774162513582,43.2408482254923,43.5316092452545,41.0989145309013,39.7178637547981,42.8718390879585,36.9744790200921,39.9318067098493,42.8612875677532,41.3436164280074,40.5817247584682,35.4547202478766,42.5939636782869,40.7836393509519,44.2845631537039,31.6521623893068,43.1889503395032,43.1851810976586,41.7996104970434,40.0337612552357
37.4465281747962,35.4118882835592,38.0315918592441,33.7057264347077,35.0551838339006,40.5646189982399,30.2390277599161,32.4335224957781,34.8155746716552,35.2227424015518,36.3306847057852,40.131740199432,32.7991660456337,37.4970722128787,34.7649476906995,30.7053881313404,36.9744790200921,31.0018844905371,39.013859031179,30.1927492170207,31.9575751658731,29.2610503049036,35.6682037507048,38.1658596498391,36.1642878646671,31.6521623893068,37.3684509945128,38.7067707050564,29.6548196403655,32.6596392924075
25.6839430666428,30.2328400988213,29.0886779954876,26.9204258668824,26.9637756524785,33.2736564316601,25.5110702287961,32.0212707061005,13.1465444665464,31.0313180343255,29.6178987031503,30.2415470954875,25.7154286766263,28.8164597560467,33.4809671105027,25.9108581625378,27.6140687210395,24.6532833824103,28.1047030114596,25.30345791943,28.1494713203911,29.2610503049036,35.0387398584244,13.2592431792391,32.3579525035138,31.6521623893068,27.315502556416,33.4189763989793,26.2843668799565,29.4934261223066
25.6839430666428,30.2328400988213,27.980079258045,26.0857182781456,25.5519217857513,30.1383194884143,25.5110702287961,29.9030502236678,8.03471317826234,30.5612935832683,25.3616574155913,26.2778379500851,25.2863328627391,25.3337400612736,33.4809671105027,25.9108581625378,26.2715756636985,24.6532833824103,25.3262634423772,25.30345791943,25.6446204213703,29.2610503049036,32.9385762675411,7.43492663715188,26.6166207841079,31.6521623893068,26.5544270783403,29.1242147521475,25.189945299951,29.4934261223066
25.4633537663294,29.3150783102374,26.0535169416053,25.8470494359121,25.5519217857513,30.1383194884143,25.5110702287961,29.9030502236678,5.3921786648134,30.5612935832683,25.3616574155913,26.2778379500851,25.2863328627391,25.3337400612736,30.1344266881629,25.9108581625378,26.2715756636985,24.6532833824103,25.3262634423772,25.2211343207136,25.4064373323899,29.2610503049036,27.1661248685805,2.10186962504622,26.6166207841079,31.6521623893068,25.4635809032329,25.5190437729739,25.189945299951,29.4934261223066
25.4027251481916,26.9875564582858,25.4009959132936,25.7450026179654,25.0897716838945,28.6367070716378,25.3012265812781,29.9030502236678,5.3921786648134,29.425768252569,25.3616574155913,25.0237027252424,25.2863328627391,25.3337400612736,30.1344266881629,25.683172062123,26.1632878456439,24.6532833824103,25.3262634423772,25.216534200003,25.4064373323899,29.2610503049036,26.830409473057,1.27562766467872,26.6166207841079,31.6521623893068,25.4635809032329,25.5190437729739,25.1868462262842,28.0201224282496
24.265596266705,26.9875564582858,24.9952698935858,25.4445610977691,24.3081108666502,28.6367070716378,25.3012265812781,29.9030502236678,4.89377360904291,29.425768252569,24.7384383458284,23.1863296259603,25.2863328627391,25.3337400612736,30.1344266881629,25.4040969608313,26.0147754727186,24.4864874224177,24.8873322631921,8.2299106835153,25.2315738882585,29.2610503049036,26.2418609398201,1.06553853347987,26.6166207841079,31.6521623893068,25.4635809032329,23.807166042584,24.1240275159257,28.0201224282496
23.3029370551621,26.9875564582858,24.9952698935858,25.3269303174884,24.3081108666502,28.6367070716378,24.4612685320039,29.060218943187,4.89377360904291,29.425768252569,24.7384383458284,21.6971404139058,25.2863328627391,25.3337400612736,30.1344266881629,24.1674032233282,25.5726228372496,24.4864874224177,24.8873322631921,4.57000561536051,24.320144416959,25.7288169770268,25.3433537747196,1.04869889190604,26.6166207841079,26.0323611952554,24.5078226318547,23.4413534400601,23.339612030361,28.0201224282496
22.7781163945133,26.9875564582858,24.9952698935858,25.1231492954644,24.3081108666502,28.6367070716378,24.4612685320039,29.060218943187,4.26408085581352,29.425768252569,23.9219738457959,21.0317932193961,25.2000257217051,25.3337400612736,30.1344266881629,23.5312797737492,24.9495510053703,24.4864874224177,24.8873322631921,3.6914575419969,22.9089105092185,24.8498943371237,25.3433537747196,1.04822154230487,26.6166207841079,25.0837845990127,24.5078226318547,23.1425798618438,23.339612030361,28.0201224282496
22.7781163945133,26.9875564582858,24.9952698935858,25.0620417661148,24.3081108666502,28.1198115557795,24.4207294066214,28.7305176749815,4.26408085581352,29.425768252569,23.9219738457959,20.7620528256475,25.2000257217051,25.3337400612736,30.1344266881629,23.5312797737492,24.6747654901851,24.4864874224177,24.8873322631921,1.55587499451531,22.9089105092185,24.8498943371237,25.3433537747196,1.04821239622197,26.6166207841079,24.6774757651938,24.3043267341995,22.329012773826,23.1236686341726,27.2414168200226
22.7781163945133,26.2081729466831,24.9952698935858,25.0620417661148,24.0492111250155,28.1198115557795,23.4462508283668,28.4874029750235,2.18352950736289,29.425768252569,22.4344006069446,20.6610445660494,25.1254970102818,24.5314848526523,29.5491771581023,22.6302523857044,24.6747654901851,24.4864874224177,24.1590506351799,1.43011637333166,22.9089105092185,23.9251642773474,25.3433537747196,1.04820704911845,26.6166207841079,24.6774757651938,23.8247725047249,20.9442230576715,22.5770872446642,27.2414168200226
20.17411925344,21.8158950063976,21.3011048610688,21.031301612602,20.973670916133,21.1107931630841,20.4418721305592,22.0560564644625,1.27764716484717,21.5958115628137,21.2973363322026,20.6595006407993,21.553571556216,21.358060920244,21.4199549085929,21.4356665023292,20.8207062141964,20.9526588465196,20.4025915898992,0.551024389102167,20.3685020224489,22.8109571517384,20.9640140071224,1.04820322286196,22.193758306159,24.6774757651938,20.9980348527902,20.6608734686315,20.6014847747929,2.5833782101563
