675.745079731463,490.596752975211,605.838229842788,479.294185152437,611.764335919208,588.241471958301,484.107895195427,533.590379804592,649.99291761549,469.227966762769,525.549189051461,372.51032779026,601.3466720763,616.916447131782,490.235785082586,611.50423076079,552.672183317143,596.748500826506,502.65220153982,553.442120809289,527.064084019515,638.877190754845,509.787120564219,672.003233693374,615.04973776262,514.359536095226,498.827137631737,434.084502416614,572.853760059881,429.289794731946
580.103083557991,456.991004191092,605.838229842788,479.294185152437,522.058263982303,588.241471958301,484.107895195427,525.15268992902,649.99291761549,469.227966762769,525.549189051461,372.51032779026,601.3466720763,495.404786210804,490.235785082586,466.091295415181,377.630796849124,551.990726414564,502.65220153982,481.489718997731,527.064084019515,435.947130836304,509.787120564219,554.566562808333,615.04973776262,514.359536095226,498.827137631737,434.084502416614,572.853760059881,429.289794731946
571.61358188992,379.849367509038,558.92467325854,479.294185152437,522.058263982303,514.049511888647,484.107895195427,478.705855734294,491.609762824713,414.852942377366,419.597593034748,372.51032779026,531.577097144135,485.651459750513,490.235785082586,466.091295415181,377.630796849124,548.093178693704,483.443825418613,469.00076698078,503.140962870614,435.947130836304,509.787120564219,528.193189080497,483.433058816201,501.33347174863,498.827137631737,434.084502416614,439.617185405769,429.289794731946
516.219967071356,356.931723471177,490.93754153801,402.07987917457,455.84244553212,502.740170073135,436.586163081386,424.567331713677,491.609762824713,392.47319854901,389.70839146912,372.51032779026,400.280612305258,463.850565258163,438.692042696023,466.091295415181,377.630796849124,425.294073541879,389.930099140153,398.563253242422,444.69960005854,376.235672071474,509.787120564219,528.193189080497,466.572354177448,439.221008625027,487.040696390737,406.748222737821,421.866514905573,429.289794731946
441.756187417933,327.550345099835,410.252633508948,402.07987917457,396.284846093889,468.941523360998,396.782245260797,419.393758700846,383.645182737127,388.376670171106,350.023590396863,372.51032779026,379.444543130347,429.152131957871,438.692042696023,462.961842711481,370.40258534541,370.580460665593,383.140635321633,387.582181380888,378.821607553852,376.235672071474,367.396011301894,479.234787953819,359.22812787633,406.017493048614,393.847731132169,398.693897113528,352.063464633544,404.629935832794
329.781077963399,262.194163614786,394.163281507297,369.175854985589,334.293523846326,355.208016200147,348.742747706923,383.177633995922,361.811331147423,372.379823888045,298.614084558151,303.06172251014,266.78681196571,339.789043133827,383.478362822939,350.516368827726,265.900686891629,321.643400768804,353.266528312308,343.003145205827,322.410347423418,307.817539698308,362.40869752868,344.405827143235,290.51596610558,349.12886031617,314.739123238053,365.963780446578,271.389857475588,374.141746081141
281.767285336385,237.29405895903,346.844129031914,267.030223861263,247.348211349428,304.50302081235,311.008088578476,259.633533437356,291.883771367347,282.711538620678,250.860141107095,251.472460184819,237.705877158678,265.350023431904,315.27197036119,260.02699457717,236.117796067263,240.948018721118,253.444399103481,256.15819545964,240.747832085346,246.56429594365,288.678631970935,268.358338875539,247.433061162821,289.37295494775,266.352343562911,253.419782364849,234.53407201512,297.667014372715
231.30550261632,230.72253492207,270.149493525285,237.769881259638,230.49257568841,233.535380574639,231.688827033103,235.690381967577,239.850336031312,234.069058696868,232.433018846748,231.11200255652,230.361545081777,233.710393107875,244.174050583419,235.416864434741,231.036306715924,231.074200369372,235.062406412049,234.338077814301,231.562457717828,231.649380717486,242.615821915806,247.187759647193,231.985904977603,241.517115292885,235.856082352819,233.044702921166,230.378099387514,235.633551227125
230.358035433317,229.677760983391,231.504972339148,230.394606444904,229.67199075153,230.05543234198,230.161937253471,230.18851194905,230.601622470519,230.644308401584,230.294181185305,229.604422232777,229.693617161954,230.628476066198,231.383290106894,230.860845096556,229.64150822718,229.958124855108,230.293709918058,230.666863690471,229.774867404529,230.085920059251,231.224469093132,231.010788899367,229.842714857621,230.67330947296,230.276740297846,229.753474952799,229.681150608332,230.68478199031
229.608038510494,229.339622704087,229.786123880088,229.722246536816,229.368455506481,229.558120566443,229.399960463576,229.447165712078,229.467154554827,229.587258100746,229.40488506986,229.368180564443,229.35649019905,229.51643299838,229.620788873431,229.691306960538,229.347902022138,229.357120803596,229.623571427859,229.439893348674,229.359966361001,229.376873748192,229.778323486246,229.620750859789,229.369192269528,229.555288515595,229.562198715116,229.348956390449,229.336285422917,229.675331178638
229.317494494456,229.286253321553,229.33026284837,229.328817232806,229.286755943455,229.299920412702,229.290314777291,229.291277410504,229.304743162835,229.305150990205,229.29459907683,229.288647752679,229.287361146663,229.308301239059,229.375615678594,229.324439259678,229.286347827037,229.286161531403,229.32249558443,229.30049373962,229.2877069096,229.287042416981,229.368950308666,229.343425074977,229.288047457963,229.306517332631,229.318002949956,229.286911431589,229.286082491708,229.33581672414
229.285086353951,229.284386320874,229.286420780949,229.286776242845,229.284389232697,229.284678638588,229.28440098396,229.28443727788,229.284670209467,229.284857701742,229.284489401586,229.28440245155,229.284387857659,229.28512182362,229.287812066236,229.285513666407,229.284388158521,229.284386875291,229.285486990229,229.284632026672,229.284388986943,229.284396551103,229.287123841773,229.285896861732,229.284393205359,229.284894407299,229.284992777933,229.284388836117,229.284386020811,229.285917296714
229.284383453686,229.28438271387,229.284386505536,229.284384913507,229.284382710775,229.284382789694,229.284382725458,229.284382739473,229.284382815595,229.284382904783,229.284382724696,229.284382713151,229.284382710438,229.284382909156,229.2843875145,229.284383186801,229.28438271204,229.284382718422,229.284384557101,229.284382766563,229.284382715632,229.284382725246,229.284385650139,229.284386371658,229.284382710628,229.284382898339,229.284382989462,229.284382716059,229.284382710885,229.284384801936
229.284382713819,229.28438271132,229.284382708513,229.284382708542,229.284382709709,229.284382715177,229.284382709716,229.284382712729,229.284382709049,229.284382709204,229.284382709766,229.284382708942,229.284382710438,229.284382711327,229.284382708634,229.28438270981,229.284382708575,229.284382709306,229.284382708673,229.284382721008,229.284382709312,229.284382715674,229.284382708573,229.284382708515,229.284382710628,229.284382717262,229.284382709009,229.284382708544,229.284382708817,229.284382708495
229.284382708487,229.284382708488,229.284382708487,229.284382708487,229.28438270849,229.284382708487,229.284382708487,229.284382708487,229.284382708487,229.284382708487,229.284382708487,229.284382708487,229.284382708491,229.284382708487,229.284382708487,229.284382708487,229.284382708495,229.284382708492,229.284382708487,229.284382708487,229.284382708495,229.284382708497,229.284382708487,229.284382708487,229.284382708487,229.284382708487,229.284382708487,229.2843827085,229.284382708501,229.284382708487
229.284382708487,229.284382708487,229.284382708487,229.284382708487,229.284382708487,229.284382708487,229.284382708487,229.284382708487,229.284382708487,229.284382708487,229.284382708487,229.284382708487,229.284382708487,229.284382708487,229.284382708487,229.284382708487,229.284382708487,229.284382708487,229.284382708487,229.284382708487,229.284382708487,229.284382708487,229.284382708487,229.284382708487,229.284382708487,229.284382708487,229.284382708487,229.284382708487,229.284382708487,229.284382708487
