5609.29555762648,5421.21080625301,5151.01095726376,6210.03205765932,3454.20674001122,5688.58332351347,5673.69619154713,5170.23260224067,5334.99445070639,4566.01571403387,1623.25044141275,5799.7124324294,5705.40048718334,5420.69554284275,4788.31267804003,5074.12384067632,4825.86177761581,6243.62345867058,5711.70043337378,6025.3355079324,6059.46018915949,5507.63166365902,5674.02470899848,5662.80524967449,5085.05100554677,1888.50788644954,4961.17922756261,4853.4061026879,5754.99238452004,5707.52182835551
5609.29555762648,5158.56338333405,2008.73851037511,6210.03205765932,3454.20674001122,5688.58332351347,5673.69619154713,5170.23260224067,5334.99445070639,4566.01571403387,1623.25044141275,5680.92267781117,5705.40048718334,5420.69554284275,4788.31267804003,5074.12384067632,4825.86177761581,6010.68165847374,5187.82889749052,6025.3355079324,6059.46018915949,5507.63166365902,5674.02470899848,5662.80524967449,5085.05100554677,1888.50788644954,4961.17922756261,4853.4061026879,5754.99238452004,5707.52182835551
5609.29555762648,4874.19229791898,1760.13664357231,5601.19523043238,3454.20674001122,5628.33496261514,3684.53964892192,5170.23260224067,5334.99445070639,4566.01571403387,1623.25044141275,5680.92267781117,5101.45520355822,5420.69554284275,4658.2285988403,5074.12384067632,1782.79231404172,5436.64871598977,5187.82889749052,5217.84167203694,6054.16313230288,5507.63166365902,5674.02470899848,5662.80524967449,5085.05100554677,1888.50788644954,4961.17922756261,4853.4061026879,5462.13607298296,5707.52182835551
5609.29555762648,4874.19229791898,1760.13664357231,5601.19523043238,3454.20674001122,5555.70204271739,3684.53964892192,5170.23260224067,5334.99445070639,4566.01571403387,1623.25044141275,5240.19998772451,5101.45520355822,2834.59161647967,3533.78522806271,1334.43899819443,1782.79231404172,4282.85441107307,5187.82889749052,3911.75201861994,5013.87848645807,4617.54364896654,5619.42460701743,5662.80524967449,5085.05100554677,1888.50788644954,4507.51508018715,4853.4061026879,4438.59775022924,5707.52182835551
5378.90976524011,3240.43695279224,453.682917648274,5452.46066160683,3454.20674001122,5053.95452818861,3684.53964892192,4303.03098158506,2866.02329055051,4566.01571403387,1623.25044141275,5240.19998772451,5101.45520355822,2834.59161647967,3533.78522806271,279.38943504722,1782.79231404172,2247.30571715237,5187.82889749052,1388.50768893625,5013.87848645807,2874.43690492331,3060.0755332221,5307.58124750837,5085.05100554677,1888.50788644954,3846.08426418377,4853.4061026879,4438.59775022924,3173.13678021554
4223.22145234444,137.329570895747,199.15315210467,5204.90670398216,3454.20674001122,4830.18614260906,3684.53964892192,3148.91655172524,2866.02329055051,4566.01571403387,991.045281710632,4743.61622723644,4852.56834774592,453.414845180052,3533.78522806271,155.766554247709,703.2996261352,158.323172496526,4728.19115285812,463.581146515651,1854.07221633571,1108.09156511114,3060.0755332221,4549.53500205307,3601.20124660871,1888.50788644954,3167.75546544868,4853.4061026879,3500.37482875135,3173.13678021554
4223.22145234444,118.434630442769,111.894160529284,4810.03277925897,554.928605588486,141.233068887747,3684.53964892192,369.252887100937,2866.02329055051,4566.01571403387,991.045281710632,3881.56169178962,183.046608372546,130.705230257803,3533.78522806271,102.419619958877,111.778120669107,105.698170239458,3806.71187491871,154.998400811378,166.693450278704,117.840115562063,409.433336032122,131.668198844023,184.373672807149,127.527941629292,480.117684940012,4853.4061026879,3500.37482875135,2479.00824653287
4137.89249590015,102.704141469478,101.334926026148,4810.03277925897,362.847165474369,101.817072176734,383.828793293662,324.945996935109,390.91252964461,4566.01571403387,371.366597878075,3881.56169178962,102.965700890304,103.086086099341,3533.78522806271,101.638926717381,101.309212537631,101.753291394468,360.418706671224,102.964444467808,102.448121711299,101.180481164332,337.782181912414,102.218769539272,103.562122584,102.137373839777,365.936437901376,4546.34844909246,3500.37482875135,344.783250964068
3895.65905067169,100.804741886973,100.993110575838,3960.03855562881,289.412257928837,100.90748187907,325.660240065727,310.056591676481,327.478621335125,3448.57754947337,315.949353210183,3688.53685642305,101.094058485812,101.068037687417,3476.93961018406,100.847396529396,100.856818045561,100.888344805111,323.742785132228,100.819070473593,101.041020269226,100.969546097921,306.517804268085,100.814414526546,100.996815349159,100.986481838581,315.006249906313,3694.15099542254,3500.37482875135,304.141097549867
2330.97320392179,100.634277558927,100.616816441766,2120.28753759719,215.185212763007,100.725136173007,224.645870453119,213.199921319542,221.895511829579,1711.95482106104,233.851204036619,2567.01416099095,100.670218253912,100.704489816892,2099.58176998564,100.77208372953,100.55100656591,100.873003166766,216.45141501849,100.739496319366,100.637169859282,100.608517181434,218.349959482127,100.631011409738,100.462761194653,100.623517424761,219.984884226105,2545.7857767268,2411.4551629379,222.180271590083
4.26679394925986,100.634277558927,100.616816441766,8.16100491483985,213.66654716751,100.595474552097,212.417352261123,211.073841690218,214.33846376132,0.460411679999197,207.478682193824,17.0615896387699,100.670218253912,100.648416996689,19.0382823884465,100.52357424774,100.489325797539,100.873003166766,210.754523820778,100.632929427668,100.59144789005,100.54808044203,214.865599106399,100.601808657163,100.462761194653,100.517276386603,213.913623729523,13.0625360416516,128.024483941846,212.443460082182
3.66504395146376,100.634277558927,100.616816441766,7.6543273527368,213.666488826409,100.595474552097,212.416791647549,211.073721249018,214.337927445699,0.312300484552907,207.477997900374,16.8312751987492,100.670218253912,100.648416996689,18.6622643051201,100.430056114177,100.486214097655,100.873003166766,210.753937147682,100.632929427668,100.59144789005,100.54808044203,214.865341060658,100.601808657163,100.438314704649,100.517276386603,213.913133898597,12.7829345561613,126.370331616818,212.442915410686
3.66504393889818,100.634277558927,100.616816441766,7.65432734253864,213.666488826408,100.595474552097,212.416791647535,211.073721249013,214.337927445686,0.312300476405198,207.477997900359,16.8312751889625,100.670218253912,100.648416996689,18.6622642922257,100.430056114177,100.486214097655,100.761136582851,210.753937147669,100.632929427668,100.59144789005,100.54808044203,214.865341060654,100.601808657163,100.438314704649,100.517276386603,213.913133898585,12.7829345465311,126.37033156389,212.44291541068
3.66504393889772,100.634277558927,100.616816441766,7.65432734253864,213.666488826408,100.595474552097,212.416791647535,211.073721249013,214.337927445686,0.312300476405198,207.477997900359,16.8312751889621,100.670218253912,100.648416996689,18.6622642922257,100.430056114177,100.486214097655,100.761136582851,210.753937147669,100.632929427668,100.59144789005,100.54808044203,214.865341060654,100.601808657163,100.438314704649,100.517276386603,213.913133898584,12.7829345465302,126.370331563889,212.44291541068
3.66504393889727,100.431471863632,100.450088826366,7.65432734253818,213.666488826408,100.538530944173,212.416791647535,211.073721249013,214.337927445685,0.312300476405198,207.477997900359,16.8312751889612,100.502869972553,100.473575186285,18.6622642922257,100.430056114177,100.486214097655,100.492263290183,210.753937147669,100.56074415648,100.41539862078,100.53688182515,214.865341060654,100.468450729642,100.438314704649,100.398915879836,213.913133898584,12.7829345465288,126.370331563889,212.44291541068
3.66504393889636,100.293119107195,100.266150226841,7.65432734253636,213.666488826408,100.369006977113,212.416791647535,211.073721249013,214.337927445685,0.312300476405198,207.477997900359,16.8312751889598,100.315400525367,100.283037672441,18.6622642922257,100.357223701212,100.327425500735,100.289986538006,210.753937147669,100.350298021287,100.304301207466,100.369509246817,214.865341060654,100.297214382103,100.332017583346,100.323471845329,213.913133898584,12.7829345465284,126.370331563888,212.44291541068
