6213.82285067096,7981.28425548167,8040.27683114253,6559.62899963109,5340.78292690059,7496.24278416767,8316.10473330354,7106.20782973221,6476.03247525598,6231.82665868747,8430.59385441403,7902.05095000521,7938.51708064777,6690.64911540228,6687.18943717373,8081.99055206824,8286.50954155092,9189.00063832086,6782.73361055093,5787.04037758321,7833.77496506789,5845.23342332553,8760.94055270703,4398.41978847897,6597.82413304158,5736.54260131888,7305.90304920306,9719.94610225019,5865.89342073257,6833.9395497465
6213.82285067096,7054.33088484142,5994.230276638,6559.62899963109,5340.78292690059,7496.24278416767,5977.96285392537,7106.20782973221,6234.33386586399,6231.82665868747,8269.23688135931,6278.959104182,5788.2481212444,6690.64911540228,6687.18943717373,8081.99055206824,5492.46581169502,9008.41128481468,6782.73361055093,5787.04037758321,5871.12375838193,5310.48093703019,7217.58338095297,4398.41978847897,5014.52119274123,5736.54260131888,5771.46083286394,6467.78516198873,5865.89342073257,6174.29066576631
6213.82285067096,6732.27029494596,5856.39623189367,6177.14219364469,5192.635018722,5247.56040173598,5977.96285392537,4709.32704400011,6234.33386586399,6219.24933649665,6925.58757424473,5837.30478391113,5788.2481212444,6690.64911540228,6432.28431382906,4648.66899059151,5492.46581169502,7478.23013343754,6455.83818706574,5204.97108386266,4188.44990388893,5310.48093703019,5993.29696103567,4398.41978847897,5014.52119274123,5736.54260131888,5771.46083286394,5806.02590822415,5865.89342073257,6174.29066576631
5150.80393498139,6608.47546468336,5441.85767981488,5798.38256247874,3968.96268618372,5247.56040173598,5551.70024528718,4709.32704400011,3566.03253799428,6049.65771816546,6382.81560551356,5765.04233815069,5788.2481212444,6670.02511608298,5855.05751478795,4648.66899059151,5492.46581169502,6339.52994650584,4811.14340850297,5204.97108386266,2826.08072385395,5310.48093703019,5386.04349953682,4398.41978847897,5014.52119274123,4949.66179063502,5589.5363206562,5451.38906363255,5865.89342073257,6174.29066576631
4229.28229633984,4519.57017061665,5441.85767981488,5263.46626904926,2761.64626592321,4678.27930873828,4958.90822755624,4286.92080640546,3566.03253799428,3942.1140082978,6155.51577625718,3802.57057672173,4442.19740518891,6085.64297776384,4981.35400221138,3464.56847095021,5480.69114188859,6015.46984464599,3827.2449514541,5204.97108386266,2826.08072385395,5124.8966786971,5386.04349953682,4398.41978847897,4720.64456682218,4949.66179063502,4803.13291876265,4180.07089798697,4271.14771197617,5214.396124303
2130.00516969464,2875.63620063328,3419.03668318555,4454.06054868369,2293.37150715651,4026.63866163244,4381.22167284313,2132.57806874266,2879.89862764972,3081.22124313984,2854.15119991791,3802.57057672173,3950.6624683564,4762.53611944619,3450.73025227479,2515.60526445861,4728.65300347114,4594.61870336756,2917.91141043379,3836.23796968705,2602.1393937011,2497.07858940587,4028.557709428,2947.69317968826,1855.38460735931,3287.44910226384,3373.77298309686,2557.25630288772,2697.87319260597,2752.37142450762
1445.71354407411,1787.63175460797,1653.74179693685,1919.05360221607,1278.96995028533,1720.47661063063,1504.65438409407,1366.52762577812,1426.06084553461,1495.73966311265,1299.12351738825,1119.23390453655,1416.47333490604,1838.31681813615,1458.73151917517,1520.11417860337,2494.73835905625,1608.45193419925,1410.97304932412,1556.5922432053,1480.34462971767,1685.15449824833,1734.12622828095,1638.05509562799,1314.67076156865,1629.9227090738,1315.0526587018,1182.44471796984,1225.70595047612,1424.91409676412
682.708566249689,847.893883480775,926.679631049694,820.867983803707,776.471909584864,932.317712146086,830.649051794739,729.274201543964,663.691147805633,788.462498027063,918.975794109539,764.039155639101,744.15375757217,843.693874185502,874.720006970666,849.501941584087,813.655587639402,743.382801483493,867.910680606614,854.387493278484,771.546732598291,800.966227130969,808.021571139755,833.670992614134,770.697634172564,846.239616013129,698.274870164789,662.420284114226,852.261988295217,778.819262071087
373.4826651711,378.685594840828,389.809574402665,373.760393638869,374.569639091262,400.446002633217,378.829175096203,374.144390339436,378.463070271404,376.408825262482,380.730198484553,412.052792360721,377.002065351849,388.074005104936,377.80388793784,383.039893353221,424.676498263049,412.208541978728,383.664158222504,386.410270828855,372.715525491175,366.512182427149,378.520273277483,373.925223048102,368.379083504614,381.277380369243,366.617251905413,371.205350651977,393.424406168443,379.48151990126
304.877328547958,304.047783741677,307.930186926783,305.147532488154,305.105690234318,305.820353551244,305.338091570958,303.937346466807,306.833910624723,304.484881108651,305.864973990948,401.138705014162,304.487298199567,306.294657467153,305.503324378308,307.474887048547,401.226885930837,400.84006009009,306.798213383581,305.896913822104,308.084343468895,305.283291621644,305.979674047514,307.554330460632,304.74977037504,305.445484505613,303.346215567463,303.616709551519,308.582574462695,309.270565563261
300.038991877635,300.027394134046,300.041312902994,300.038460525132,300.039198736028,300.038556656865,300.046725690672,300.043157873268,300.04251058439,300.038148035451,300.042739091833,400.012075128554,300.040657258993,300.044535103169,300.038407063697,300.044034480571,400.007740126003,400.006368747629,300.041576364364,300.050109498782,300.044829506562,300.043200695351,300.026761761018,300.057874074299,300.041750053874,300.03897088377,300.045027727046,300.032040327234,300.048469803234,300.037213430996
300.000004288935,300.000004258244,300.000007706984,300.000009539599,300.000005779746,300.000007681514,300.000007539662,300.000005596547,300.000011048925,300.000007156513,300.000007856243,400.000001617634,300.000007198274,300.000007623963,300.000006962229,300.000008057563,400.000001219841,400.000000869564,300.000008666431,300.000008991957,300.000006566066,300.000004868762,300.000004021324,300.000009932427,300.000006494417,300.000006486437,300.000007061602,300.00000649285,300.000006762178,300.000004751012
300.000000000003,300.000000000003,300.000000000004,300.000000000003,300.000000000003,300.000000000003,300.000000000002,300.000000000004,300.000000000004,300.000000000004,300.000000000004,400,300.000000000003,300.000000000003,300.000000000004,300.000000000004,400.000000000001,400,300.000000000003,300.000000000004,300.000000000003,300.000000000003,300.000000000003,300.000000000003,300.000000000004,300.000000000004,300.000000000003,300.000000000003,300.000000000004,300.000000000004
300.000000000003,300.000000000003,300.000000000004,300.000000000003,300.000000000003,300.000000000003,300.000000000002,300.000000000004,300.000000000004,300.000000000004,300.000000000004,400,300.000000000003,300.000000000003,300.000000000004,300.000000000004,400.000000000001,400,300.000000000003,300.000000000004,300.000000000003,300.000000000003,300.000000000003,300.000000000003,300.000000000004,300.000000000004,300.000000000003,300.000000000003,300.000000000004,300.000000000004
300.000000000001,300.000000000001,300.000000000001,300.000000000001,300.000000000001,300.000000000001,300.000000000001,300.000000000001,300.000000000001,300.000000000001,300.000000000001,400,300.000000000001,300.000000000001,300.000000000001,300.000000000001,400,400,300.000000000001,300.000000000001,300.000000000001,300.000000000001,300.000000000001,300.000000000001,300.000000000002,300.000000000001,300.000000000001,300.000000000001,300.000000000001,300.000000000001
300.000000000001,300.000000000001,300.000000000001,300.000000000001,300.000000000001,300.000000000001,300.000000000001,300.000000000001,300.000000000001,300.000000000001,300.000000000001,400,300.000000000001,300.000000000001,300.000000000001,300.000000000001,400,400,300.000000000001,300.000000000001,300.000000000001,300.000000000001,300.000000000001,300.000000000001,300.000000000001,300.000000000001,300.000000000001,300.000000000001,300.000000000001,300.000000000001
