423.735904324488,509.090890393586,391.042634037143,469.716684242445,495.512694980053,596.844154340255,525.534791679325,522.929815531705,556.623900498344,376.293238683786,617.498067142745,325.451812650274,519.99227635002,377.783337659651,444.276945306735,370.298286791588,588.110612905033,725.776975222995,547.196150683189,448.650261501863,643.043126568849,632.105919029454,494.940115168923,549.10039234881,442.56456183048,420.280658677205,520.647078003925,355.154635937243,555.365410825183,384.740471456189
300.781676951744,335.293816077701,272.837671514978,322.206432375679,338.504271870226,348.710783736667,337.630212275319,374.061071290977,335.001561817658,285.584584872885,352.377807322673,251.719995483047,338.99903781163,287.612309462418,341.876219389777,272.019285060694,340.325358735631,355.421450247147,302.845757904769,301.842470085869,351.333072310803,354.455867206094,319.671418027056,339.713190624805,314.940846059234,318.031132143474,292.27922493551,250.087866424733,340.308845886278,270.954346109573
259.448221363623,279.131590871543,256.59426616177,274.271802069289,283.527983616102,278.817207099903,276.577837661318,287.483180567963,272.842167984059,269.107541794162,290.088863362203,241.210451863279,297.045512737189,256.287099740644,291.239688319611,244.234781675058,292.427217601114,286.29243242559,269.673700869028,274.957302537211,290.269949363369,288.654396155684,261.812757375983,262.543867259326,261.52918565663,264.209857176439,263.065346248123,231.995801166472,268.036988390896,243.366139284374
241.47870459744,242.525673957972,256.152277609445,246.459580966754,239.72672515533,259.340516167769,240.934999890336,259.911444251394,248.369426383323,268.997444249772,247.397435096235,240.989033078052,250.315389106503,253.335032880099,264.703473805497,243.611514320628,253.876968393584,246.771201201249,249.898599740207,253.015566755892,245.931123110342,262.238953474276,238.791028368334,238.875446349358,246.196957313998,243.777227494631,252.276571833949,231.80675506943,240.528256577432,243.292565661656
240.897855155679,240.161515814981,256.151423584477,244.009024421753,237.826580106913,256.77478628725,237.078478276816,258.479842801592,246.966263118084,268.997444118408,244.999376893101,240.988929073592,249.193530002902,253.322851287003,263.157620814689,243.6109715717,251.583855625031,245.94446924081,248.524976868473,252.253605474576,244.146970536203,259.448367865541,238.554145732471,236.858013510185,245.586360201202,242.863237881092,251.10799713408,231.806737369754,238.183793607162,243.292565653388
240.897821301035,239.392788337121,256.151423583444,243.282757624275,235.287704135816,256.76823830709,237.065521022596,258.36893652294,246.959479484336,268.997444118408,244.999106862125,240.988929073591,249.19351666155,253.322850944657,263.157408548207,243.610971570442,251.583340563609,245.943699391389,248.33676944622,252.253131238058,243.1221039603,259.278431872797,236.812959846632,236.717031955591,245.586136958382,242.861805228732,250.88697485257,231.806737369754,238.115931781159,243.292565652732
240.897821301035,239.392788299103,256.151423583405,243.282757604411,235.287703592388,256.768238307074,237.065519120848,258.368936522759,246.959479402152,268.997444114412,244.999106862113,240.988929073591,249.19351666155,253.322850943794,263.157408548082,243.610971570442,251.583340563599,245.943699391259,248.336769445553,252.253131238047,243.122103918606,259.278431688734,236.8129598041,236.717031955323,245.586136958379,242.861805228055,250.886974852429,231.806737369754,238.115931780818,243.292565652732
240.897821301035,239.392788299103,256.151423583405,243.282757604411,235.287703592388,256.768238307074,237.065519120847,258.368936522759,246.959479402152,268.997444114412,244.999106862113,240.988929073591,249.19351666155,253.322850943794,263.157408548082,243.61097157042,251.583340563599,245.943699391259,248.336769445553,252.253131238047,243.122103918606,259.278431688734,236.8129598041,236.717031955323,245.586136958379,242.861805228055,250.886974852429,231.806737369754,238.115931780818,243.292565652732
240.897821301035,239.392788299103,256.151423583405,243.282757604411,235.287703592388,256.768238307074,237.065519120847,258.368936522759,246.959479402152,268.997444114412,244.999106862113,240.988929073591,249.19351666155,253.322850943435,263.157408548082,243.61097157042,251.583340563599,245.943699391259,248.336769445553,252.253131238047,243.122103918606,259.278431688734,236.8129598041,236.717031955323,245.586136958379,242.861805228055,250.886974852429,231.806737369754,238.115931780818,243.292565652732
240.897821301035,239.392788299103,256.151423583275,243.282757604411,235.287703592388,256.768238307074,237.065519120847,258.368936522759,246.959479402152,267.673717248852,244.999106862113,240.587705766276,249.19351666155,253.322850943431,263.157408548082,243.610971570364,251.583340563599,245.943699391259,248.336769445553,252.253131238047,243.122103918606,259.278431688734,236.8129598041,236.717031955323,245.586136958379,242.861805228055,250.886974852429,231.806737369754,238.115931780818,240.261560125982
240.897821301035,239.392788299103,256.151423583275,243.282757604411,235.287703592388,256.768238307074,237.065519120847,258.368936522759,246.959479402152,267.673717248852,244.999106862113,240.587705764041,249.19351666155,253.322850943431,263.157408548082,243.610971570364,251.583340563599,245.943699391259,248.336769445553,252.253131238047,243.122103918606,259.278431688734,236.8129598041,236.717031955323,245.586136958379,242.861805228055,250.886974852429,231.806737369754,238.115931780818,240.261560125982
240.897821301035,239.392788299103,256.151423583275,243.282757604411,235.287703592388,256.768238307074,237.065519120847,258.368936522759,246.959479402152,267.673717248852,244.999106862113,240.587705764041,249.19351666155,253.322850943431,263.157408548082,243.610971570364,251.583340563599,245.943699391259,248.336769445553,252.253131238047,243.122103918606,259.278431688734,236.8129598041,236.717031955323,245.586136958379,242.861805228055,250.886974852429,231.806737369754,238.115931780818,240.261560125982
240.897821301035,239.392788299103,256.151423583275,243.282757604411,235.287703592388,256.768238307074,237.065519120847,258.368936522759,246.959479402152,267.673717248852,244.999106862113,240.587705763657,249.19351666155,253.322850943431,263.157408548082,243.610971570364,251.583340563599,245.943699391259,248.336769445553,252.253131238047,243.122103918606,259.278431688734,236.8129598041,236.717031955323,245.586136958379,242.861805228055,250.886974852429,231.806737369754,238.115931780818,240.261560125982
239.723100616736,239.392788299103,256.151423583275,243.282757604411,235.287703592388,256.768238307074,237.065519120847,258.368936522759,246.959479402152,267.673717248852,244.158350017676,240.587705763657,248.672061246583,253.322850943431,263.157408548082,243.610971570364,251.069143362338,245.943699391259,248.336769445553,252.253131238047,243.122103918606,259.278431688734,236.8129598041,236.717031955323,245.586136958379,242.861805228055,250.886974852429,231.806737369754,238.115931780818,240.261560125982
