1691.40920440216,1683.12892500872,1812.93622186306,2007.02209393081,2059.2212668112,2394.88861887581,2509.59960814303,1670.96852802546,1725.29171717317,1653.94112363038,1569.63171704858,1799.57446029311,1655.52922705392,1824.75554442877,1503.83379169706,1346.3419393574,2148.27111913987,1816.20813428375,1333.41763033336,1956.96026735619,1803.31410776518,1868.90949474068,1516.78106479798,1818.87791036194,1788.02165891585,2011.62523426095,1781.10901981326,1447.72187097383,1482.73457288627,1610.01668313216
1572.5904643043,1683.12892500872,1812.93622186306,1799.61133031399,1721.20864455597,2394.88861887581,1995.87588964298,1670.96852802546,1725.29171717317,1653.94112363038,1435.77357842141,1410.86096045218,1313.80985374873,1095.44419174454,1503.83379169706,1346.3419393574,1696.43468847216,1791.74853576369,1333.41763033336,1956.96026735619,1295.28782341596,1527.71938927452,1516.78106479798,1818.87791036194,1788.02165891585,950.846433799699,1781.10901981326,1447.72187097383,1482.73457288627,1313.82836272958
1199.64167286519,1448.68139458484,1702.63780110726,1799.61133031399,1721.20864455597,1869.61958660722,1995.87588964298,946.250598766735,1725.29171717317,1653.94112363038,1278.67707298944,1410.86096045218,1313.80985374873,1095.44419174454,1479.04145997965,1176.24270400732,1593.52908988054,1676.92042729115,1333.41763033336,1956.96026735619,1295.28782341596,1527.71938927452,1497.354775917,1189.31615160281,1788.02165891585,950.846433799699,1345.37446546226,1134.49788449565,1482.73457288627,1248.06496951977
1172.8351263478,1380.50917854851,1337.29145538826,1799.61133031399,1721.20864455597,1637.90619864174,1950.55061482494,946.250598766735,1712.49387089313,1002.89287833562,1278.67707298944,1261.71582406012,1313.80985374873,1095.44419174454,1217.30107858828,1149.57144097461,1522.92264072276,1676.92042729115,1333.41763033336,1732.47462696767,1295.28782341596,1335.73458089175,1049.47601454775,1189.31615160281,1031.874847114,950.846433799699,1345.37446546226,878.403713409672,1482.73457288627,1225.46646729487
1172.8351263478,1380.50917854851,986.094112185194,876.324931477222,831.809491826297,1595.69064343317,1507.76125978784,946.250598766735,1497.59778769823,1002.89287833562,1278.67707298944,1261.71582406012,1313.80985374873,964.296661537214,1217.30107858828,936.866727761831,1522.92264072276,1522.64865097243,1333.41763033336,1697.521441527,1295.28782341596,1335.73458089175,1049.47601454775,1174.94720486207,1031.874847114,950.846433799699,1313.68701818335,878.403713409672,1227.20390635981,1015.49835279386
1061.09539449696,1203.47914477616,937.512949570295,876.324931477222,831.809491826297,1085.01374871127,1101.84232421339,946.250598766735,1196.33456207596,1002.89287833562,1160.62559748591,745.815025454293,1031.84671389339,964.296661537214,1014.64774866768,616.64453962023,1340.99002796492,1522.64865097243,1100.25476865172,1107.9778224561,1067.56040721486,1335.73458089175,1049.47601454775,1010.77247685271,1031.874847114,950.846433799699,804.790972778093,699.858093556554,1227.20390635981,802.940360789082
770.11069527238,999.916322809188,706.545244425888,876.324931477222,762.129283561655,1054.11520030724,921.572138905683,895.72678448661,913.556295318816,621.310160876454,816.023859265666,516.314559524987,869.852358806491,552.082589729635,981.552495318182,591.764096322379,1141.22577293957,1118.24475686559,936.884623531614,1007.88077708971,1042.31984450809,1208.60996345148,824.33670849413,789.729442162623,864.92405186594,725.685381119785,804.790972778093,563.67304769277,856.60376939749,554.353143905851
530.781809145809,509.090890393586,449.917902970181,594.42241265408,674.135557924789,728.309275387083,606.403444558623,522.929815531705,599.098339374495,388.090774891448,629.913383337808,375.645600304112,585.511097512067,418.457086677568,444.276945306735,393.043358834448,829.592343863199,786.902618085267,619.919785074065,587.16927150635,647.513664393706,757.58837266172,553.047960193736,591.074083522949,562.668951420144,420.280658677205,547.627768741564,392.959966070969,589.989986435931,414.462676720279
354.743171143941,381.669420687664,310.973264177123,373.765767549429,379.188152908334,448.195060413342,391.648597984451,428.609993364803,416.977286496735,322.912175461613,412.427557738518,273.425849286365,366.578003919813,325.102374677505,384.675767588268,306.566398817199,409.930906805819,444.492211440644,346.40227334361,355.691418522591,368.103157522533,423.044134142712,385.73216720324,403.841864096181,358.235032348849,337.324517344838,368.921482419556,279.70018944821,420.596277160157,303.142560516864
272.411575295632,284.174310974204,257.595477446745,282.289237669338,283.527983616102,302.492617900359,291.615799371782,320.043140526651,278.089688175863,269.554312342066,301.415434273137,241.617510185717,298.340061468496,256.593453487461,292.395365473506,245.301687493944,302.328864736276,295.693541444433,272.629373512259,275.805573306499,300.96980424805,293.562387409443,266.257020063256,277.241717065887,271.23501841344,272.731465559001,274.198451769305,232.845080678472,283.463812794259,244.669240697877
241.47870459744,242.525673957972,256.152277609445,246.459580966754,239.72672515533,259.340516167769,240.934999890336,259.911444251394,248.369426383323,268.997444249772,247.397435096235,240.989033078052,250.315389106503,253.335032880099,264.703473805497,243.611514320628,253.876968393584,246.771201201249,249.898599740207,253.015566755892,245.931123110342,262.238953474276,238.791028368334,238.875446349358,246.196957313998,243.777227494631,252.276571833949,231.80675506943,240.528256577432,243.292565661656
240.898028210098,242.525673957972,256.151423592463,244.289337634056,237.826581933236,256.817370404135,237.097065327859,258.965212492041,246.980322657942,268.997444124221,245.000419721771,240.988929073604,249.193703431722,253.322854158402,263.158048950894,243.610971576981,251.585765575674,245.945862674288,249.069103500014,252.254946696391,245.384106989077,259.448683433899,238.554145732471,237.594607441573,245.586989683104,242.86502874272,251.953008754953,231.806737369755,238.895652135815,243.292565654468
240.897821301114,239.392798819369,256.151423583444,243.282767214639,235.287791972899,256.768238326471,237.065571346639,258.368936628885,246.959485247559,268.997444118408,244.999106865645,240.988929073591,249.193516661584,253.322850945226,263.157408627721,243.610971570799,251.583340567859,245.94369948747,248.336769931146,252.253131255703,243.12211487978,259.27849510581,236.812997108012,236.717032262153,245.586136962935,242.861805394935,250.886975136722,231.806737369754,238.115932031541,243.292565652732
240.897821301035,239.392788299103,256.151423583405,243.282757604411,235.287703592388,256.768238307074,237.065519120848,258.368936522759,246.959479402152,268.997444114412,244.999106862113,240.988929073591,249.19351666155,253.322850943794,263.157408548082,243.610971570442,251.583340563599,245.943699391259,248.336769445553,252.253131238047,243.122103918606,259.278431688734,236.8129598041,236.717031955323,245.586136958379,242.861805228055,250.886974852429,231.806737369754,238.115931780818,243.292565652732
240.897821301035,239.392788299103,256.151423583405,243.282757604411,235.287703592388,256.768238307074,237.065519120847,258.368936522759,246.959479402152,267.673717830068,244.999106862113,240.988929073591,249.19351666155,253.322850943431,263.157408548082,243.61097157042,251.583340563599,245.943699391259,248.336769445553,252.253131238047,243.122103918606,259.278431688734,236.8129598041,236.717031955323,245.586136958379,242.861805228055,250.886974852429,231.806737369754,238.115931780818,240.261560324596
239.723100616736,239.392788299103,256.151423583275,243.282757604411,235.287703592388,256.768238307074,237.065519120847,258.368936522759,246.959479402152,267.673717248852,244.158350017676,240.587705763657,248.672061246583,253.322850943431,263.157408548082,243.610971570364,251.069143362338,245.943699391259,248.336769445553,252.253131238047,243.122103918606,259.278431688734,236.8129598041,236.717031955323,245.586136958379,242.861805228055,250.886974852429,231.806737369754,238.115931780818,240.261560125982
