55.6123297820373,56.5172836873048,62.6910287968751,54.2886342213989,55.1144721265546,55.5518588414568,54.3577550218304,54.9651940833228,57.3015501590883,53.3774332637742,53.87326217887,54.1751425511065,58.1738669169605,55.0658463298251,54.6433562355182,56.9011258076049,56.0249876454835,55.222978566988,53.4443904430842,54.4571903744301,55.8304133926978,52.9093102629483,55.660920653641,54.2033894130283,53.2642730540497,55.0553173680991,53.6050201334552,55.1685666742188,58.3509577466892,54.2213198857405
49.2315400016232,49.2396231904858,45.9797179565193,49.2360890425876,49.2339909782808,49.2759206753611,49.2369773109354,49.2423917587522,49.3038883657335,49.2511405776057,49.2738036990085,49.2535661934566,49.2521223498774,49.2569400375513,49.220114509974,45.115546586509,49.3045374973722,49.2350385533603,45.1553689725899,49.2915285648948,49.3008880706303,45.1281530926789,49.2417540677558,49.2581843603939,49.2316626268995,49.2627753455452,49.2980854100205,45.2409348480912,49.3403400415523,45.2854375635008
49.0935340502164,49.101996540679,44.9760999065421,49.0917677719364,49.0904925019728,49.0946921990658,49.0938933383206,49.0924727977525,49.0932069394361,49.0935758611236,49.0922323750709,49.0905994241102,49.0949573039939,49.0921341272548,49.0942831111252,44.9080960078869,49.0957672752723,49.0915027069261,44.9098928497509,49.0990579278181,49.095646517374,44.9086863452607,49.0953861101533,49.0982189145093,49.0919393135188,49.0924240301762,49.0957891699175,44.9148971966481,49.1045086169355,44.9081864489285
49.0844918055275,49.0844912336901,44.8959543535674,49.0844885691913,49.0844966159568,49.084493454063,49.0844886920665,49.0844906804111,49.084490615458,49.0844877903196,49.0844906168317,49.0844886204677,49.0844906581513,49.0844931547512,49.0844888505596,44.895489002311,49.0844942462289,49.0844882050718,44.895494902038,49.0844900248258,49.0844965188617,44.8954890250139,49.0844918550601,49.0844904045634,49.0844917090346,49.0844920832714,49.0844935277053,44.8954947453398,49.0844940939368,44.8954880270227
49.0844790971343,49.0844790356051,44.8954694162039,49.0844790219314,49.084479055791,49.0844790701973,49.0844790124511,49.0844790508976,49.0844790420202,49.084479009837,49.0844790185094,49.0844790060644,49.0844790156134,49.0844790117901,49.0844790245424,44.895469394198,49.0844790039638,49.0844790385329,44.8954693888377,49.0844791206223,49.0844790281903,44.8954693458038,49.0844789884051,49.0844789996987,49.084479037285,49.0844790017408,49.0844790299266,44.8954694157435,49.0844790543649,44.8954694156307
49.0844790047431,49.0844790002739,44.895469322279,49.0844789908298,49.0844789878589,49.0844790213467,49.0844790071895,49.0844789922636,49.0844790420202,49.0844790093752,49.0844789951182,49.0844790060644,49.0844790003651,49.0844790117901,49.0844790245424,44.8954693351039,49.0844790039638,49.0844789857035,44.8954693475029,49.0844790020648,49.0844789999006,44.8954693458038,49.0844789884051,49.0844789996987,49.084479037285,49.0844790017408,49.0844790115079,44.8954693337621,49.0844790075899,44.8954693495101
49.0844789900788,49.0844790002739,44.89546931813,49.0844789908298,49.0844789878589,49.0844790213467,49.0844790071895,49.0844789922636,49.0844789925945,49.0844790093752,49.0844789951182,49.0844789989624,49.0844789944061,49.0844790038198,49.0844790185317,44.8954693351039,49.0844790039638,49.084478981979,44.8954693411998,49.0844790020648,49.0844789999006,44.8954693409572,49.0844789884051,49.0844789996987,49.0844789950403,49.0844790017408,49.0844789963633,44.8954693337621,49.0844790017679,44.8954693495101
49.0844789900788,49.0844790002739,44.8954693174513,49.0844789908298,49.0844789878589,49.0844790213467,49.084478981059,49.0844789821313,49.084478984489,49.0844790093752,49.0844789951182,49.0844789989624,49.0844789944061,49.0844790038198,49.0844789853969,44.8954693351039,49.0844790039638,49.084478981979,44.8954693411998,49.0844789887917,49.0844789999006,44.8954693409572,49.0844789884051,49.0844789895326,49.0844789950403,49.0844790017408,49.0844789963633,44.8954693337621,49.0844789977921,44.8954693495101
49.0844789794812,49.0844789794812,44.8954693174513,49.0844789794812,49.0844789794812,49.0844789794813,49.0844789794812,49.0844789794812,49.0844789794812,49.0844789794812,49.0844789794812,49.0844789794812,49.0844789794813,49.0844789794812,49.0844789794812,44.8954693174513,49.0844789794813,49.0844789794812,44.8954693174513,49.0844789794812,49.0844789794813,44.8954693174513,49.0844789794812,49.0844789794812,49.0844789794812,49.0844789794812,49.0844789794812,44.8954693174513,49.0844789794812,44.8954693174513
49.0844789794812,49.0844789794812,44.8954693174513,49.0844789794812,49.0844789794812,49.0844789794812,49.0844789794812,49.0844789794812,49.0844789794812,49.0844789794812,49.0844789794812,49.0844789794812,49.0844789794812,49.0844789794812,49.0844789794812,44.8954693174513,49.0844789794813,49.0844789794812,44.8954693174513,49.0844789794812,49.0844789794812,44.8954693174513,49.0844789794812,49.0844789794812,49.0844789794812,49.0844789794812,49.0844789794812,44.8954693174513,49.0844789794812,44.8954693174513
49.0844789794812,49.0844789794812,44.8954693174513,49.0844789794812,49.0844789794812,49.0844789794812,49.0844789794812,49.0844789794812,49.0844789794812,49.0844789794812,49.0844789794812,49.0844789794812,49.0844789794812,49.0844789794812,49.0844789794812,44.8954693174513,49.0844789794812,49.0844789794812,44.8954693174513,49.0844789794812,49.0844789794812,44.8954693174513,49.0844789794812,49.0844789794812,49.0844789794812,49.0844789794812,49.0844789794812,44.8954693174513,49.0844789794812,44.8954693174513
49.0844789794812,49.0844789794812,44.8954693174513,49.0844789794812,49.0844789794812,49.0844789794812,49.0844789794812,49.0844789794812,49.0844789794812,49.0844789794812,49.0844789794812,49.0844789794812,49.0844789794812,49.0844789794812,49.0844789794812,44.8954693174513,49.0844789794812,49.0844789794812,44.8954693174513,49.0844789794812,49.0844789794812,44.8954693174513,49.0844789794812,49.0844789794812,49.0844789794812,49.0844789794812,49.0844789794812,44.8954693174513,49.0844789794812,44.8954693174513
49.0844789794812,49.0844789794812,44.8954693174513,49.0844789794812,49.0844789794812,49.0844789794812,49.0844789794812,49.0844789794812,49.0844789794812,49.0844789794812,49.0844789794812,49.0844789794812,49.0844789794812,49.0844789794812,49.0844789794812,44.8954693174513,49.0844789794812,49.0844789794812,44.8954693174513,49.0844789794812,49.0844789794812,44.8954693174513,49.0844789794812,49.0844789794812,49.0844789794812,49.0844789794812,49.0844789794812,44.8954693174513,49.0844789794812,44.8954693174513
49.0844789794812,49.0844789794812,44.8954693174513,49.0844789794812,49.0844789794812,49.0844789794812,49.0844789794812,49.0844789794812,49.0844789794812,49.0844789794812,49.0844789794812,49.0844789794812,49.0844789794812,49.0844789794812,49.0844789794812,44.8954693174513,49.0844789794812,49.0844789794812,44.8954693174513,49.0844789794812,49.0844789794812,44.8954693174513,49.0844789794812,49.0844789794812,49.0844789794812,49.0844789794812,49.0844789794812,44.8954693174513,49.0844789794812,44.8954693174513
