3960.7395239644,1798.29747519714,698.475676050651,3681.63328725739,4378.80097119207,1884.39099623464,2869.81557410343,1301.98952646438,3706.62185787088,1095.36338337971,5334.43384460141,1186.32733087026,1640.74794221807,1808.37197044023,4181.64848017496,1595.65880790736,3965.86636006229,2189.34308557632,5039.30857948019,1634.64101972346,3136.82010332539,1786.4244557069,4416.95041759667,2752.31116598031,1534.29920734854,3252.12580585306,2674.12404914834,1764.5165725766,2473.69574181922,2101.93386738193
1616.66518535475,1798.29747519714,698.475676050651,3681.63328725739,4287.40608555578,1884.39099623464,2869.81557410343,1301.98952646438,1871.30384376161,1095.36338337971,3675.68765076418,797.948039515958,1640.74794221807,1808.37197044023,808.217001779395,1595.65880790736,3510.86443059411,1469.8854182742,2885.09626052044,1634.64101972346,3136.82010332539,1251.43882617322,4416.95041759667,2752.31116598031,1007.50049756587,2462.69485321027,2674.12404914834,1007.29294880798,2473.69574181922,1533.34252624012
1616.66518535475,1798.29747519714,698.475676050651,1856.74826396765,3281.92661854369,1232.57533933889,1043.40150199765,1082.03274822126,1641.72201205848,1095.36338337971,1895.96512930604,797.948039515958,1175.11330276784,1808.37197044023,808.217001779395,1445.8699327506,2635.92347307006,1238.94213989158,2885.09626052044,1634.64101972346,2695.73811939073,1251.43882617322,4308.9988087988,2752.31116598031,768.821599897947,2378.3915832729,2674.12404914834,1007.29294880798,736.095217218687,1533.34252624012
1616.66518535475,589.638230425286,698.475676050651,1453.14426793457,1736.63112883159,1232.57533933889,1043.40150199765,1082.03274822126,1641.72201205848,677.587375099272,1225.83709543513,797.948039515958,1175.11330276784,1185.25252589361,808.217001779395,1393.1203411352,1723.77221008981,875.912345619689,2034.58542594875,1265.94125213061,1652.73314523668,1007.66587199384,1846.72012408773,1515.88589221502,756.803242721834,1055.02766626886,1274.70509746096,1007.29294880798,736.095217218687,1075.42603215814
721.30128456591,589.638230425286,698.475676050651,1127.03547523031,1443.84033659644,1106.29219033671,991.327552470013,1072.76242944525,1140.07394897917,487.490028571339,1097.53085303506,406.719045962589,677.60128224919,846.419692047876,797.350106914172,1118.88705019712,736.527346666629,618.525866556187,920.539850382062,854.952944269622,1057.45035966104,634.471747102378,843.60142774266,805.321050232897,756.803242721834,1055.02766626886,1194.0702073543,747.409463346317,736.095217218687,845.043834346468
404.872601506563,371.906065181016,500.619343188149,394.612437864523,766.12903177652,445.198048159478,459.301544301163,393.75016195753,572.308457726849,243.504853498164,299.065067033898,296.92097321193,422.037502882725,476.772186176652,425.381824487557,590.877261019415,417.267692831241,383.747474914247,497.339049402236,308.297713860294,641.084265574818,278.376513443818,398.255381146766,354.727455738148,396.750087185395,599.587716829051,466.62911498257,330.611060792645,466.756360632999,454.937911026388
137.603500597739,129.284694337209,170.213190686577,149.959175123124,179.055459172363,229.629536238367,214.679097390047,152.542673408027,159.542713104662,114.953105413976,158.929953697308,128.099793898665,168.81994470298,155.684372591537,126.909045061584,219.178152114967,170.6354465024,155.460973892612,169.958403165626,125.297121925924,208.514148011019,176.958650666718,143.524926523755,154.422490251619,153.283314149659,205.928439251003,223.897911704017,158.619634954512,191.569143532969,176.703695186997
62.0887798612917,67.3901026642216,68.617605878965,62.6366945542233,65.3989052156106,80.4326157863869,63.449098134404,63.7405719787432,67.2651154426614,57.420525703881,60.3642053642969,63.0218684561544,75.6916747396776,65.0978509610882,63.3290640355256,70.8594932825589,61.3128875812599,75.5240393979399,62.4847942902639,62.9917896860438,64.490013353783,62.2689164694189,64.1520760226221,64.3581971616248,61.6072276719805,65.1215627643775,65.6327479357722,57.2737707080248,69.5934829797264,62.6393698220034
50.0802331763654,49.5441667069242,50.8339924276868,49.727794299338,49.9945526133002,50.0237140940404,50.0027049054326,49.9078958729145,49.9223516179014,49.8354546632349,49.8674799598102,49.725326563432,49.8005654422233,49.751050140191,49.7375352161962,45.5921787124599,49.9756103341617,49.7950631036188,46.3836901659923,49.9112501376521,49.8784901220175,45.8455453259826,49.7152198468979,49.9659022195728,49.6452834844264,50.0852053823473,50.0033737279307,49.4510800903413,49.9923575627144,47.2074873325483
49.1045963981212,49.1072852624181,44.9964178766202,49.0996305252655,49.1013215586465,49.105898190635,49.1064681425584,49.1016901515672,49.1091864471238,49.1016946526962,49.104834806337,49.1004863135723,49.1067865974759,49.1046877167745,49.099789240242,44.9228841297922,49.1049045616428,49.1007885216208,44.9278982935197,49.1068098338472,49.1116847594841,44.9208528945338,49.1057814604038,49.1076536891828,49.0978999340586,49.108082880748,49.1008622462522,44.9299768694667,49.1151119065835,44.9306469532354
49.0844918055275,49.0844912336901,44.8959543535674,49.0844885691913,49.0844966159568,49.084493454063,49.0844886920665,49.0844906804111,49.084490615458,49.0844877903196,49.0844906168317,49.0844886204677,49.0844906581513,49.0844931547512,49.0844888505596,44.895489002311,49.0844942462289,49.0844882050718,44.895494902038,49.0844900248258,49.0844965188617,44.8954890250139,49.0844918550601,49.0844904045634,49.0844917090346,49.0844920832714,49.0844935277053,44.8954947453398,49.0844940939368,44.8954880270227
49.0844790971343,49.0844790356051,44.8954694965195,49.0844790219314,49.084479055791,49.0844790701973,49.0844790124511,49.0844790508976,49.0844790420202,49.084479009837,49.0844790185094,49.0844790229594,49.0844790156134,49.0844790117901,49.0844790245424,44.895469394198,49.0844790039638,49.0844790385329,44.8954693888377,49.0844791206223,49.0844790281903,44.8954693458038,49.0844789884051,49.0844789996987,49.084479106568,49.0844790017408,49.0844790474584,44.8954694157435,49.0844791244438,44.895469456195
49.0844790606383,49.0844790284664,44.895469322279,49.0844790089884,49.0844789878589,49.0844790213467,49.0844790071895,49.084478997657,49.0844790420202,49.0844790093752,49.0844790185094,49.0844790060644,49.0844790156134,49.0844790117901,49.0844790245424,44.8954693503832,49.0844790039638,49.0844790309582,44.8954693516582,49.0844790020648,49.0844789999006,44.8954693458038,49.0844789884051,49.0844789996987,49.084479037285,49.0844790017408,49.0844790115079,44.8954693337621,49.0844790543649,44.8954693495101
49.0844789900788,49.0844790002739,44.89546931813,49.0844789908298,49.0844789878589,49.0844790213467,49.0844790071895,49.0844789922636,49.0844789925945,49.0844790093752,49.0844789951182,49.0844789989624,49.0844789944061,49.0844790038198,49.0844790185317,44.8954693351039,49.0844790039638,49.084478981979,44.8954693411998,49.0844790020648,49.0844789999006,44.8954693409572,49.0844789884051,49.0844789996987,49.0844789950403,49.0844790017408,49.0844789963633,44.8954693337621,49.0844790017679,44.8954693495101
49.0844789794812,49.0844789794812,44.8954693174513,49.0844789794812,49.0844789794812,49.0844789794812,49.0844789794812,49.0844789794812,49.0844789794812,49.0844789794812,49.0844789794812,49.0844789794812,49.0844789794812,49.0844789794812,49.0844789794812,44.8954693174513,49.0844789794813,49.0844789794812,44.8954693174513,49.0844789794812,49.0844789794812,44.8954693174513,49.0844789794812,49.0844789794812,49.0844789794812,49.0844789794812,49.0844789794812,44.8954693174513,49.0844789794812,44.8954693174513
49.0844789794812,49.0844789794812,44.8954693174513,49.0844789794812,49.0844789794812,49.0844789794812,49.0844789794812,49.0844789794812,49.0844789794812,49.0844789794812,49.0844789794812,49.0844789794812,49.0844789794812,49.0844789794812,49.0844789794812,44.8954693174513,49.0844789794812,49.0844789794812,44.8954693174513,49.0844789794812,49.0844789794812,44.8954693174513,49.0844789794812,49.0844789794812,49.0844789794812,49.0844789794812,49.0844789794812,44.8954693174513,49.0844789794812,44.8954693174513
