78.4667729344732,117.09207687638,125.387219312249,111.963006768825,123.450613932301,107.734316052268,122.506478352074,110.453637582643,81.5997800985282,98.6501913484243,113.662514179196,84.4914259502235,131.962108155835,116.779537802647,119.805717113687,109.138329281971,115.593600329751,104.656414380508,120.013389087005,64.0538146567441,118.217115606186,106.416494988534,88.7120375511058,119.426037695446,95.9325748270491,87.7911710181614,86.2111228697574,107.711148738513,127.600447732147,128.138721379958
78.4667729344732,117.09207687638,125.387219312249,111.963006768825,123.450613932301,107.734316052268,120.9349588768,110.453637582643,81.5997800985282,84.5723591066018,87.6852035250306,84.4914259502235,131.962108155835,116.779537802647,119.805717113687,109.138329281971,108.407101459713,85.8288306663541,117.073419837163,64.0538146567441,107.44667620447,106.416494988534,88.7120375511058,98.3112077935098,95.9325748270491,87.7911710181614,86.2111228697574,107.711148738513,109.140373051084,98.9734930996831
78.4667729344732,117.09207687638,109.675758723293,108.787240815115,123.450613932301,104.779005960764,97.1558422712361,104.795131204603,81.5997800985282,84.5723591066018,87.6852035250306,84.4914259502235,113.176766788338,94.4154453646878,114.298207366976,109.138329281971,97.9024755769907,85.8288306663541,101.831896662439,64.0538146567441,100.550479724943,104.552758980965,81.3160887300816,98.3112077935098,95.9325748270491,84.0448746311645,86.2111228697574,107.711148738513,109.140373051084,68.0541744030786
78.4667729344732,117.09207687638,100.500004591095,96.8251165602139,123.232511245011,102.392827641408,85.3020904187246,92.6321035522903,79.3202318778605,84.5723591066018,87.6852035250306,57.8835916580197,80.8852246240281,87.8600013691794,98.1866927647145,109.138329281971,97.9024755769907,72.6726901734295,101.426128557582,64.0538146567441,100.550479724943,101.652928635592,81.3160887300816,93.808874609684,95.9325748270491,84.0448746311645,86.2111228697574,76.9718363817932,88.8709493660923,68.0541744030786
67.1607788984693,94.2320005896244,100.500004591095,76.9539103964307,111.45362646372,86.1882338483147,85.3020904187246,92.6321035522903,70.2724631687236,84.5723591066018,87.6852035250306,57.8835916580197,80.8852246240281,61.0712582345509,89.6779159840751,86.4377736805379,97.9024755769907,72.6726901734295,93.9237933107441,64.0538146567441,94.8800789654146,101.652928635592,81.3160887300816,86.5977087623313,81.3956342632351,84.0448746311645,86.2111228697574,76.9718363817932,81.4302882993392,68.0541744030786
67.1607788984693,94.2320005896244,88.1748463750922,61.9531705718576,83.051383439317,86.1882338483147,64.2322896105276,73.8985219174907,52.7539350399065,77.3467571923779,61.1361402168269,57.8835916580197,76.4260292446216,58.0903793308325,67.7427809517034,80.2152837308265,88.3860184543689,52.2216259797852,91.0289304752653,64.0538146567441,75.1735861791452,89.3588886561164,63.5971017779744,77.1355863205902,65.1647782693383,62.9330178290711,64.4345193826721,60.3770381246392,77.9895750383386,68.0541744030786
45.7751750924267,63.5211173012133,82.4323315300383,36.2578673588555,61.1353796409243,66.5932347252372,43.6420248619967,50.7616006601432,39.0966436451477,56.1729673676466,33.5920944625918,50.0541913738175,62.3690284571557,50.2376013106032,32.9256974758874,45.67277186918,64.7132951443216,34.0595250108252,59.4644872599625,62.1677642275367,55.2568355767339,51.5526479958156,61.8768074094951,48.9655221930772,45.9585607806999,48.2586538841881,59.5613658951843,52.1179098857161,54.8565441881511,52.0285830085396
13.923029842265,30.2937092335497,49.8410413785097,12.8677648705197,29.0462523923673,30.6734483581193,18.7341565575841,17.5270337068023,15.991291290257,24.6476414537537,18.9883401508838,20.5276033736253,22.7388213531684,17.6638692032654,15.847819841058,13.3393819359108,31.7912620459125,10.4418028365923,24.5258704549077,24.4669227946941,15.3476880689799,15.2254503011729,20.4081711071003,19.7907589673904,19.1781898103659,24.5716816790807,29.9008204285451,20.2351678599149,26.8234473870422,24.4430931416132
4.86033855056314,6.2621650688784,14.4388762988092,5.97719425507239,7.95913977955308,10.0776132215905,5.56321220806876,4.7376231886376,5.41034506790243,4.59152115216284,3.79425621885332,4.65357157134895,4.86105670626705,5.19082414441255,4.09378376884956,3.88125505656433,4.85741455808557,2.7694978459067,5.54111565051528,5.16917139646762,5.13386566549843,2.87369732432308,4.93891697389256,4.71252352213071,5.82948361463662,6.2211623831962,6.012234316785,5.52286292202029,4.87330779764898,7.20555094627332
0.955012559004899,0.795611153315122,1.83271652233168,1.02301063784785,1.18754669350301,1.64644158543717,1.26822055445234,0.891645942366722,1.09257232718483,1.10998665376405,1.09769873082735,0.634333291834537,1.07298134643793,1.03028596534182,0.733129142371126,0.991562327320707,0.952238053820793,0.460837555776607,1.02493153422063,1.26666171631905,1.17546667356771,0.575638744836851,0.99739050923688,0.713715217098979,1.39008185820796,1.22812762429953,1.01771882558455,0.842476920358308,1.41432756839515,1.13293281390975
0.0684334008337828,0.0570986644530649,0.108067998024922,0.0720573410908401,0.0721402774462376,0.201970610056719,0.142228896973165,0.0614512393227642,0.0447632725778249,0.0510667217278069,0.0581705131844501,0.0152685606285559,0.0776965515249231,0.0572071018217457,0.0666348370137939,0.0741643732575312,0.0649096424789377,0.00883558547320717,0.0498394748378814,0.0920142616212161,0.0623843671461373,0.0197693929037541,0.0719248447418295,0.0419337292153159,0.130516548020751,0.0634359569670551,0.0739834464897058,0.0557379318116773,0.121068650082066,0.104079065942983
0.000643830444914784,0.00430507275734726,0.00227559673987798,0.000551270042251417,0.00121216819036363,0.00499566096368653,0.00251095584769701,0.00221024468828546,0.00286215064807038,0.000376613049979824,0.00209091511510451,0.000195672210111297,0.00229002908417897,0.0016543038520922,0.0102360675155069,0.0038251143727166,0.00120036913051536,0.000302936817774935,0.000685957972905271,0.00155776706367305,0.00191832920108936,0.000726138471691229,0.000967523027497919,0.00228263182987121,0.0052797020015305,0.000728046111248659,0.000979744098799529,0.000527835727780257,0.0020687697624453,0.0200641316764631
0.000374762481442303,0.00430506437385247,0.00195343482971566,1.13260705347784e-06,0.00112175700064654,0.00498934573954557,0.00209846010216097,0.0022102404599309,0.00286213820709236,1.45593645584086e-05,0.00209090962880509,0.000195660949771082,0.0022894659944086,0.0016542615810522,0.0102360259347734,0.00382506529820148,0.00120034703172678,0.000302932949466594,0.00066414237915069,0.00151782686384649,0.00191832438383699,0.000726134711385384,0.000840199386630047,0.00228261534107332,0.00527932647582929,9.48035790315771e-06,0.000705927786839311,0.000460403142483301,0.000635206686069978,0.020064122856752
0.000374761737703011,0.00430506428619992,0.00195343482971566,1.13257624434482e-06,0.00112171020839469,1.8158375951316e-05,0.000140969502922417,0.00221023985557167,0.00286181649346418,1.45592841818143e-05,0.0020903127526708,0.000195550298826674,0.00228944987952673,0.00165425806858366,0.0102337413853775,0.00382506529820148,0.00120034506437605,0.00030293248119051,0.000664138680463111,0.0015178170198169,0.00191832422774496,0.000726134711385384,0.000839034740693023,0.0022819047893563,0.000320369026439948,9.48015781432332e-06,0.000705891775169221,0.000460401854638803,0.000255839206829478,0.00101514569314531
1.13686837721616e-13,1.13686837721616e-13,0,1.13686837721616e-13,7.98527253209613e-08,1.13686837721616e-13,1.13686837721616e-13,1.13686837721616e-13,1.13686837721616e-13,2.27373675443232e-13,1.13686837721616e-13,4.47926140623167e-10,1.13686837721616e-13,1.13686837721616e-13,1.13686837721616e-13,1.13686837721616e-13,7.9973347055784e-08,3.5692379469765e-06,3.19456489705772e-07,0,1.13686837721616e-13,3.73472630599281e-09,1.13686837721616e-13,1.13686837721616e-13,1.13686837721616e-13,1.13686837721616e-13,1.13686837721616e-13,1.13686837721616e-13,1.13686837721616e-13,1.13686837721616e-13
1.13686837721616e-13,1.13686837721616e-13,0,1.13686837721616e-13,7.98527253209613e-08,1.13686837721616e-13,1.13686837721616e-13,1.13686837721616e-13,1.13686837721616e-13,1.13686837721616e-13,1.13686837721616e-13,1.13686837721616e-13,1.13686837721616e-13,1.13686837721616e-13,1.13686837721616e-13,1.13686837721616e-13,7.9973347055784e-08,1.13686837721616e-13,3.19456489705772e-07,0,1.13686837721616e-13,1.13686837721616e-13,1.13686837721616e-13,1.13686837721616e-13,1.13686837721616e-13,1.13686837721616e-13,1.13686837721616e-13,1.13686837721616e-13,1.13686837721616e-13,1.13686837721616e-13
