4612.69113859638,12017.7918613789,5935.74419142887,3124.83666691069,10304.2613875686,6847.86893609761,10289.7391914473,10199.8334920664,6756.34264096461,8351.17945948804,8016.73045008607,6343.63871997596,8988.00391831973,2546.3051957161,7187.21291353101,7368.73188423505,5702.95685141175,9353.08286751372,7973.15136620955,8193.83366551396,5809.23083082485,9148.65467564655,9024.50521544289,9878.10279619314,7820.36820925579,8891.51380530573,9323.28043552594,10230.5601270847,8303.95759739379,8317.58601145966
1913.50512927337,8026.90964300873,5197.65008797291,3124.83666691069,10020.464394903,4915.19130763526,10289.7391914473,5690.65980519685,3315.93070001408,7934.45081274556,8016.73045008607,6343.63871997596,3791.74696200939,2546.3051957161,3864.07328718597,6336.06996879896,5702.95685141175,8278.69574174135,7973.15136620955,8193.83366551396,5809.23083082485,7377.01574240891,9024.50521544289,6877.50934966772,6193.96474159833,8891.51380530573,9323.28043552594,2831.98142583406,8303.95759739379,4869.22599640555
1894.29058277064,5155.42627248341,4628.7866844082,3124.83666691069,5903.16364322672,3103.71487887768,6268.77682842363,4001.20938054549,3315.93070001408,4264.01036474001,4246.07496533695,4265.54575970979,2908.91377533961,1949.82320317105,3864.07328718597,1525.10388457525,5108.34614405401,4750.18610614175,2587.1500940834,5870.32408781193,5809.23083082485,7210.56259467369,7781.40118413393,3460.09740441367,4774.27659706517,5548.73345064779,5486.62918998313,2831.98142583406,4706.8235313219,4869.22599640555
1894.29058277064,5155.42627248341,4213.71641291167,3124.83666691069,4812.6060334678,3103.71487887768,4473.6333844555,3036.97777690175,3148.20747485381,2075.37323196399,4246.07496533695,4265.54575970979,2908.91377533961,1949.82320317105,1670.4447773449,1525.10388457525,5108.34614405401,4750.18610614175,2587.1500940834,3856.22581581965,3812.86965558724,3227.48955282061,4280.42540183088,3460.09740441367,4774.27659706517,5108.59816697259,2965.20513397359,2831.98142583406,2312.31578335043,4869.22599640555
1894.29058277064,2596.64046419987,4213.71641291167,3124.83666691069,4228.11409953132,2686.59367722608,4473.6333844555,2859.41043659365,2726.41735199489,2001.62157405313,2916.25868292452,4265.54575970979,2908.91377533961,1949.82320317105,1670.4447773449,1525.10388457525,4345.90350870438,4441.51263930193,2587.1500940834,3363.04062950071,3321.10180390803,3227.48955282061,3770.3408193916,3460.09740441367,2809.50643075305,4182.64882280232,2965.20513397359,2629.39134404477,2312.31578335043,3599.09310378928
566.682370198562,1893.01070284927,1617.80736561598,1194.50803603807,2433.82555623688,1926.2889901173,1620.21655188021,1092.51641434319,631.205988701317,1067.5296518769,1727.21097494958,2539.18477741865,1908.07612564073,1374.71731543941,1670.4447773449,1086.80579468064,2456.94539721475,1985.67924329219,1357.19810554347,1211.14163461788,1771.36681883619,1751.87468301631,2032.62991674974,2147.40314865853,1592.22546382292,2154.90107882445,1970.13221259291,1699.39429872863,1491.55602801747,1777.77596916536
84.1193063343303,259.012020887079,324.707818673862,384.104454457629,1061.23509615243,464.611134657674,411.349681554721,338.060633279367,213.443318008291,254.388875919751,306.251387287934,513.067506298525,368.427563895899,221.281371107751,236.857163066382,302.656935040154,435.295130048123,306.424219335832,329.039403699756,300.188727924983,369.587753843438,454.998253059347,365.955019080527,335.840987872081,243.840043952269,529.000868233497,444.670712797926,355.978095334507,353.005463160054,308.832521753273
13.1649549628378,22.2654208597763,20.8373579804096,46.1209909055996,47.2164028644177,35.565806608392,54.209941263682,37.8452434941015,30.0463011785415,16.7612825080244,26.4769277413194,36.0088144421433,30.4602564536209,36.6439767199754,40.1778664366936,78.927933260594,48.4489485148946,31.2542325139345,47.8898608240596,21.1739840021913,24.0935265240581,47.9632722429436,41.995412071529,44.7697377630585,56.7483349082474,58.6172023411289,37.69779669078,59.9059912484336,55.3889593938756,19.7717456712687
1.49480483493562,3.78438082917467,2.59625604840005,3.0715070270295,2.34352498767464,2.54169858929083,3.52102926740872,2.27750854076317,2.21228099081577,3.05646630150147,2.86263393342813,2.3458680251839,2.3315679432784,1.60617107845064,2.3758328493966,2.5820389697368,3.25063953203426,2.66844289533663,2.24044199110767,2.27443349708233,2.36223326350284,3.45495429368987,2.79495756791187,2.32118773764353,2.25200294732633,3.46343090051619,2.31386660597218,2.13394251197428,4.01933750140995,2.81200557838554
0.10632090994784,0.401112945302202,0.187210054967295,0.1469262874474,0.140241486871901,0.072196349427827,0.211060629258327,0.0645623568425435,0.109090001302093,0.245962154661925,0.1303606586348,0.15157445916509,0.166582054093624,0.146984408254752,0.15765222302889,0.201145829973143,0.327930843858212,0.221891798850265,0.10580153467663,0.131238197850962,0.0880575154861845,0.246182692209118,0.141869587267593,0.122250145375915,0.169989832688998,0.216850907991784,0.274965954904133,0.142704514727939,0.127502659885636,0.0992697810820573
4.28870293944783e-06,5.78389563088422e-06,6.37913717582705e-06,4.41890301772219e-06,6.90071101416834e-06,2.03594390768558e-06,3.92310255392658e-06,2.14336364479095e-06,5.4888637350814e-06,7.98608550667268e-06,3.71820908640075e-06,3.0472300522888e-06,4.47606305442605e-06,2.6961076855514e-06,3.38415372880263e-06,6.39922984646546e-06,4.5245645878822e-06,4.26170743139664e-06,3.6447885349844e-06,1.82395410774916e-06,1.8469492033546e-06,7.82124584475241e-06,7.16702788849943e-06,6.51619996006048e-06,8.72755015279836e-06,3.65302105365117e-06,3.19275079618819e-06,3.4635957035789e-06,5.32078854575957e-06,2.96586995318648e-06
1.13686837721616e-13,5.6843418860808e-13,5.6843418860808e-13,3.41060513164848e-13,1.13686837721616e-13,1.13686837721616e-13,2.27373675443232e-13,1.13686837721616e-13,2.27373675443232e-13,1.13686837721616e-13,1.13686837721616e-13,1.13686837721616e-13,2.27373675443232e-13,2.27373675443232e-13,1.13686837721616e-13,2.27373675443232e-13,2.27373675443232e-13,3.41060513164848e-13,1.13686837721616e-13,1.13686837721616e-13,1.13686837721616e-13,1.13686837721616e-13,2.27373675443232e-13,2.27373675443232e-13,2.27373675443232e-13,2.27373675443232e-13,2.27373675443232e-13,2.27373675443232e-13,2.27373675443232e-13,1.13686837721616e-13
0,0,0,0,0,0,0,0,0,0,0,0,0,0,0,0,0,0,0,0,0,0,0,0,0,0,0,0,0,0
0,0,0,0,0,0,0,0,0,0,0,0,0,0,0,0,0,0,0,0,0,0,0,0,0,0,0,0,0,0
0,0,0,0,0,0,0,0,0,0,0,0,0,0,0,0,0,0,0,0,0,0,0,0,0,0,0,0,0,0
0,0,0,0,0,0,0,0,0,0,0,0,0,0,0,0,0,0,0,0,0,0,0,0,0,0,0,0,0,0
