13750271.2367208,13313676.0578975,24486300.8221652,7643643.26009327,23952162.7789638,13815828.9401601,21654836.7974109,8222045.97824395,3159076.33218051,11044271.1508015,20872947.523371,15790541.9771453,14368320.79476,48402479.35052,30992274.4806158,4573502.47484427,10808837.7127949,12081006.891747,34236465.4735933,9206912.90399051,28038987.4055002,31600817.6778381,10528348.988105,7774417.60369816,4695192.73644735,13501661.6792056,16376408.6490356,16377119.6630757,9625731.28851382,17328352.7177307
184825.376926798,558424.548757315,702103.022512002,698445.852370028,174587.566718101,571476.248942091,626434.97825723,157636.498328817,374490.071039881,470727.312555445,1286636.88738675,627966.273401358,770892.916806113,232096.454641463,741369.754175387,671452.013450031,628402.786047226,529234.149476758,1002486.17000521,527108.606737986,1166709.70969434,1142006.81920331,350380.529133843,725212.85068354,1069201.03913171,707554.732216514,1149054.33779471,771637.115923526,75577.2421602167,1010334.77583728
10855.646691275,18928.6378432112,37893.5399252397,23087.3057840066,9647.16063825143,22082.0620266952,30183.5219871293,5639.49362694303,23332.3015965538,31066.7567583738,47177.1682350783,13381.6516863391,7919.52297501893,37957.1630191123,25762.4449388234,16611.4766940173,25964.8304477576,14556.4736632515,69091.0597539967,7517.4430834926,15593.7229832777,32982.8321918546,14391.2384310738,10841.9954787238,13341.4808491296,16141.8738479738,28233.8978361474,28593.205612416,4854.87283261695,34448.5554780073
151.170954684793,181.31603451613,226.718776283324,212.652966893429,240.182032138908,177.211741498716,301.443492707151,158.021495141264,193.598463020742,249.964789898115,195.470399578869,121.470623489793,208.789746120922,372.913575757987,238.074796221529,209.470090223796,235.244614224965,152.294024110014,270.603179488645,187.933607322371,226.361905241665,296.933122834012,179.08413147346,162.062020782821,167.511875358466,178.479320825861,274.763689390271,215.860125322872,218.963662077324,260.667026342069
38.1806822589028,50.6804044422661,34.32111495395,43.9420967515532,56.7733955648496,32.8272840777718,85.8082337676528,43.5041302362276,66.1356298223061,39.2157955054411,53.2824601413122,39.3241812554641,25.8852682687354,37.867886534819,76.379092314417,61.0751383023517,41.831501622773,26.7971840760608,65.0799101207908,69.5333412489697,36.4840385282266,31.7541402670267,50.1667085215836,31.740802245994,73.5725455482125,50.7564079811953,64.2438580681226,39.8501939593173,66.9751450260662,45.8422086727098
33.0362738374481,46.0393267140544,29.0662702206728,40.0304253613713,49.879200409875,31.2119142767483,78.8292210189375,30.8118368361897,54.6228557061218,25.6766298059079,50.3888263757533,33.9999357870684,19.2048590269339,30.9938996859353,67.8010140324411,41.9442459355921,33.066175226767,18.6330546363965,35.2317477122315,67.0010964351245,18.1919937064602,11.0413059224859,37.5892582402519,26.2686983519907,69.7543239603267,46.0425420389463,42.8880052169111,29.135402255243,59.9418418770751,35.9779502160595
33.0295672214938,46.0366997353551,29.0560680417846,40.0176726231282,49.8687941969754,31.2055423453201,78.7832052627716,30.8006492607856,54.5997022043828,25.660559178443,50.3852037709266,33.989909753803,19.1803437438086,30.9800952063981,67.797606835441,41.9227514975623,33.0479221577696,18.6098938347573,35.2016435975067,66.9964925131628,18.1761786783766,11.0314333720114,37.5752316604774,26.257681136047,69.7492613183572,46.0358765918465,42.8608782663684,29.1094936505799,59.9185779289705,35.9652398026808
33.0293393320826,46.0365200282965,29.0558231993293,40.0175333867835,49.8684625030223,31.2053935829817,78.7822309018247,30.8005704030681,54.5994054914845,25.6603963181749,50.3851520197204,33.9897309862647,19.1797739820788,30.9796529650246,67.7974574833916,41.921416608254,33.0473554502614,18.6097428754492,35.2006250187769,66.9964164525925,18.17571766992,11.0311114991523,37.5750857667458,26.2572235977789,69.748994651211,46.0357126301817,42.860549251865,29.1089097464878,59.9011430187279,35.9645322336187
33.0293353639793,46.0365117017484,29.0558149206686,40.0175307199006,49.8684549777274,31.2053865525204,78.7821944081315,30.8005695373165,54.599401936965,25.6603944792159,50.3851511856062,33.9897282051959,19.179747584614,30.9796343848157,67.7974475292208,41.9213659787397,33.0473238238615,18.609741114753,35.2005940211327,66.9964150918624,18.1756987596129,11.0310957179424,37.5750836016448,26.2572007452122,69.7489873563238,46.0357069649278,42.8605445649989,29.1088890282053,59.9008423241257,35.9645063273283
33.0293352320411,46.0365113219873,29.0558142065875,40.0175304342827,49.8684540431657,31.2053862644577,78.7821928990579,30.8005690827467,54.5994010067495,25.6603941147357,50.3851507808834,33.9897273621721,19.1797468597913,30.9796337364251,67.7974470648321,41.9213626052522,33.0473220985991,18.6097405750718,35.2005929418613,66.9964143115308,18.1756982494053,11.0310951211904,37.5750829295275,26.2571999205099,69.7489869879594,46.0357067900895,42.8605436977409,29.1088881380501,59.900832127189,35.9645051362161
33.0293350121678,46.0365113070943,29.0558141272672,40.0175299446964,49.8684539430826,31.205386207982,78.7821928045294,30.8005686591287,54.5994003908065,25.6603936479817,50.3851504818542,33.9897267423471,19.1797468270265,30.9796336779614,67.7974470142469,41.9213624442521,33.0473219871053,18.6097399302357,35.2005928646836,66.9964135217508,18.1756981719882,11.0310951131009,37.5750825483178,26.2571998864057,69.7489868944624,46.0357067619059,42.8605429641013,29.1088880927171,59.900831912388,35.9645050383267
33.0293347757838,46.0365113013704,29.0558139649831,40.0175293900415,49.8684537895315,31.2053861132601,78.7821927360983,30.8005682966123,54.5993996603738,25.6603933487229,50.3851500999763,33.9897261110234,19.1797468208533,30.9796335677015,67.7974469052467,41.9213623295686,33.047321819342,18.6097393227487,35.2005928301185,66.9964129345242,18.1756981165522,11.0310950323233,37.5750822226337,26.2571998770004,69.7489867185841,46.0357067552623,42.8605421471916,29.1088880700681,59.9008317381633,35.9645049106623
33.0265352479139,46.036511297955,29.0558138182803,40.0175290275815,49.8684536554504,31.2053860194487,78.7821926019915,30.6830899148379,54.5993989918998,25.6603930322574,50.3851498739259,33.9897258042786,19.1797468187895,30.9796334419157,67.7974467709732,41.9213621521762,33.0473216250678,18.6097388336113,35.2005927831483,66.972226300453,18.1756980199882,11.0310949165637,37.5750819784012,26.2571998662827,69.7489865382722,46.0357067490113,42.8605416615189,29.1088879948127,59.9008315401068,35.9645047521724
33.0265352479139,46.0365112976579,29.0558136774634,40.0175287567074,49.8684534913655,31.2053858875943,78.7821924729385,30.6662865032181,54.5993984326581,25.5776038216234,50.3180925444074,33.9453561273037,19.1797468178909,30.9796333261991,67.7725154207412,41.9213620303981,33.0473214609849,18.6097384046236,35.200592714883,66.9715412211265,18.1756979476525,11.0310948166116,37.5211723216146,26.2571998592325,69.743860581528,46.0357067475138,42.8320828821136,29.1088879360716,59.9008313457505,35.9645046149028
