421.374425069075,281.533892173749,578.269678113039,408.841625634778,288.288085303334,293.530163364876,373.915864363535,362.922278748036,425.434018183755,271.380251562209,392.079206228413,420.022494411798,437.444000033434,411.155185831138,373.192115655306,537.996290783929,343.243287066022,442.977379137607,492.423853201431,438.220397661051,580.568464370112,417.813549564706,420.202966466444,465.61739038595,426.577202099757,559.588237562844,387.971644453016,451.947158556843,564.324370335385,475.330286948823
421.374425069075,281.533892173749,429.779311102098,408.841625634778,288.288085303334,293.530163364876,306.536747989094,362.922278748036,423.268869770508,271.380251562209,392.079206228413,420.022494411798,437.444000033434,411.155185831138,373.192115655306,476.022404668047,343.243287066022,442.977379137607,462.076137931489,390.264547163034,580.568464370112,417.813549564706,420.202966466444,465.61739038595,426.577202099757,559.588237562844,387.971644453016,451.947158556843,564.324370335385,465.856803932617
373.346708343403,281.533892173749,429.779311102098,408.841625634778,288.288085303334,293.530163364876,306.536747989094,362.922278748036,372.887983594131,271.380251562209,392.079206228413,372.364928957783,402.45739755931,324.816200550078,373.192115655306,452.186402448344,343.243287066022,363.389564273671,462.076137931489,279.292609802396,580.568464370112,417.813549564706,420.202966466444,465.61739038595,426.577202099757,444.419810128779,340.407176647814,451.947158556843,495.72274801185,465.856803932617
219.911495113133,253.933903887562,429.779311102098,408.841625634778,288.288085303334,293.530163364876,306.536747989094,362.922278748036,263.578881722107,271.380251562209,359.866314768848,353.116936237448,238.867407927661,324.816200550078,357.580929058788,281.661212737044,343.243287066022,349.346393268457,268.936520598179,279.292609802396,474.321883091077,231.307636452127,310.44389071564,433.096819825788,426.577202099757,444.419810128779,299.216881869029,310.209225001599,495.72274801185,349.000103099157
219.911495113133,215.195966154573,337.871802052474,340.466437596124,253.735703547696,293.530163364876,291.80230100461,353.375870689641,263.578881722107,271.380251562209,337.558324777154,353.116936237448,238.867407927661,271.799325083308,297.481533976186,253.938817669929,343.243287066022,349.346393268457,190.317458775281,279.292609802396,474.321883091077,231.307636452127,310.44389071564,433.096819825788,426.577202099757,350.810010235356,299.216881869029,310.209225001599,302.786181630818,349.000103099157
219.911495113133,188.078269912243,337.871802052474,340.466437596124,239.223096146549,242.949321958582,231.236242694296,257.441480865701,206.796593498446,259.597355022496,235.428851688504,176.533626623103,238.867407927661,271.799325083308,247.822780720679,253.938817669929,220.211322975492,349.346393268457,190.317458775281,231.290799048167,346.867604920808,209.586953209641,310.44389071564,280.597665138943,218.434387848586,323.972061247015,141.242027839309,310.209225001599,270.820775785887,339.390521661111
219.911495113133,165.705717218642,286.634822796734,267.77490863746,150.997280422831,231.974475142792,173.856467616688,257.441480865701,174.052146667473,205.152814648815,221.119219461232,170.146233088755,167.770635625182,159.303580511448,178.826355321086,173.932586124765,159.063887363538,171.009009104585,172.52526923682,201.2192541319,279.560788121203,209.586953209641,268.776879924212,247.243475358879,218.434387848586,170.766893271574,141.242027839309,215.265744659291,147.995543665005,244.170232547756
187.642808526575,143.143325457736,192.457209749095,203.285008856094,150.997280422831,132.736334641337,133.801614010885,196.401691892014,124.774580187802,179.040574219195,152.793606112457,130.791282811744,156.805002657836,159.303580511448,131.030541729166,142.998393217658,111.018049367759,154.826632566278,117.405396306742,158.857375671562,189.34255318515,170.198759421738,189.381785255513,164.94569702589,181.911542214352,141.953210667456,115.694744056798,192.061683723462,128.862469251567,185.670723420052
155.60988586881,121.048700984604,110.237578730485,171.080345252397,102.079458635245,104.731643787225,107.783713604502,130.313035599359,103.560412926291,172.700525264792,107.836362129254,122.484169210395,130.615289325276,147.344143954661,118.4625877515,118.542245453445,111.018049367759,101.809907702466,117.405396306742,147.267437757089,142.151513665771,148.294622583844,163.052095767983,132.317298015034,128.637086767221,141.953210667456,98.3309337792989,161.688864550892,128.862469251567,133.743578599507
110.545431132901,121.048700984604,93.1343717207524,124.895961538733,101.366371057419,78.3596151129923,104.786969879381,108.981769466693,103.560412926291,138.231231432967,95.2957019509295,122.484169210395,130.615289325276,88.7130525320285,118.4625877515,118.542245453445,111.018049367759,101.809907702466,117.405396306742,147.267437757089,98.444115737982,113.30957022919,113.328503548611,105.265436669567,88.1681732981006,141.953210667456,98.3309337792989,98.7993177293724,128.862469251567,94.1507691735505
87.6840544356915,121.048700984604,78.9896812006577,83.4692417306796,101.366371057419,78.3596151129923,104.786969879381,45.8463501883678,103.560412926291,46.3187758814815,29.2739420395164,122.484169210395,130.615289325276,31.2878511679,118.4625877515,118.542245453445,111.018049367759,101.809907702466,117.405396306742,147.267437757089,74.0627781152552,93.8609028888354,69.2510649742999,33.0874570304222,80.5417821640954,141.953210667456,98.3309337792989,45.8858048209456,128.862469251567,94.1507691735505
22.687624166055,121.048700984604,54.3033152714756,30.8960415720046,101.366371057419,78.3596151129923,104.786969879381,25.7455069969683,103.560412926291,22.2464120908453,16.1760864566818,122.484169210395,130.615289325276,23.4266825726033,118.4625877515,118.542245453445,111.018049367759,101.809907702466,117.405396306742,147.267437757089,37.9394858123137,56.2938118834122,27.952563823118,8.95004746462155,28.0802735718091,141.953210667456,98.3309337792989,24.9307855889879,128.862469251567,29.4059188546419
2.81344870031148,121.048700984604,50.1390891396436,0.824502349148361,101.366371057419,78.3596151129923,104.786969879381,22.5833613002685,103.560412926291,20.9042450326422,6.02928182115284,122.484169210395,130.615289325276,20.8558888519358,118.4625877515,118.542245453445,111.018049367759,101.809907702466,117.405396306742,147.267437757089,22.0889124069224,21.8102940144656,20.8281045209917,0.943130256039012,21.3710414256577,141.953210667456,98.3309337792989,23.0196288575469,128.862469251567,23.504745172329
0.312173353958087,121.048700984604,50.1390891396436,0.31218148135622,101.366371057419,78.3596151129923,104.786969879381,22.4445904201928,103.560412926291,20.7948333442678,2.30209156989167,122.484169210395,130.615289325276,20.5155807365579,118.4625877515,118.542245453445,111.018049367759,101.809907702466,117.405396306742,147.267437757089,20.805487193697,20.5345481422019,20.4732659983026,0.312173299662163,20.5439342899581,141.953210667456,98.3309337792989,2.11730747726483,128.862469251567,22.8157338645851
0.3121732570944,51.557317948038,21.5280439456003,0.312173257529821,54.6067958403837,61.1917167367619,56.0827682319587,22.4205782895597,58.3254510008451,20.7352651587241,2.30209137165116,63.5494055036534,52.540525692752,20.4431967861742,59.6072917836814,61.4187885145648,50.6678360288511,49.6703093409883,61.8079459381815,62.539437550397,20.7485726191112,20.4145870434352,20.4441420081703,0.312173258009807,20.2751873292959,54.0921471402803,57.0768095844251,1.58296157225004,56.4568756278813,22.8157338645851
0.312173256090546,43.6175356807603,21.3163162076469,0.312173256231972,43.2969697604215,45.0461724024885,45.7536558888321,22.3197043867642,44.7989938343801,20.6441432376189,2.30209137106817,39.3508857318147,43.5390862298459,20.442848403891,40.5619160653039,46.5157103003742,45.4869970221332,47.860008515737,45.1450966494572,48.6733036627852,20.3916677888258,20.3544736956301,20.3875204627759,0.312173256801316,20.0797630488896,40.7448877429063,42.7003099571541,1.58296156104029,42.3490801386204,21.6436445076818
