46.6220582722117,69.3970469149363,62.7321150524335,75.0872162380256,48.6850001327052,49.5982978562292,53.0287558596756,43.8080614280807,46.7026643529844,40.3702689154929,53.4916268857023,51.017277344823,113.756548487133,63.8967460792505,52.905367949299,63.2795778467553,49.2682974707027,51.4709308091169,69.8760370408154,58.801254120568,65.435814748897,67.7691214974948,65.7303145225555,84.8485257914185,96.9094971869094,95.2626853799261,56.513286936965,57.1426473996044,66.8979331534356,55.6779054374092
41.5842696926079,40.2458176764394,48.4402216695944,45.2104516377726,42.9620605905557,42.1582280071784,38.0389335633804,37.8080630727081,43.0888399082287,40.3702689154929,37.536229202909,37.0353185403005,49.5249931957997,45.0509778921,52.905367949299,52.5093188623828,49.2682974707027,48.2382921574863,48.2131116610744,48.277188289479,35.697866234842,38.3746506795073,47.5164656045331,42.8308128291269,40.2156733400352,46.05380062227,56.0712489806388,42.3218149420468,58.3778299001019,54.5012416235263
41.3126870723913,40.2458176764394,48.4402216695944,43.5472335757727,42.5514897319035,38.5614770969328,38.0389335633804,36.1744170893512,40.9421341695543,40.3702689154929,37.536229202909,34.870950287635,45.4173091447929,41.5963545349418,52.905367949299,52.5093188623828,49.2682974707027,46.3660632064634,38.1781607507819,39.3172426579818,35.697866234842,38.3746506795073,42.6073731792831,42.8308128291269,40.2156733400352,42.4489001977481,55.1506784885423,42.0794545580343,52.0702413704557,43.1772384437104
37.4708112253402,40.2458176764394,48.4402216695944,34.6673893037882,36.5582730661545,35.1114661327147,34.6667068037841,33.0637854712222,30.1546384430967,40.3702689154929,36.3195684972029,30.3929691855501,38.7129368287851,38.491183599087,48.7068738349158,49.286989521484,49.2682974707027,34.3894508752669,34.525282210504,36.6854196805707,28.5386152371652,33.7008619252611,31.8501011301764,38.5620087005218,30.043848669176,42.4489001977481,52.4291679624898,28.1647289990005,48.4024667464864,39.3467864275872
34.7112145187425,31.1571956114285,48.4370721359755,27.6975398799327,36.5582730661545,27.3823953001142,12.9547462128385,33.0637854712222,26.278836127176,40.3702689154929,26.6164921393329,25.123426477905,32.4123875152372,28.1316744924848,39.2621135773029,41.9006994393503,42.1698730650833,16.5978573349971,26.7733789944728,26.8599376243901,26.7602228723413,33.7008619252611,27.4612737389334,27.4696512046862,27.1688599143627,26.7818825627137,50.2490758966455,26.7137035342903,46.3091606515877,27.0132678364407
34.3019632743258,30.5659686064701,44.4271162160198,26.2336280290219,36.5582730661545,26.4076862272732,9.59080617764266,33.0637854712222,26.1024942651306,40.3702689154929,26.5253134212708,25.123426477905,29.5425884802626,27.127070736542,39.2621135773029,41.9006994393503,42.1698730650833,2.33751430526627,24.8448435047258,26.1107546446829,25.1351764439542,26.6009284227589,25.9479255005645,25.4736166935959,7.92876258924935,25.2638377432713,41.1730739734298,25.6382673685421,41.664243945952,24.6938528065284
34.3019632743258,26.962676387092,44.4271162160198,26.2229877744808,36.5582730661545,26.2637972723569,6.54824882032426,33.0637854712222,26.1024942651306,40.1907273849224,25.6306849666412,25.123426477905,28.8307548342959,25.6404449866131,39.2621135773029,41.9006994393503,42.1698730650833,0.425404768281169,24.8448435047258,25.1140016605032,24.2411207316509,26.4290772971899,25.9479255005645,25.4736166935959,4.97422786578863,25.1747207535823,39.6346635697023,25.6382673685421,41.664243945952,24.6938528065284
34.3019632743258,25.7705844851403,44.4271162160198,25.6892827263564,36.5582730661545,25.5899862369092,5.58749803605679,33.0637854712222,26.1024942651306,37.3861984314749,25.6306849666412,25.123426477905,26.0110681547044,24.4551817522615,39.2621135773029,34.5730654678418,42.1698730650833,0.399478773541887,24.8448435047258,25.1140016605032,24.2411207316509,25.9138546700074,25.4803605904954,24.5533778671243,3.23718861968018,24.6517602073982,39.6346635697023,24.6394778924364,41.664243945952,24.6938528065284
34.3019632743258,24.8063162474837,37.395036147022,25.6182389073056,36.5582730661545,25.5899862369092,4.74991115602688,33.0637854712222,25.5735172421319,37.3861984314749,25.6306849666412,23.9148020365374,25.2686427321401,24.4551817522615,39.2621135773029,34.5730654678418,39.9526204659801,0.398952834741976,24.8448435047258,25.1140016605032,24.2411207316509,25.9138546700074,12.7485138073148,24.5533778671243,2.99058596746272,23.556353691547,39.6346635697023,24.6394778924364,41.664243945952,24.0272884944802
31.2978804600452,24.2876389707048,31.4663761827469,25.6182389073056,30.1757342109131,23.8684858819884,3.58976034026819,32.4525152938272,25.5735172421319,30.2281577247682,25.5313013665077,23.9148020365374,24.6031478333794,24.4551817522615,31.0354597680553,30.4966832903174,32.6312015737617,0.398821551251785,24.8448435047258,25.1140016605032,24.2411207316509,25.9138546700074,6.69530777316095,24.3041902868617,2.99058596746272,23.556353691547,32.5532775327633,24.6394778924364,27.1497286588865,24.0272884944802
30.9310012790393,24.0671433556136,28.3653726406956,25.2006247973259,29.7121475096906,23.8684858819884,3.58976034026819,31.1893757945641,25.5735172421319,30.2281577247682,25.0693188282989,23.9148020365374,24.3697373510936,24.4551817522615,29.4106912839206,30.4966832903174,30.3569643380911,0.398812742433165,24.8448435047258,25.1140016605032,24.2411207316509,25.3145902157912,1.40172660420649,23.9796511552527,1.1279356116147,23.556353691547,32.4501541370878,24.6394778924364,27.1497286588865,24.0272884944802
29.5170224546541,24.0671433556136,28.3653726406956,25.2006247973259,28.411956993486,23.1795764351696,3.58976034026819,31.0611326343806,24.815745308184,29.8696822965858,25.0693188282989,23.2933083691951,24.3016492727265,24.4551817522615,27.010306179589,28.3710428150862,29.1501681818308,0.398810626709292,24.8448435047258,23.1441940124923,24.2411207316509,25.0705909832964,1.29379899242167,23.9446485281342,0.457436969256833,23.556353691547,27.9998493931762,24.6394778924364,27.1497286588865,24.0272884944802
29.5170224546541,23.489288170776,28.3653726406956,25.2006247973259,28.411956993486,21.7550827326459,3.58976034026819,29.6667568349303,24.815745308184,28.064400719667,25.0693188282989,21.7961483912509,23.1015252375164,24.4551817522615,27.010306179589,28.3710428150862,29.1501681818308,0.398809577356133,24.8448435047258,23.1441940124923,22.9415118635352,23.9753155686649,1.28061830429488,23.9446485281342,0.442468396153345,23.556353691547,27.9998493931762,24.1457729265921,27.1497286588865,24.0272884944802
29.5170224546541,20.442439522224,28.3653726406956,21.2379982031516,28.411956993486,20.5531054616108,3.58976034026819,27.5700428321406,21.4472288659604,28.064400719667,20.6851165980129,20.7844455203622,22.0016725467181,21.6599650936123,27.010306179589,28.3710428150862,29.1501681818308,0.398808746899704,21.6682091367543,20.7488331144395,21.407038600968,21.1241593457507,1.28005448930526,20.2162213861538,0.43222921300594,20.9697107571642,27.9998493931762,20.4713731197544,27.1497286588865,20.5347697282314
