193.09725369585,201.295871885846,245.099602591752,189.803162060985,233.527202553838,204.162066804307,235.243010513863,205.977237941538,195.732698577203,285.473731239913,194.479639260681,209.35857511741,235.638638179673,207.37448073558,208.026327133218,227.805972100502,192.847855433356,320.935981236873,207.29779355126,221.85592934151,201.997850610909,220.251603923991,208.931622902327,199.406559080086,298.872588151182,194.987937803396,242.420186730948,191.977903165597,230.09723673664,226.709849552552
181.572818779021,181.703133237404,187.445285496455,181.142121768892,183.192257754212,182.205332060245,184.795933873543,181.645444442242,181.297955772617,187.424891031088,181.978148744962,181.387458717575,184.573313463384,181.756337218726,182.063798372008,183.184008492173,181.742466478604,187.79572700528,181.97530991379,183.059697409558,181.570388144091,183.872180780173,182.063018031676,182.286762667359,188.857750268424,181.53348545665,184.802832470934,181.248247475005,186.271300667842,182.666394721192
180.952000734232,181.051248994534,181.768036737911,180.880529516527,181.43511277535,180.937930348746,181.636687088725,180.894706157916,180.891213808724,181.995071974702,180.945378228804,180.892183729957,181.616389629607,181.017889486422,181.056606669449,181.120964345843,180.942603798584,181.996059558942,181.051887147816,181.154775980155,180.94921508888,181.274929117862,181.081640713537,181.078841346382,181.988007712053,180.879351746698,181.501396401581,180.856740638325,181.622815653843,181.159695587112
180.790099701873,180.79706476173,180.935122259024,180.784671489509,180.829956997897,180.7915960205,180.863218194218,180.789641914375,180.78656042361,180.939760170672,180.790191330308,180.787483913414,180.882178587864,180.802169294194,180.804777881514,180.816933401654,180.788502384555,180.912695611308,180.803714729605,180.828505882047,180.79120513609,180.824045354445,180.802654884913,180.818054074234,180.929951324079,180.787941378113,180.847174322781,180.785634309128,180.875017516456,180.825922179619
180.781272143143,180.781276694554,180.783426188221,180.78127191443,180.78137653254,180.781275284874,180.781862112502,180.781272257799,180.781272325017,180.782853848063,180.781272843644,180.781272689122,180.781913864903,180.781292312455,180.781287372127,180.781310668487,180.781272162947,180.782233551181,180.781289449692,180.781328364881,180.781274032223,180.781350811598,180.781282984643,180.781317212514,180.784062091654,180.781272263113,180.781687369086,180.781272137122,180.781931215717,180.7813228855
180.78127167802,180.781271678247,180.781271712501,180.781271678176,180.781271678025,180.78127167797,180.781271679433,180.781271678008,180.781271678117,180.781271706442,180.781271678004,180.781271678226,180.781271680524,180.781271678165,180.781271678192,180.781271677933,180.781271678099,180.781271681107,180.781271678223,180.781271678005,180.781271678234,180.781271678066,180.78127167798,180.781271678064,180.781271721974,180.781271677968,180.781271679833,180.781271678327,180.781271678697,180.781271678303
180.781271678015,180.78127167807,180.781271677748,180.781271677983,180.781271678025,180.781271677951,180.781271678071,180.781271678008,180.781271678025,180.781271677747,180.781271677894,180.781271678068,180.781271677987,180.781271678023,180.781271678117,180.781271677933,180.781271678099,180.781271677748,180.78127167813,180.781271678005,180.781271678009,180.781271678066,180.78127167798,180.781271677805,180.781271677747,180.781271677967,180.781271677994,180.781271677977,180.781271677929,180.781271677911
180.781271678015,180.781271678059,180.781271677747,180.781271677983,180.781271678025,180.781271677951,180.781271677747,180.781271678008,180.781271678025,180.781271677747,180.781271677894,180.781271677809,180.781271677747,180.781271678023,180.781271678026,180.781271677933,180.781271677793,180.781271677747,180.78127167811,180.781271678005,180.781271678004,180.781271678066,180.78127167798,180.781271677805,180.781271677747,180.781271677967,180.781271677747,180.781271677834,180.781271677747,180.781271677911
180.781271677823,180.781271678059,180.781271677747,180.781271677983,180.781271677747,180.781271677901,180.781271677747,180.781271678008,180.781271678025,180.781271677747,180.781271677894,180.781271677809,180.781271677747,180.781271677764,180.781271677747,180.781271677747,180.781271677793,180.781271677747,180.78127167811,180.781271677747,180.781271678004,180.781271677747,180.781271677748,180.781271677747,180.781271677747,180.781271677884,180.781271677747,180.781271677834,180.781271677747,180.781271677747
180.781271677747,180.781271677747,180.781271677747,180.781271677747,180.781271677747,180.781271677747,180.781271677747,180.781271677747,180.781271677747,180.781271677747,180.781271677747,180.781271677747,180.781271677747,180.781271677747,180.781271677747,180.781271677747,180.781271677747,180.781271677747,180.781271677747,180.781271677747,180.781271677747,180.781271677747,180.781271677747,180.781271677747,180.781271677747,180.781271677747,180.781271677747,180.781271677747,180.781271677747,180.781271677747
180.781271677747,180.781271677747,180.781271677747,180.781271677747,180.781271677747,180.781271677747,180.781271677747,180.781271677747,180.781271677747,180.781271677747,180.781271677747,180.781271677747,180.781271677747,180.781271677747,180.781271677747,180.781271677747,180.781271677747,180.781271677747,180.781271677747,180.781271677747,180.781271677747,180.781271677747,180.781271677747,180.781271677747,180.781271677747,180.781271677747,180.781271677747,180.781271677747,180.781271677747,180.781271677747
180.781271677747,180.781271677747,180.781271677747,180.781271677747,180.781271677747,180.781271677747,180.781271677747,180.781271677747,180.781271677747,180.781271677747,180.781271677747,180.781271677747,180.781271677747,180.781271677747,180.781271677747,180.781271677747,180.781271677747,180.781271677747,180.781271677747,180.781271677747,180.781271677747,180.781271677747,180.781271677747,180.781271677747,180.781271677747,180.781271677747,180.781271677747,180.781271677747,180.781271677747,180.781271677747
180.781271677747,180.781271677747,180.781271677747,180.781271677747,180.781271677747,180.781271677747,180.781271677747,180.781271677747,180.781271677747,180.781271677747,180.781271677747,180.781271677747,180.781271677747,180.781271677747,180.781271677747,180.781271677747,180.781271677747,180.781271677747,180.781271677747,180.781271677747,180.781271677747,180.781271677747,180.781271677747,180.781271677747,180.781271677747,180.781271677747,180.781271677747,180.781271677747,180.781271677747,180.781271677747
180.781271677747,180.781271677747,180.781271677747,180.781271677747,180.781271677747,180.781271677747,180.781271677747,180.781271677747,180.781271677747,180.781271677747,180.781271677747,180.781271677747,180.781271677747,180.781271677747,180.781271677747,180.781271677747,180.781271677747,180.781271677747,180.781271677747,180.781271677747,180.781271677747,180.781271677747,180.781271677747,180.781271677747,180.781271677747,180.781271677747,180.781271677747,180.781271677747,180.781271677747,180.781271677747
