272.448932943628,262.660175347601,251.342889637185,250.424615735137,207.514074710997,257.57786625361,237.91216247744,219.166536026296,277.181808012579,249.967188414126,223.474220868824,354.819096183479,226.871903658785,300.053150472316,217.880622363125,272.136934600747,251.865581470297,315.987653458423,284.745297122477,216.953678894478,250.874646538128,258.509197704349,296.160048732105,234.466827027599,242.825237421349,292.721600146414,196.640928158454,239.719928726107,241.567981527958,299.403233763521
242.890811515528,229.51632480333,191.655089211194,206.598284055056,180.343152934731,195.408885012012,190.124515085865,177.883790452298,185.231448557762,188.968318363556,190.71287442772,258.414000888439,205.053649650054,215.940390319755,197.18953118398,188.684550982215,179.849739739328,187.392012896782,197.465588496794,180.669904152928,225.584753870252,232.072528622142,232.411815169889,186.237935576931,190.138354059397,250.87573862111,184.749449607144,185.938982351239,201.700230209091,202.385864183189
227.375787692574,205.148576437517,176.11530010726,174.996327728387,171.907785906113,172.295040424667,180.086928116805,172.072364523655,174.464148846655,174.198955387674,173.554408810356,228.584062407688,171.932434030035,173.695215866691,174.710441518827,176.070893366238,171.525977360715,173.346788709246,174.415735449808,169.338400845153,176.797427888674,216.894724002605,182.131292855702,176.749900152958,171.487040438677,202.272355532369,173.570461133456,170.541307672817,174.412789088107,176.095663510562
178.299035784776,175.828000258336,165.859422400583,166.482106352159,165.398613927649,166.82916212372,169.299833430737,165.990448526862,165.755206528956,166.398865161985,165.995096794008,170.70593088541,166.657748985465,165.981399874686,165.419072676222,166.674435220094,165.688894592122,166.490925313815,166.772795580376,165.459437940557,167.146243750903,175.042374918065,170.172697438424,165.936561039997,165.343361676079,168.860412746233,167.740959020559,165.656704940066,166.317276410149,166.179876596291
173.658788269356,166.825757208426,164.93174778351,165.215253736177,164.922686249767,164.922355192169,165.216335757241,165.215307475342,164.922370681406,164.922809729303,164.922828679282,165.227213402155,165.102312761782,164.931942577523,164.931452646438,164.922979064897,164.922960100933,165.215319622831,164.932079020875,164.931418465155,164.932683799411,165.858561064489,164.932836553543,164.932438695982,164.922371073487,164.543461008475,164.850734493007,164.922492644126,165.218254512065,165.100373839424
173.653911919857,166.818478575311,164.931007903866,165.212605715302,164.921941569253,164.921941568979,165.212605741217,165.212605756284,164.921941569729,164.921941569812,164.921941570602,165.212606152812,165.097283274701,164.931007904301,164.931007903902,164.92194156953,164.921941569538,165.212605753421,164.931007908798,164.931007904009,164.931007904443,165.845886365704,164.931007905636,164.931007905007,164.92194156992,164.542482473538,164.849257522402,164.921941568508,165.212605912648,165.097283152156
173.653911880204,166.818478534116,164.931007902907,165.212605597666,164.921941568,164.921941568,165.212605597668,165.212605597669,164.921941568,164.921941568,164.921941568,165.212605597692,165.097282938983,164.931007902907,164.931007902907,164.921941568,164.921941568,165.212605597666,164.931007902907,164.931007902907,164.931007902907,165.845886271534,164.931007902907,164.931007902907,164.921941568,164.542482472772,164.849257520134,164.921941568,165.212605597675,165.097282938978
173.653911880204,166.818478534116,164.931007902907,165.212605597661,164.921941568,164.921941568,165.212605597661,165.212605597661,164.921941568,164.921941568,164.921941568,165.212605597661,165.097282938968,164.931007902907,164.931007902907,164.921941568,164.921941568,165.212605597661,164.931007902907,164.931007902907,164.931007902907,165.845886271534,164.931007902907,164.931007902907,164.921941568,164.542482472772,164.849257520134,164.921941568,165.212605597661,165.097282938968
173.653911880204,166.818478534116,164.931007902907,165.212605597661,164.921941568,164.921941568,165.212605597661,165.212605597661,164.921941568,164.921941568,164.921941568,165.212605597661,165.097282938968,164.931007902907,164.931007902907,164.921941568,164.921941568,165.212605597661,164.931007902907,164.931007902907,164.931007902907,165.845886271534,164.931007902907,164.931007902907,164.921941568,164.542482472772,164.849257520134,164.921941568,165.212605597661,165.097282938968
173.653911880204,166.818478534116,164.931007902907,165.212605597661,164.921941568,164.921941568,165.212605597661,165.212605597661,164.921941568,164.921941568,164.921941568,165.212605597661,165.097282938968,164.931007902907,164.931007902907,164.921941568,164.921941568,165.212605597661,164.931007902907,164.931007902907,164.931007902907,165.845886271534,164.931007902907,164.931007902907,164.921941568,164.542482472772,164.849257520134,164.921941568,165.212605597661,165.097282938968
173.653911880204,166.818478534116,164.931007902907,165.212605597661,164.921941568,164.921941568,165.212605597661,165.212605597661,164.921941568,164.921941568,164.921941568,165.212605597661,165.097282938968,164.931007902907,164.931007902907,164.921941568,164.921941568,165.212605597661,164.931007902907,164.931007902907,164.931007902907,165.845886271534,164.931007902907,164.931007902907,164.921941568,164.542482472772,164.849257520134,164.921941568,165.212605597661,165.097282938968
173.653911880204,166.818478534116,164.931007902907,165.212605597661,164.921941568,164.921941568,165.212605597661,165.212605597661,164.921941568,164.921941568,164.921941568,165.212605597661,165.097282938968,164.931007902907,164.931007902907,164.921941568,164.921941568,165.212605597661,164.931007902907,164.931007902907,164.931007902907,165.845886271534,164.931007902907,164.931007902907,164.921941568,164.542482472772,164.849257520134,164.921941568,165.212605597661,165.097282938968
173.653911880204,166.818478534116,164.931007902907,165.212605597661,164.921941568,164.921941568,165.212605597661,165.212605597661,164.921941568,164.921941568,164.921941568,165.212605597661,165.097282938968,164.931007902907,164.931007902907,164.921941568,164.921941568,165.212605597661,164.931007902907,164.931007902907,164.931007902907,165.845886271534,164.931007902907,164.931007902907,164.921941568,164.542482472772,164.849257520134,164.921941568,165.212605597661,165.097282938968
173.653911880204,166.818478534116,164.931007902907,165.212605597661,164.921941568,164.921941568,165.212605597661,165.212605597661,164.921941568,164.921941568,164.921941568,165.212605597661,165.097282938968,164.931007902907,164.931007902907,164.921941568,164.921941568,165.212605597661,164.931007902907,164.931007902907,164.931007902907,165.845886271534,164.931007902907,164.931007902907,164.921941568,164.542482472772,164.849257520134,164.921941568,165.212605597661,165.097282938968
