5.03920270990716
10.0541002042939
1.05560549991424
7.98351393627422
5.02736214753099
2.22946392791323
10.0767854882345
2.28007956471856
8.07228265402659
4.25829642794656
2.35407484543748
2.44879422515191
1.47948866419756
2.11279360854974
1.24192794476789
18.5355627117494
0.0341865035895808
5.01811464319849
12.9602888279899
5.21346020751207
16.9941019450234
1.15466226177205
8.03317500677849
10.0731233890583
1.17019154085847
5.07742560620591
9.97195120065521
10.4492238150581
0.241040350476624
4.18730555397701
