130.970307259304,105.126916412694,59.8788310729087,46.353964791558,108.573853505234,75.193487018919,80.3890568958797,63.1641388149959,69.8094524496106,50.6617744098261,81.0166960060265,66.5801711913293,130.408809844278,168.228809137108,157.716034836683,105.641405462401,86.1946025117757,128.963513640579,98.5409608135224,65.6061541752913,58.1927753549538,101.121251261888,33.3094047375812,90.4340007454315,81.1572635194925,64.831726586232,64.7597750148004,64.713707283787,124.500396299796,156.633758457475
130.338879496328,104.472813571539,59.8788310729087,46.353964791558,104.472300227325,73.9774995207302,38.2826937854948,61.6925443284778,67.6635366899786,34.6372046708077,38.6050474019426,42.9452443012843,129.343740705196,168.14516657669,157.202031677523,84.6551501680132,85.5673304725003,128.350072659862,43.9789339224652,64.6724121460395,56.7129029789878,99.498938206455,32.8351238756597,88.5532349337984,77.6095972712319,61.6970240197574,45.9273275464893,45.1247095123822,123.377569646357,152.49464550676
130.33661170693,104.470010851822,40.79017598499,43.9026736190624,104.469317319259,73.9611990992814,33.9209633566055,61.6872377827624,67.6569012907736,24.54018921849,28.7341375253895,39.1430318032451,129.343220344883,168.145086242838,157.201546206796,84.5711492071468,85.5656275986748,128.348466532931,35.36189925465,64.6717421034726,56.7124608621455,99.4946890440281,32.8335165220433,88.5502697526107,77.6063599094954,61.6870715126705,41.5517417682263,21.5136012777009,123.373804273728,152.436867484332
130.336608374356,104.470007707718,7.64301666492065,3.98159214640293,104.469310054761,73.9607128241336,4.97772743935309,61.6872292537086,67.6568873302095,2.02446617553107,8.28869609095602,2.98585603895719,129.343219253017,168.145086144084,157.20154541335,84.5710340742185,85.5656257121549,128.348464939204,4.49132598180233,64.6717339681709,56.7124592027747,99.4946822998805,32.8335124528783,88.5502676849201,77.6063509467751,61.6870665780001,8.96286684221047,1.98995185994363,123.373796790958,152.435024974408
130.336608374329,104.470007707709,3.97983622837319,3.97983622837319,104.469310054671,73.9607127496524,4.97479528546648,61.6872292537043,67.6568873301551,1.98991811418659,7.95966741892732,2.98487717127989,129.343219253012,168.145086144084,157.201545413349,84.57103407406,85.5656257121469,128.348464939192,2.98487717127989,64.6717339681588,56.7124592027715,99.4946822998593,32.8335124528758,88.5502676849031,77.6063509467596,61.6870665779721,8.95462647602062,1.98991811418659,123.373796790951,152.435024848679
130.336608374328,104.470007707709,3.97983622837319,3.97983622837319,104.469310054671,73.9607127496524,4.97479528546648,61.6872292537043,67.6568873301551,1.98991811418659,7.95966741892721,2.98487717127989,129.343219253012,168.145086144084,157.201545413349,84.57103407406,85.5656257121469,128.348464939192,2.98487717127989,64.6717339681588,56.7124592027715,99.4946822998593,32.8335124528758,88.5502676849031,77.6063509467596,61.6870665779721,8.95462647602051,1.98991811418659,123.373796790951,152.435024848679
130.336608374328,104.470007707709,3.97983622837319,3.97983622837319,104.469310054671,73.9607127496524,4.97479528546648,61.6872292537043,67.6568873301551,1.98991811418659,7.95966741892721,2.98487717127989,129.343219253012,168.145086144084,157.201545413349,84.57103407406,85.5656257121469,128.348464939192,2.98487717127989,64.6717339681588,56.7124592027715,99.4946822998593,32.8335124528758,88.5502676849031,77.6063509467596,61.6870665779721,8.95462647602051,1.98991811418659,123.373796790951,152.435024848679
130.336608374328,104.470007707709,3.97983622837319,3.97983622837319,104.469310054671,73.9607127496524,4.97479528546648,61.6872292537043,67.6568873301551,1.98991811418659,7.95966741892721,2.98487717127989,129.343219253012,168.145086144084,157.201545413349,84.57103407406,85.5656257121469,128.348464939192,2.98487717127989,64.6717339681588,56.7124592027715,99.4946822998593,32.8335124528758,88.5502676849031,77.6063509467596,61.6870665779721,8.95462647602051,1.98991811418659,123.373796790951,152.435024848679
130.336608374328,104.470007707709,3.97983622837319,3.97983622837319,104.469310054671,73.9607127496524,4.97479528546648,61.6872292537043,67.6568873301551,1.98991811418659,7.95966741892721,2.98487717127989,129.343219253012,168.145086144084,157.201545413349,84.57103407406,85.5656257121469,128.348464939192,2.98487717127989,64.6717339681588,56.7124592027715,99.4946822998593,32.8335124528758,88.5502676849031,77.6063509467596,61.6870665779721,8.95462647602051,1.98991811418659,123.373796790951,152.435024848679
130.336608374328,104.470007707709,3.97983622837319,3.97983622837319,104.469310054671,73.9607127496524,4.97479528546648,61.6872292537043,67.6568873301551,1.98991811418659,7.95966741892721,2.98487717127989,129.343219253012,168.145086144084,157.201545413349,84.57103407406,85.5656257121469,128.348464939192,2.98487717127989,64.6717339681588,56.7124592027715,99.4946822998593,32.8335124528758,88.550267684903,77.6063509467596,61.6870665779721,8.95462647602051,1.98991811418659,123.373796790951,152.435024848679
130.336608374328,104.470007707709,3.97983622837319,3.97983622837319,104.469310054671,73.9607127496524,4.97479528546648,61.6872292537043,67.6568873301551,1.98991811418659,7.95966741892721,2.98487717127989,129.343219253012,168.145086144084,157.201545413349,84.57103407406,85.5656257121469,128.348464939192,2.98487717127989,64.6717339681588,56.7124592027715,99.4946822998593,32.8335124528758,88.550267684903,77.6063509467596,61.6870665779721,8.95462647602051,1.98991811418659,123.373796790951,152.435024848679
130.336608374328,104.470007707709,3.97983622837319,3.97983622837319,104.469310054671,73.9607127496524,4.97479528546648,61.6872292537043,67.6568873301551,1.98991811418659,7.95966741892721,2.98487717127989,129.343219253012,168.145086144084,157.201545413349,84.57103407406,85.5656257121469,128.348464939192,2.98487717127989,64.6717339681588,56.7124592027715,99.4946822998593,32.8335124528758,88.550267684903,77.6063509467596,61.6870665779721,8.95462647602051,1.98991811418659,123.373796790951,152.435024848679
130.336608374328,104.470007707709,3.97983622837319,3.97983622837319,104.469310054671,73.9607127496524,4.97479528546648,61.6872292537043,67.6568873301551,1.98991811418659,7.95966741892721,2.98487717127989,129.343219253012,168.145086144084,157.201545413349,84.57103407406,85.5656257121469,128.348464939192,2.98487717127989,64.6717339681588,56.7124592027715,99.4946822998593,32.8335124528758,88.550267684903,77.6063509467596,61.6870665779721,8.95462647602051,1.98991811418659,123.373796790951,152.435024848679
130.336608374328,104.470007707709,3.97983622837319,3.97983622837319,104.469310054671,73.9607127496524,4.97479528546648,61.6872292537043,67.6568873301551,1.98991811418659,7.95966741892721,2.98487717127989,129.343219253012,168.145086144084,157.201545413349,84.57103407406,85.5656257121469,128.348464939192,2.98487717127989,64.6717339681588,56.7124592027715,99.4946822998593,32.8335124528758,88.550267684903,77.6063509467596,61.6870665779721,8.95462647602051,1.98991811418659,123.373796790951,152.435024848679
