395.721131606139,486.574831061597,369.126690822978,333.552510987572,326.67407289136,428.468452502038,461.506600605429,431.639086385524,539.267983205957,443.372239882565,459.17201235236,372.181950042284,334.30521229735,408.500938810704,542.994771151286,510.230942126224,419.786186780699,447.958323118507,304.053881693932,428.588033718027,540.142552953433,316.813415003169,427.459254324591,351.871460440923,446.275099675808,479.824154065959,322.159324541375,451.465206502632,394.91381245002,466.245732559144
381.421081496475,470.637145690367,343.227627971555,316.60497067894,308.537383233824,405.596428804715,442.52936412971,410.857152726059,503.013353292745,414.736465153779,417.381709616023,360.691096935457,325.459515133324,377.535512228801,506.192802423853,485.24073949486,390.182679014221,406.107539408157,286.87145312878,388.644966859942,504.303967217036,298.847934158998,413.503740427778,323.296633486339,420.560477886323,462.042265219978,300.631804191597,441.792534184239,394.91381245002,437.572322417892
308.780158144995,395.699252265117,316.851996584338,273.596554907151,265.450543721252,354.719093398339,401.564638898623,316.98599642878,437.016542349882,377.148240979421,399.281416231912,326.303343596313,282.885943145605,344.953064078156,451.486892280163,453.800583749616,331.237776514905,365.696869144653,257.405339674518,324.581850781044,455.819274571122,275.191588848951,312.435861132712,296.380149169622,381.732133905399,384.862240852174,245.382234942207,348.130562433264,318.314158615315,383.976914439617
307.004742155777,369.320734909019,316.851996584338,259.927790771597,265.450543721252,354.719093398339,383.303358429384,316.98599642878,412.40252877161,370.241105252918,392.348873413253,301.138797568618,282.885943145605,344.953064078156,443.749312710363,445.020157280279,325.708647216707,347.462040178386,257.405339674518,324.581850781044,445.547231242862,275.191588848951,312.435861132712,284.768769604212,378.977782312565,380.860113479122,245.382234942207,348.130562433264,318.314158615315,360.027673146047
286.838909291713,223.422197132508,196.109577880731,180.13490915363,256.179357689193,339.537002152505,264.790682756319,210.893366357152,274.394243934061,263.610917253523,244.168276469534,297.843600296574,259.117658190476,321.856490936041,435.924613118559,247.941328351778,226.984967526446,236.647673115643,195.887968641634,235.930920351984,274.141095246405,199.61973992591,248.274789704971,222.973570450401,333.756622503514,278.140644486352,208.423526053149,235.030192205589,318.314158615315,247.432380812574
178.650232582694,186.157664360388,196.109577880731,162.029756958711,160.114149535452,274.930685454563,176.021609894408,178.690833863062,188.171927450996,169.952550625307,167.833729737791,183.125488123056,159.265816273266,259.20835321402,286.8949662483,169.677364537363,146.30740129118,197.221465699758,134.516544536413,159.028003294768,198.517686299658,179.818972278646,166.86247171908,169.395061887312,205.581363813058,207.210664911258,168.726629697993,175.579883295248,257.829430994935,135.6200368207
135.650404197824,131.298198223078,136.020227013937,125.287612273014,124.002804012766,260.055916699491,126.171482955295,112.279087010043,128.211514928894,123.41804478352,129.948695115152,117.303214203816,122.110881207302,241.504954814054,143.815976378256,128.445151645155,136.49941438017,119.966134398171,106.021523954641,125.743068498597,115.207979568867,109.672276748852,109.185182582327,113.376174669997,110.791127175937,113.404405529017,98.1975460437867,132.234024883331,156.537757196786,128.288860860682
94.0938508148263,82.3000168855689,90.4713900373354,92.5209251939042,89.5099783883163,259.681536787586,100.643290940185,67.4399834700332,102.757729359784,111.929500381142,109.923748700701,103.630568109809,51.4103879952759,240.777307354587,105.088977203555,119.687264087396,117.374158719903,99.3608271619858,4.55498980122115,68.0621667424739,96.7992166558479,109.672276748852,94.3604000052019,94.8202404825679,110.791127175937,106.090468023791,98.1975460437867,76.7517596701118,105.306348723252,106.413766565666
16.5288738988104,6.96480815910195,4.97495928592616,19.4890381098058,7.95971062707542,259.681450460326,100.643290940185,7.95968194162731,5.97414642786384,8.22269076210796,6.96608633313099,3.05009907951705,2.98488798441235,240.777018746734,5.98313280865318,9.30592436522159,8.36429677638148,6.26462989157426,3.97983640125142,9.94959508225463,6.45211510795991,5.970814746104,36.6257075026692,5.40002938170539,5.97527085331353,43.6503361668351,10.6784735347647,7.95969900420084,100.11282411849,13.616886012236
6.96471339967275,6.96471339965308,4.97479528546648,5.9697543425923,7.95967245674638,259.681450460312,7.95967641804066,7.95967245674638,5.96975434255978,7.9596724567466,6.96471339965308,2.98487717127989,2.98487717127989,240.777018746696,5.96975434255978,8.95463151383967,7.95967245674649,5.9697543425599,3.97983622837319,9.94958553311392,5.96975434256046,5.96975434255978,5.96975434266699,4.9747952854683,5.96975434255978,4.97479528557528,9.94959057093331,7.95967245674638,4.97480758660424,6.96471339966104
6.96471339965308,6.96471339965308,4.97479528546648,5.96975434255978,7.95967245674638,259.681450460312,7.95967245674638,7.95967245674638,5.96975434255978,7.95967245674638,6.96471339965308,2.98487717127989,2.98487717127989,240.777018746696,5.96975434255978,8.95463151383967,7.95967245674638,5.96975434255978,3.97983622837319,9.94958553311392,5.96975434255978,5.96975434255978,5.96975434255978,4.97479528546648,5.96975434255978,4.97479528546648,9.94959057093297,7.95967245674638,4.97479528546648,6.96471339965308
6.96471339965308,6.96471339965308,4.97479528546648,5.96975434255978,7.95967245674638,259.681450460312,7.95967245674638,7.95967245674638,5.96975434255978,7.95967245674638,6.96471339965308,2.98487717127989,2.98487717127989,240.777018746696,5.96975434255978,8.95463151383967,7.95967245674638,5.96975434255978,3.97983622837319,9.94958553311392,5.96975434255978,5.96975434255978,5.96975434255978,4.97479528546648,5.96975434255978,4.97479528546648,9.94959057093297,7.95967245674638,4.97479528546648,6.96471339965308
6.96471339965308,6.96471339965308,4.97479528546648,5.96975434255978,7.95967245674638,259.681450460312,7.95967245674638,7.95967245674638,5.96975434255978,7.95967245674638,6.96471339965308,2.98487717127989,2.98487717127989,240.777018746696,5.96975434255978,8.95463151383967,7.95967245674638,5.96975434255978,3.97983622837319,9.94958553311392,5.96975434255978,5.96975434255978,5.96975434255978,4.97479528546648,5.96975434255978,4.97479528546648,9.94959057093297,7.95967245674638,4.97479528546648,6.96471339965308
6.96471339965308,6.96471339965308,4.97479528546648,5.96975434255978,7.95967245674638,259.681450460312,7.95967245674638,7.95967245674638,5.96975434255978,7.95967245674638,6.96471339965308,2.98487717127989,2.98487717127989,240.777018746696,5.96975434255978,8.95463151383967,7.95967245674638,5.96975434255978,3.97983622837319,9.94958553311392,5.96975434255978,5.96975434255978,5.96975434255978,4.97479528546648,5.96975434255978,4.97479528546648,9.94959057093297,7.95967245674638,4.97479528546648,6.96471339965308
6.96471339965308,6.96471339965308,4.97479528546648,5.96975434255978,7.95967245674638,259.681450460312,7.95967245674638,7.95967245674638,5.96975434255978,7.95967245674638,6.96471339965308,2.98487717127989,2.98487717127989,240.777018746696,5.96975434255978,8.95463151383967,7.95967245674638,5.96975434255978,3.97983622837319,9.9495855331138,5.96975434255978,5.96975434255978,5.96975434255978,4.97479528546648,5.96975434255978,4.97479528546648,9.94959057093297,7.95967245674638,4.97479528546648,6.96471339965308
6.96471339965308,6.96471339965308,4.97479528546648,5.96975434255978,7.95967245674638,259.681450460312,7.95967245674638,7.95967245674638,5.96975434255978,7.95967245674638,6.96471339965308,2.98487717127989,2.98487717127989,240.777018746696,5.96975434255978,8.95463151383967,7.95967245674638,5.96975434255978,3.97983622837319,9.9495855331138,5.96975434255978,5.96975434255978,5.96975434255978,4.97479528546648,5.96975434255978,4.97479528546648,9.94959057093297,7.95967245674638,4.97479528546648,6.96471339965308
