269556.472232133,244198.851148179,42010960.4169948,249402239.882784,32756865.9026555,33032657.2116192,281206330.227938,32765096.8628431,60042812.7305341,44672384.1774551,1768.03142916216,4219730.30657951,1540392.72239101,6780016.9797394,21845.8704360326,777065.686599057,112483292.303929,182.66961280191,159408212.957583,57751633.3142878,29370704.8791107,29615299.4260246,639779959.882328,2577.79277670068,44117287.2708922,309945328.904723,2373484.62285623,247258.257136546,154355.239150332,353453580.370864
269556.472232133,244198.851148179,42010960.4169948,249402239.882784,28064253.5576394,33032657.2116192,281206330.227938,32765096.8628431,60042812.7305341,44672384.1774551,1768.03142916216,4219730.30657951,1540392.72239101,6780016.9797394,21845.8704360326,777065.686599057,112483292.303929,182.66961280191,159408212.957583,57751633.3142878,29370704.8791107,29615299.4260246,639779959.882328,2577.79277670068,44117287.2708922,309945328.904723,2373484.62285623,247258.257136546,154355.239150332,353453580.370864
214542.988549796,168885.51790082,38791496.2916628,199063158.350515,28064253.5576394,28849839.6432565,235272763.220269,27210436.3301863,54096046.7916373,36524483.175789,1284.95995299603,3298408.89986951,1306468.78031815,6105032.66750268,21845.8704360326,653142.197149226,90371079.7081081,119.107131237568,144536922.892768,48861952.5911011,23848559.9483575,28398105.5669133,525952057.816063,2577.79277670068,40367038.4491886,309945328.904723,1768913.11631802,165520.343648913,88019.1758821273,321433581.068634
214542.988549796,88325.8097660893,29913634.4450249,154875226.532625,24547361.7965053,25922772.8136102,235272763.220269,27210436.3301863,41151985.7073893,24741248.6978116,1284.95995299603,3298408.89986951,694706.358363083,4396697.1255775,15520.7665999194,373263.966349976,73833745.276866,119.107131237568,144536922.892768,39991288.872658,23848559.9483575,22283628.4458431,525952057.816063,1790.48529547035,40367038.4491886,287664520.295845,1144625.48425106,131736.228165174,88019.1758821273,321433581.068634
71782.6389908572,24310.220278122,18567017.1798012,84603260.089348,7229919.1542806,19530046.5524162,187136698.100225,21768388.8708002,33109487.7537902,18122405.8016748,821.750370382169,2721237.77563728,422551.359709347,3880646.19209893,10651.226011792,178192.198926545,26228286.8065018,82.8457633387329,121892947.484323,26727810.3561017,12127481.6672824,15013761.9426254,441162983.141249,1040.65970041964,23431481.2040121,221823361.734481,518935.104382719,15709.3133460459,14088.0443575,246868186.774749
26750.0008378853,232.625664165856,788787.857602959,3414653.89032681,15855.4164618615,6719633.06985588,63501829.0098681,8063908.60262448,5698678.44826893,2177120.69508512,293.634182845717,715937.742859588,17854.1521024485,245647.110186053,4714.84197032681,4336.16683499633,3096.83327195818,55.328216649993,49348296.7379595,2070055.42839182,7941024.98150216,1104636.19587771,133189233.319698,754.738254140683,19410346.5742962,183717974.515291,5097.09510718743,391.135582719282,2418.9613172478,71237895.9426829
91.531122508934,200.555186537779,5975.83578918534,3055.35041683491,72.851690704756,553045.500697123,7551981.5739423,2028.15067576261,359.228322418341,353.326407942394,265.29081202776,4573.63165081873,49.5971242838818,218.168785052796,523.438283451677,191.714878412619,198.16754960878,43.412947770456,9541020.28655065,6730.00062344271,924.459121353434,32706.2474249275,25907765.6555595,201.19430445857,3401393.64198588,38033267.4923577,249.868572236516,248.122098350848,180.021265556156,1139031.18907865
58.5108304939545,178.669685289925,924.288718086037,43.5951973004326,53.2516949933679,646.860892123815,38755.8039215488,375.379567286574,340.305122418705,75.9567246241913,257.889196149833,293.568303992028,49.5971242838818,158.851036272116,245.006022036504,167.325093587959,198.16754960878,43.412947770456,3472.38899842052,77.6762570635574,81.4900924556741,166.716745377134,657080.885486575,168.851301518866,394.874765403507,199.751479966773,188.884419446741,234.685412049584,180.021265556156,329.784788518494
42.2373962430083,161.66128797324,56.4619055704602,43.5951973004326,45.3030588117608,78.698876434823,448.899504431522,67.5540906161541,31.7449538921619,45.0664725727288,251.103370529482,122.676610568549,49.5971242838818,44.7929411052055,118.776450461386,163.439374215543,198.16754960878,43.412947770456,393.428774418972,67.2846273368978,68.1088666752657,63.7849803812019,290.671660148094,161.036421557538,109.491683541294,199.751479966773,150.218235054236,64.3919539182093,119.89542474472,84.9409856410111
31.5250084135314,148.380400037028,38.9945731510415,43.5951973004326,32.3591326408846,32.673869379591,107.696404884983,48.6764171063578,31.7449538921619,41.0886358661137,248.823663038174,46.5332120350322,42.8560653146842,44.7929411052055,35.2844720967678,149.648569885775,39.6372740737179,39.6698136195319,64.519782678753,45.4504658789715,61.923766841408,37.01515058819,195.154858537094,161.036421557538,42.8342075597843,55.2024222107361,39.9672167136087,39.7777526248769,55.9832918432553,34.7156850390215
31.5250084135314,148.380400037028,33.8565259743532,38.2414207000115,29.7688481669325,27.7983987374496,107.696404884983,33.1786142335591,31.7449538921619,37.6989212395074,248.519241837776,34.6518799527212,42.8560653146842,41.373203552067,34.7680316500528,149.648569885775,32.2278630109686,29.6142929416696,33.3627094695885,41.0933439437722,40.2003448354048,37.01515058819,31.3568637320209,144.408175380973,42.4675435283061,41.6154599372862,39.9672167136087,39.47505104326,43.3909376980378,27.5215475227551
27.8304729277011,146.510641701693,32.6285595176196,32.2796228720431,25.7105286581682,27.7983987374496,107.696404884983,31.992419462616,31.7107499139415,25.2655194160047,245.804495742821,34.6518799527212,34.9129881450031,29.3174363779294,28.1001332108704,145.07605159489,21.1499370999572,19.5767480431118,27.4880425063329,38.7333418958842,33.4581243203575,37.01515058819,30.9227546251982,144.408175380973,34.9375053725353,30.0735188656149,26.7807404021178,35.7370622625444,37.1646529022682,27.5215475227551
13.5857764136067,145.835253368486,27.7503530137469,26.1877665585944,25.7105286581682,25.9013860689724,107.696404884983,27.9335160970932,26.1932363080036,19.3901529624568,243.213021337943,20.857713185831,29.6679930613909,29.3174363779294,24.5380734829296,145.07605159489,21.1499370999572,10.9422251555256,24.3686069879991,30.3925786453256,25.1419336268636,34.3511791937772,27.9940863649708,141.773180193918,32.8786721424194,24.7545527238108,13.4721911048546,25.5589841087635,35.3015413679691,27.5215475227551
2.2904513950798,141.949291848657,24.2512205664621,23.0900312908079,24.5806598652189,22.7105899730323,107.696404884983,25.2203358201787,23.4338075069982,19.3901529624568,238.861241070495,10.2507098167966,26.3522255593984,23.5269631407,21.8789975229765,141.771537416643,5.45907916523265,6.65961951892405,23.4927979029649,22.8402267715342,24.3042669681331,28.0331211042931,25.262334224949,140.425898735727,27.5387271405893,21.8424782742272,3.69357328505794,24.7712674715135,30.1609396858935,23.0535912699588
0.930923681270997,139.274392715866,21.0514626380677,22.0334015885487,21.8510766132854,20.6979235001618,107.696404884983,21.982440327391,20.9820586357441,19.3901529624568,237.546804669692,1.99233101299615,20.489313634042,22.1501963605429,20.5405180218559,140.243547050651,1.9108738037512,0.409423232027621,20.7404703655293,22.0976399308088,20.8821671529818,22.2166761643948,21.709002736161,138.748355855912,22.5770942175259,20.2911039279111,1.56130581146408,21.4539717787225,20.7942722837543,21.0546677322632
0.681368620422745,138.673591775622,20.19030545342,20.9138457599843,20.9712018839241,20.0333965594509,107.696404884983,21.5938400400378,20.5223656739281,19.3901529624568,237.369219370345,1.58298300672914,20.3713814419229,20.7595356511301,20.4572623441873,140.013866894657,0.65402166019976,0.211973971459429,20.6642621500541,21.8235251849073,20.7093630642748,20.1572404439821,21.551746379047,138.602719029003,22.3911620238209,20.1643238637052,1.07842454799584,20.0523504604939,20.3140496860347,20.9360285518419
