3.97983622837319
2.98487717127989
0.994959057093297
1.98991811418659
3.97983622837319
2.98487717127989
3.97983622837319
2.98487717127989
1.98991811418659
6.96470836183391
3.97983622837319
2.98487717127989
3.97983622837319
4.97479528546648
2.98487717127989
2.98487717127989
3.97983622837319
1.98991811418659
4.97479528546648
5.96975434255978
1.98991811418659
3.97983622837319
3.97983622837319
0.994959057093297
3.97983622837319
4.97479528546648
3.97983622837319
4.97479528546648
2.98487717127989
5.96975434255978
