3.97983622837319
3.97983622837319
6.96471339965308
4.97479528546648
3.97983622837319
5.96975434255978
6.96470836183391
1.98991811418659
3.97983622837319
4.97479528546648
5.96975434255978
6.96471339965308
3.97983622837319
4.97479528546648
5.96975434255978
2.98487717127989
5.96975434255978
4.97479528546648
3.97983622837319
2.98487717127989
3.97983622837319
4.97479528546648
7.95967245674638
5.96975434255978
3.97983622837319
6.96471339965308
5.96975434255978
5.96975434255978
3.97983622837319
4.97479528546648
