20.1591612010234
0.862983601872656
0.17223694518907
0.63111967563691
1.96542866509162
0.303586000698033
0.00649100355485643
0.0123362382273626
0.836452434945841
20.7385428342345
0.0270957112311407
20.1973913682555
20.0528748273227
20.7813616896324
0.181132979167614
20.0765083854867
0.242943814526825
20.7287807731682
0.182752638323564
20.8133265679376
21.5571990265566
20.9368192946254
0.00573338509502719
0.693124521538266
0.192532894598116
0.776905400591659
20.7377016800133
0.142992939866872
1.81934233489164
0.166828963142507
