19393.7163441561,15821.9381855702,10461.5195910886,2655.76328508165,12719.8380690912,8971.49015480648,8169.57898296594,15290.5349481936,10018.7608518508,10941.1791473198,17064.4580535943,3199.16562382716,4259.05696030431,20836.1141822616,8121.30267487443,17264.3813174963,4426.8657960667,9238.99513388488,9530.48346956939,9433.23369834136,18267.8630111107,7742.57491788543,3768.63434555443,10434.9538842882,15362.2649803441,11509.4469641424,3982.95323037428,8910.91616790365,6894.92145402788,8148.60512356195
10060.0862649334,11833.5882733867,5323.5829165209,20.6302153604436,1025.80601497274,1837.27645316837,1432.13388684419,3546.69323088165,1014.20835176664,2242.44531550999,1455.93835841998,26.0156106760242,27.2849027881513,10079.2988972888,3527.75363353625,8580.44788062487,4.16497073716204,28.0594217320709,4132.78274852968,4591.81082534715,6613.24828526723,2483.60945749725,9.07192884066001,314.890872811064,4127.47240854157,2500.30041218907,11.9745133357602,3215.94866005933,4291.33107542583,3556.44415127855
389.333178195361,497.906140609086,125.527659998404,1.03721713308749,67.4399999589072,63.7077236406168,204.419940649757,89.9067886024234,229.474295085716,163.923000088256,327.311073906266,0.79072252844486,1.33119938116999,409.75232591823,325.948139690771,634.361963806341,0.619175987044457,0.792468800051154,254.959962217162,157.991673157715,304.803950416826,88.0944494979586,1.40607869102786,17.7690305146293,477.611082666082,427.913860083601,0.626681753905586,377.172378939146,680.71110761888,199.839627503019
6.0391503618024,12.5752572660361,2.81458532142926,0.000360593770153628,3.66137694643237,0.972475216121211,3.91853459038407,4.12586477746356,6.88120158443002,6.4672279522826,1.39206619764605,0.00126370331321368,0.00163525273768528,5.20043812961592,4.37228237258449,8.32388060832579,0.00129570040945737,0.00194521996041885,5.41446825044198,1.43432622199686,3.93937026603788,1.47163405008632,0.00150399626841136,1.78260477929484,4.48154800010315,1.8691575336826,0.00100411687196811,3.3109022077025,3.49950636399819,3.17461559370292
0.00180421012765919,0.00308138639280742,0.00328392765419494,7.43511918699369e-11,0.00148115967851936,0.000509066378526768,0.0014213454950891,0.000745270502534368,0.000180115980356277,0.00238079074813413,0.00026453425255113,7.04062586009968e-10,3.00985902867978e-10,0.00179528157997311,0.000705735930296214,0.00159256505634175,7.2532202466391e-11,5.91171556152403e-11,0.000908175270183165,0.00154424049821955,0.00261712672693193,0.000539191463644784,4.68332927994197e-10,0.000676901158669807,0.0010956121483332,0.000603077785683581,3.57431417796761e-10,0.00188113501047837,0.000590037558595213,0.00162015832671614
1.26419763546437e-10,3.72267550119432e-10,2.24190443987027e-10,0,1.38129507831763e-10,3.35376171278767e-11,1.83376869244967e-10,9.57811607804615e-11,1.17893250717316e-10,1.11242570710601e-10,6.74731381877791e-11,0,0,1.18120624392759e-10,1.02886588138063e-10,1.43188572110375e-10,0,0,5.17388798471075e-10,1.92926563613582e-10,1.37220013129991e-10,7.1963768277783e-11,0,3.41628947353456e-11,1.32502009364543e-10,2.97291080642026e-11,0,9.31663635128643e-11,8.81641426531132e-11,4.70265604235465e-10
0,0,0,0,0,0,0,0,0,0,0,0,0,0,0,0,0,0,0,0,0,0,0,0,0,0,0,0,0,0
0,0,0,0,0,0,0,0,0,0,0,0,0,0,0,0,0,0,0,0,0,0,0,0,0,0,0,0,0,0
0,0,0,0,0,0,0,0,0,0,0,0,0,0,0,0,0,0,0,0,0,0,0,0,0,0,0,0,0,0
0,0,0,0,0,0,0,0,0,0,0,0,0,0,0,0,0,0,0,0,0,0,0,0,0,0,0,0,0,0
0,0,0,0,0,0,0,0,0,0,0,0,0,0,0,0,0,0,0,0,0,0,0,0,0,0,0,0,0,0
0,0,0,0,0,0,0,0,0,0,0,0,0,0,0,0,0,0,0,0,0,0,0,0,0,0,0,0,0,0
0,0,0,0,0,0,0,0,0,0,0,0,0,0,0,0,0,0,0,0,0,0,0,0,0,0,0,0,0,0
0,0,0,0,0,0,0,0,0,0,0,0,0,0,0,0,0,0,0,0,0,0,0,0,0,0,0,0,0,0
