114.48958970965,327.499995361323,301.21931727847,272.127658608208,248.813628933566,111.023114649754,190.730237594815,271.452590264617,270.384267640445,255.554346258203,262.757435725842,291.702321438832,273.810888466104,109.74797498956,306.968136248941,253.899800616226,264.987150656173,104.676203447691,262.182388673636,249.848617572568,264.766020975763,110.341900692507,108.597215576294,117.166707046127,144.522197308309,283.047881399943,129.265289384034,251.383610853307,272.453304695322,236.190897079622
101.723951821134,265.300164526326,255.448509855786,260.816779026896,248.813628933566,101.171606007776,190.730237594815,249.986770401506,237.800954335412,237.196445467671,239.633014940699,269.569817273319,252.513673358019,101.919165203972,266.508917108643,248.513314784807,246.658524089768,102.108533862348,249.734287739375,249.848617572568,253.96282175021,101.458305831794,101.228415807408,101.874524231403,144.522197308309,252.093344171614,101.777489493247,231.149008450693,237.821541702502,222.028706938147
101.013769664993,250.064707480082,248.71659591135,247.964288326387,248.813628933566,100.901637700369,190.730237594815,236.562245929495,221.315959631441,233.039758843538,239.633014940699,261.834209190828,245.737213315344,101.016823153885,228.923369293616,248.513314784807,234.997248468459,100.916760435676,232.821428780641,247.054227957596,244.851512006669,101.240855188638,101.19799747899,100.923899267983,144.522197308309,252.093344171614,100.8361558892,231.149008450693,237.821541702502,221.073507022649
100.620994046965,247.461724402347,234.214114110053,237.90467729384,237.149377300576,100.52953302551,190.730237594815,236.562245929495,221.315959631441,205.476907719839,226.590683447087,241.843966336594,238.065422984213,100.660723327465,228.923369293616,228.560185560502,205.734669293742,100.604607647401,205.024835594116,212.237060172983,233.379160329602,100.758089487794,100.43900257029,100.786527241454,144.522197308309,238.897984903394,100.558977870774,205.235914490962,235.608711591648,206.64885396551
100.393454262103,205.996426232427,205.650712936509,206.613829770659,203.853087022034,100.440222276999,190.730237594815,206.873407726017,208.351459400365,205.403385478755,208.500819074682,208.968284408081,208.665126032611,100.466815362145,204.028363581901,217.425542447666,205.121736894356,100.430089377471,204.999909309271,208.368966204024,206.589480547036,100.421854664942,100.26493918187,100.397043480867,144.522197308309,204.883613650804,100.438220937861,204.615314875279,205.068608506567,206.515183071927
100.297027390973,205.441511245308,205.404440624133,205.979437770521,203.723709107995,100.365752255417,190.730237594815,205.121737003039,208.343118380665,205.403385469987,208.500815537242,203.723712020127,207.846309754009,100.325409486387,203.684065781602,205.943676092711,205.121736874564,100.306117114204,204.999909307886,208.368966124959,205.943660587848,100.31389711469,100.198802223957,100.320034931819,144.522197308309,204.052391674752,100.32010475652,204.615314817153,205.023642671667,206.515183065182
100.271335006843,205.441510596722,205.404440617026,205.979436781225,203.723708740547,100.338942662255,190.730237594815,205.121736874564,208.343118378749,205.403385469987,208.500815537242,203.723708740559,207.846309600421,100.321644822975,203.684064975162,205.943658409636,205.121736874564,100.301821100231,204.999909307886,208.368966124959,205.943658409597,100.308515594209,100.186384389187,100.305052711171,144.522197308309,204.052388132825,100.307950698279,204.615314817153,205.023642670081,206.515183065182
100.26486487044,205.441510596716,205.404440617026,205.979436781221,203.723708740545,100.332862146362,190.730237594815,205.121736874564,208.343118378749,205.403385469987,208.500815537242,203.723708740545,207.846309600421,100.317445154166,203.68406497516,205.943658409577,205.121736874564,100.292363143513,204.999909307886,208.368966124959,205.943658409577,100.304084544145,100.184447710038,100.298928268741,144.522197308309,204.052388132814,100.303244986149,204.615314817153,205.023642670081,206.515183065182
100.264262841957,205.441510596716,205.404440617026,205.979436781221,203.723708740545,100.331645748528,190.730237594815,205.121736874564,208.343118378749,205.403385469987,208.500815537242,203.723708740545,207.846309600421,100.31671795276,203.68406497516,205.943658409577,205.121736874564,100.291798860036,204.999909307886,208.368966124959,205.943658409577,100.303855412041,100.183854519551,100.29790844733,144.522197308309,204.052388132814,100.301336623862,204.615314817153,205.023642670081,206.515183065182
100.264088928468,205.441510596716,205.404440617026,205.979436781221,203.723708740545,100.331412058958,211.688085415837,205.121736874564,208.343118378749,205.403385469987,208.500815537242,203.723708740545,207.846309600421,100.316701809825,203.68406497516,205.943658409577,205.121736874564,100.290975824311,204.999909307886,208.368966124959,205.943658409577,100.303387960465,100.183530374073,100.297216829657,205.023642670081,204.052388132814,100.30118441538,204.615314817153,205.023642670081,206.515183065182
100.264013506133,205.441510596716,205.404440617026,205.979436781221,203.723708740545,100.331280294361,211.688085415837,205.121736874564,208.343118378749,205.403385469987,208.500815537242,203.723708740545,207.846309600421,100.316579588819,203.68406497516,205.943658409577,205.121736874564,100.290896243037,204.999909307886,208.368966124959,205.943658409577,100.30335037388,100.183337301326,100.297132866559,205.023642670081,204.052388132814,100.301087904234,204.615314817153,205.023642670081,206.515183065182
100.263984511874,205.441510596716,205.404440617026,205.979436781221,203.723708740545,100.331237142821,211.688085415837,205.121736874564,208.343118378749,205.403385469987,208.500815537242,203.723708740545,207.846309600421,100.316565615708,203.68406497516,205.943658409577,205.121736874564,100.290890318526,204.999909307886,208.368966124959,205.943658409577,100.30335037388,100.183301910032,100.297096959942,205.023642670081,204.052388132814,100.301050909045,204.615314817153,205.023642670081,206.515183065182
100.263982756418,205.441510596716,205.404440617026,205.979436781221,203.723708740545,100.331229757164,211.688085415837,205.121736874564,208.343118378749,205.403385469987,208.500815537242,203.723708740545,207.846309600421,100.316560725544,203.68406497516,205.943658409577,205.121736874564,100.29087617904,204.999909307886,208.368966124959,205.943658409577,100.303337110212,100.183301910032,100.297082552765,205.023642670081,204.052388132814,100.301041731858,204.615314817153,205.023642670081,206.515183065182
100.263983079238,205.441510596716,205.404440617026,205.979436781221,203.723708740545,100.33123082502,211.688085415837,205.121736874564,208.343118378749,205.403385469987,208.500815537242,203.723708740545,207.846309600421,100.316560780417,203.68406497516,205.943658409577,205.121736874564,100.290879013106,204.999909307886,208.368966124959,205.943658409577,100.303337310438,100.183301527782,100.297083589552,205.023642670081,204.052388132814,100.30104145192,204.615314817153,205.023642670081,206.515183065182
