39.870578007792,49.8005293547108,47.262649177677,49.701202248809,49.5645328249766,40.7499365076409,48.8853414999083,45.3920079253525,50.3400731638034,47.8829216065212,52.0528834978564,52.5348765815137,27.3857838847726,49.5430489817531,46.0462596358037,51.7957254385398,51.7737769765656,44.0896160231471,50.7096777740567,44.6400400366736,56.900308521836,43.0051472363056,59.1027948565649,42.7183893379242,49.9588632588913,21.7608951154809,45.6921672536873,33.1014161873811,38.6850237435849,40.6003059386589
39.870578007792,32.1829622355668,37.6474649125782,41.8553519478976,35.5128672492534,40.7499365076409,28.9288085163397,39.9744122138931,41.8309805756527,34.9861908045873,38.9468940027258,46.9731986339883,27.3857838847726,43.7648672060807,40.8605357907322,39.7671200446631,38.4294447952691,35.5970391383813,31.4209953877378,40.0264133970593,24.8711433303461,43.0051472363056,59.1027948565649,42.7183893379242,40.8259613810283,21.7608951154809,33.7753701331162,33.1014161873811,38.6850237435849,40.6003059386589
37.5842565678063,32.1829622355668,34.8248018649057,41.8553519478976,35.5128672492534,36.234380119076,28.9288085163397,39.9744122138931,41.8309805756527,34.9861908045873,34.2860510771674,39.8539493078089,27.3857838847726,34.9959525831258,40.8605357907322,34.6987871974793,34.9934442863648,35.5970391383813,31.4209953877378,40.0264133970593,24.8711433303461,39.1084862989669,50.8416130101799,18.3462489723677,34.5515437135084,21.7608951154809,33.7753701331162,30.3301229132394,37.2568510011258,40.6003059386589
37.5842565678063,26.6305440217085,34.4895904388238,33.6477437739533,29.6076644112756,35.6180046503578,28.9288085163397,35.4570809096047,36.4359380413947,34.9861908045873,30.5342727610559,26.6216964320662,25.2109458917365,34.2838341024145,35.5101488416344,34.6987871974793,25.976775272692,35.5970391383813,25.0601108348047,40.0264133970593,24.8711433303461,25.9868747387928,31.85583197146,18.3462489723677,27.7357722952222,21.7608951154809,27.8239507547593,18.1768398534813,36.2809951862265,34.9549623856615
2.9863197337711,0.996528033013647,1.99023882455356,4.01705714787545,2.99377763166387,1.99037895630511,5.07539829971495,3.00579455447917,4.98721452085317,3.09999021652038,3.1575566882866,1.99113292986488,4.97531986073625,25.2604327284643,28.7060718692369,19.5026856761931,3.9867943579485,5.3532501321921,2.98513869491762,1.0111603299689,7.95970665712514,3.98024414995984,31.85583197146,18.3462489723677,13.9763417881642,21.7608951154809,26.5871431422145,2.99114269831034,5.05579298238194,18.7381827955434
2.98487717127989,0.994959057093297,1.98991811418659,3.97983622837319,2.98487717127989,1.98991811418659,4.97479528546648,2.98487717127989,4.97479528546648,2.98487717127989,2.98487717127989,1.98991811418659,4.97479528546648,3.97993550562023,3.97983625330892,4.97479528546648,3.97983622837319,4.97479528546648,2.98487717127989,0.994959057093297,7.95967245674638,3.97983622837319,4.14778779222365,1.98991811418693,4.97479528546683,3.97983622864558,0.994959057093411,2.98487717127989,4.97479528546648,1.98991811418807
2.98487717127989,0.994959057093297,1.98991811418659,3.97983622837319,2.98487717127989,1.98991811418659,4.97479528546648,2.98487717127989,4.97479528546648,2.98487717127989,2.98487717127989,1.98991811418659,4.97479528546648,3.97983622839411,3.97983622837319,4.97479528546648,3.97983622837319,4.97479528546648,2.98487717127989,0.994959057093297,7.95967245674638,3.97983622837319,3.97983624052392,1.98991811418659,4.97479528546648,3.97983622837319,0.994959057093297,2.98487717127989,4.97479528546648,1.98991811418659
2.98487717127989,0.994959057093297,1.98991811418659,3.97983622837319,2.98487717127989,1.98991811418659,4.97479528546648,2.98487717127989,4.97479528546648,2.98487717127989,2.98487717127989,1.98991811418659,4.97479528546648,3.97983622837319,3.97983622837319,4.97479528546648,3.97983622837319,4.97479528546648,2.98487717127989,0.994959057093297,7.95967245674638,3.97983622837319,3.97983622837319,1.98991811418659,4.97479528546648,3.97983622837319,0.994959057093297,2.98487717127989,4.97479528546648,1.98991811418659
2.98487717127989,0.994959057093297,1.98991811418659,3.97983622837319,2.98487717127989,1.98991811418659,4.97479528546648,2.98487717127989,4.97479528546648,2.98487717127989,2.98487717127989,1.98991811418659,4.97479528546648,3.97983622837319,3.97983622837319,4.97479528546648,3.97983622837319,4.97479528546648,2.98487717127989,0.994959057093297,7.95967245674638,3.97983622837319,3.97983622837319,1.98991811418659,4.97479528546648,3.97983622837319,0.994959057093297,2.98487717127989,4.97479528546648,1.98991811418659
2.98487717127989,0.994959057093297,1.98991811418659,3.97983622837319,2.98487717127989,1.98991811418659,4.97479528546648,2.98487717127989,4.97479528546648,2.98487717127989,2.98487717127989,1.98991811418659,4.97479528546648,3.97983622837319,3.97983622837319,4.97479528546648,3.97983622837319,4.97479528546648,2.98487717127989,0.994959057093297,7.95967245674638,3.97983622837319,3.97983622837319,1.98991811418659,4.97479528546648,3.97983622837319,0.994959057093297,2.98487717127989,4.97479528546648,1.98991811418659
2.98487717127989,0.994959057093297,1.98991811418659,3.97983622837319,2.98487717127989,1.98991811418659,4.97479528546648,2.98487717127989,4.97479528546648,2.98487717127989,2.98487717127989,1.98991811418659,4.97479528546648,3.97983622837319,3.97983622837319,4.97479528546648,3.97983622837319,4.97479528546648,2.98487717127989,0.994959057093297,7.95967245674638,3.97983622837319,3.97983622837319,1.98991811418659,4.97479528546648,3.97983622837319,0.994959057093297,2.98487717127989,4.97479528546648,1.98991811418659
2.98487717127989,0.994959057093297,1.98991811418659,3.97983622837319,2.98487717127989,1.98991811418659,4.97479528546648,2.98487717127989,4.97479528546648,2.98487717127989,2.98487717127989,1.98991811418659,4.97479528546648,3.97983622837319,3.97983622837319,4.97479528546648,3.97983622837319,4.97479528546648,2.98487717127989,0.994959057093297,7.95967245674638,3.97983622837319,3.97983622837319,1.98991811418659,4.97479528546648,3.97983622837319,0.994959057093297,2.98487717127989,4.97479528546648,1.98991811418659
2.98487717127989,0.994959057093297,1.98991811418659,3.97983622837319,2.98487717127989,1.98991811418659,4.97479528546648,2.98487717127989,4.97479528546648,2.98487717127989,2.98487717127989,1.98991811418659,4.97479528546648,3.97983622837319,3.97983622837319,4.97479528546648,3.97983622837319,4.97479528546648,2.98487717127989,0.994959057093297,7.95967245674638,3.97983622837319,3.97983622837319,1.98991811418659,4.97479528546648,3.97983622837319,0.994959057093297,2.98487717127989,4.97479528546648,1.98991811418659
2.98487717127989,0.994959057093297,1.98991811418659,3.97983622837319,2.98487717127989,1.98991811418659,4.97479528546648,2.98487717127989,4.97479528546648,2.98487717127989,2.98487717127989,1.98991811418659,4.97479528546648,3.97983622837319,3.97983622837319,4.97479528546648,3.97983622837319,4.97479528546648,2.98487717127989,0.994959057093297,7.95967245674638,3.97983622837319,3.97983622837319,1.98991811418659,4.97479528546648,3.97983622837319,0.994959057093297,2.98487717127989,4.97479528546648,1.98991811418659
