264412.668409223,38814.158782804,347230.980624675,70198.5361787552,234550.610763513,4870900.65091424,66132526.293296,72550932.4228527,78956.0420917997,1922080.06968841,22037078.1932373,532900.013944462,106495.263265433,7171085.08609371,3196144.92115573,81246.7583029204,78521.7920098208,39812.8154020942,17113848.4404104,140481.010776696,604707.853164075,4340967.32829506,187414.010025667,1894197.76971187,5448173.5663665,465255.15757471,56875.2716915244,47998.4701530292,142527.394170645,89500.8151939711
264412.668409223,38814.158782804,347230.980624675,70198.5361787552,234550.610763513,273168.897041768,161314.455817507,72550932.4228527,78956.0420917997,1922080.06968841,239598.138116949,532900.013944462,106495.263265433,7171085.08609371,89251.4183854486,81246.7583029204,78521.7920098208,39812.8154020942,17113848.4404104,140481.010776696,604707.853164075,617413.862028087,187414.010025667,76309.8240783548,5448173.5663665,465255.15757471,56875.2716915244,47998.4701530292,142527.394170645,89500.8151939711
27863.7089545732,38814.158782804,347230.980624675,70198.5361787552,176915.810689806,273168.897041768,81092.5786933984,12705000.5929431,78956.0420917997,46888.5176243656,239598.138116949,90249.9005699147,71436.3591509146,313663.028966531,48440.9896757695,81246.7583029204,78521.7920098208,39812.8154020942,502341.830762524,140481.010776696,604707.853164075,70330.2001710708,187414.010025667,55347.2201395974,87499.6346079717,245922.717403947,56875.2716915244,47998.4701530292,76537.1842571287,89500.8151939711
27863.7089545732,38814.158782804,111102.555678963,50077.1451371617,176915.810689806,273168.897041768,46472.6321371236,7184530.33583625,32924.7278574217,46888.5176243656,239598.138116949,90249.9005699147,71436.3591509146,116678.4197132,48440.9896757695,35586.3091765125,75981.1357659937,39812.8154020942,98241.2383199058,73241.8517710153,80829.6351394361,70330.2001710708,187414.010025667,55347.2201395974,64178.6593162249,79445.3342259473,53743.2478523123,47998.4701530292,49597.2616300925,65787.4420730756
27863.7089545732,35139.6975934851,34894.6944154994,50077.1451371617,37315.0788108404,33419.651676252,46472.6321371236,30491.6408673087,32924.7278574217,46888.5176243656,39626.6582791277,60925.7882418078,35313.4147465088,57829.5432616283,32030.8567364294,35586.3091765125,42658.4800600746,33259.2802418569,38449.4291431894,73241.8517710153,80829.6351394361,59925.9231808071,141584.19377581,51722.787111423,23574.3589029846,34260.1901042608,53743.2478523123,47998.4701530292,49597.2616300925,65787.4420730756
27863.7089545732,26647.7555309794,34894.6944154994,45836.997195728,37315.0788108404,32879.0882371351,44507.9689768,30491.6408673087,32924.7278574217,37046.1721412549,39626.6582791277,40732.3566787904,35313.4147465088,34859.7249188766,31948.3308140354,28793.9941293925,34423.9912289649,33259.2802418569,36709.0500781759,34438.0414300709,39781.4903542422,59925.9231808071,37224.8673881882,29088.6063156261,23574.3589029846,34037.9254093324,37772.9417364336,47998.4701530292,31841.3214821034,43759.5644511152
27363.2136656486,24477.2581593438,31548.8165190885,28718.3949798666,24628.138797959,19874.5378087727,26130.7800789379,24721.5806011836,32924.7278574217,28900.2800181088,20703.7020937468,34232.522629648,35313.4147465088,32756.7946029732,31948.3308140354,23331.7483603374,24711.860023757,33259.2802418569,24904.6046270398,34438.0414300709,29584.7634263958,35812.4959113175,32835.7110501948,28776.7623499954,23574.3589029846,34037.9254093324,26680.3215876741,31874.5556092632,31841.3214821034,33159.9070287042
3115.46347219505,1950.12619007396,1821.02749146865,8527.32636912049,5571.40217707301,8281.96852244683,3139.32668742339,4675.36173171898,2986.7049974572,1408.52717224882,1426.0295350792,6271.18260661685,2141.4903960107,7343.89751942755,1754.28478631013,2216.88048030475,6929.99613169491,4361.6047965971,3098.08365749223,3139.99871182555,1689.73559316526,6944.54231315353,5146.50589136887,5774.9526075827,3148.42137711042,7423.06073891349,5958.95508623899,7473.60518881413,6885.4412970435,7447.20760830308
20.6730586499964,9.72437403150821,48.4614043712211,30.3584014144452,32.4324350442966,16.4903076435252,31.280987386879,18.2018132128106,34.1397743070089,14.3081777358153,37.9874418368228,23.1132170697969,11.415071121765,26.927550085263,26.81012598117,9.21100466304574,53.3367416017353,19.1062291235943,26.6866797490563,19.3543037605832,9.54359829677662,20.9486449585357,25.8116021580171,20.941394757953,15.4639859849564,24.3352169939384,14.1227853655018,55.6822451647214,18.3490797202669,24.9546890520413
0.50362024040345,0.406041796081411,0.341889520799782,0.720150172579338,0.621465159243485,0.907304411749465,0.305567571162953,0.676483341853441,0.361885416429516,0.283785534179117,0.351089626072508,0.331077357100753,0.256751072528914,0.394149852934902,0.32910562774191,0.496469101465436,0.510054375980133,0.286950537397388,0.427655600975982,0.398131300550801,0.488271787429028,0.944697317801172,0.679093620309686,0.325837364168819,0.926444550687847,0.555085141596294,0.443848638155714,0.735042887736483,0.582346354477977,0.416994844350825
0.000148351989764706,0.000135497526684958,0.000104247443118766,0.000102381336262169,0.000196509591376071,0.00020739699476735,0.000122720197794024,0.000161403802223958,0.000109156661096677,9.38064612796552e-05,0.000123960536143386,7.7289061096053e-05,7.42349772622219e-05,0.000126064912421953,9.98617906589061e-05,7.89112041843509e-05,0.000149336965762359,7.04909714954738e-05,0.000111045294943324,0.000110131500093757,0.000114594185504302,0.000181434336923303,0.000173122101500667,8.49305509973419e-05,0.000135343849990477,0.000133307479472933,0.000139889615923039,0.00031908158234728,0.000104376717501964,9.53290508505233e-05
2.67732502834406e-11,1.688249540166e-11,5.62749846721999e-12,1.3017142919125e-11,3.16617843054701e-11,2.66027200268582e-11,1.43245415529236e-11,1.36992639454547e-11,1.26760824059602e-11,7.95807864051312e-12,9.72022462519817e-12,1.46087586472277e-11,1.43245415529236e-11,1.39834810397588e-11,1.79056769411545e-11,1.39834810397588e-11,2.68300937023014e-11,2.1316282072803e-11,2.40447661781218e-11,1.87583282240666e-11,1.8644641386345e-11,1.59730006998871e-11,3.64366314897779e-11,8.35598257253878e-12,3.17754711431917e-11,3.74598130292725e-11,2.46132003667299e-11,2.25668372877408e-11,3.34239302901551e-11,1.4210854715202e-11
0,0,0,0,0,0,0,0,0,0,0,0,0,0,0,0,0,0,0,0,0,0,0,0,0,0,0,0,0,0
0,0,0,0,0,0,0,0,0,0,0,0,0,0,0,0,0,0,0,0,0,0,0,0,0,0,0,0,0,0
0,0,0,0,0,0,0,0,0,0,0,0,0,0,0,0,0,0,0,0,0,0,0,0,0,0,0,0,0,0
0,0,0,0,0,0,0,0,0,0,0,0,0,0,0,0,0,0,0,0,0,0,0,0,0,0,0,0,0,0
