343.619054032052,110.928559726217,120.42124463347,350.250619365942,3049.31279627517,340.368674907715,119.404987541657,103.800499998059,114.694904713367,113.299934507616,229.702768601211,4096.89103254427,342.948428215787,111.303309757927,468.769100895422,3459.04122447801,108.420863965338,439.838041069263,127.783313788909,133.671019544074,4444.43473057108,336.788876234015,969.595990908638,3621.12045503619,127.390941738933,323.208566456537,109.966818206069,121.270509435351,104.715988426834,109.929920768609
236.542400448676,101.028131553453,101.131224181804,315.196928885872,101.667075525523,273.813498051285,100.826157045106,101.162975508492,101.032019203153,101.131961175768,102.551791943778,2589.82563914602,101.812957391538,100.948885522364,322.690037979915,3459.04122447801,101.166305001311,303.116873367572,101.643905071643,101.763608308333,3551.94955267553,266.007376265912,969.595990908638,102.48868284935,101.631895093674,299.039785516676,101.190495854129,101.753475895998,101.192406326612,101.067738122002
212.105525980903,100.862509807515,100.981636167799,222.364881892399,100.944970675325,215.010663131179,100.826157045106,100.897683307633,100.951259087502,100.867062971364,100.986045319853,1409.68586689114,100.711736156787,100.948885522364,231.475844893173,2804.19042017917,100.88786940099,212.493947663128,100.921172728346,100.737909208279,2245.65049200771,216.109164218555,969.595990908638,101.017918031492,100.925073553261,218.168357826751,100.90406743767,100.916413698578,100.842208098898,100.848428220148
211.079423682155,100.523888796954,100.652611760973,217.423246622926,100.652295753322,213.598897351849,100.785412889938,100.577278451135,100.733280205779,100.609315076746,100.820914441684,3.85952545867394,100.711736156787,100.619995723282,218.492103538926,86.3066185958146,100.746766073154,209.484017705624,100.56522048197,100.464338746136,520.423555567737,215.230159733171,22.222371627427,100.591502417952,100.622795705025,215.233890014692,100.692520318203,100.570026415529,100.688782826218,100.555099569455
211.079333627677,100.45810113001,100.591365321794,217.420797281207,100.467102078072,213.598278184576,100.458782534057,100.474194430835,100.56274815744,100.472427154897,100.455188207657,3.63370464530499,100.52982982067,100.409069580547,218.490491067692,16.0083414532328,100.540118966267,209.482894528338,100.469900166741,100.464338746136,7.8412590226153,215.229690914972,3.69616068271944,100.482963687348,100.472002777899,215.233054543066,100.449621432906,100.499517763078,100.473306033765,100.438942550282
211.079333627676,100.38084703089,100.441224226342,217.420797281199,100.346497170758,213.598278184573,100.395600071837,100.397069911019,100.374654874339,100.430406568669,100.331213253387,3.63370464298259,100.392409158689,100.394021879104,218.490491067686,16.0082971774054,100.424405591647,209.482894528331,100.338322108195,100.35016405143,7.84114515131159,215.22969091497,3.6961528332522,100.354037834823,100.38471992754,215.233054543062,100.36736228096,100.346410774762,100.409017093279,100.337838049877
211.079333627676,100.354250988424,100.405988261286,217.420797281199,100.33160871396,213.598278184573,100.370951272465,100.371119609099,100.333321310782,100.398102027374,100.303228736017,3.63370464298077,100.346259143114,100.346613194418,218.490491067686,16.008297177405,100.394658783302,209.482894528331,100.307300647945,100.31619078618,7.84114515131159,215.22969091497,3.6961528332522,100.298543762052,100.370095099971,215.233054543062,100.32272573771,100.321840820803,100.392507946264,100.316724294349
211.079333627676,100.339092597952,100.401547982551,217.420797281199,100.323484500886,213.598278184573,100.358617088486,100.359693269549,100.326258224376,100.381495700481,100.297191127147,3.63370464298077,100.334079353844,100.328245060684,218.490491067686,16.0082971774045,100.383206536147,209.482894528331,100.299132573268,100.305335323647,7.84114515131159,215.22969091497,3.6961528332522,100.289583445571,100.361296427538,215.233054543062,100.310213570518,100.315465298675,100.382893112678,100.306750314512
211.079333627676,100.33714424036,100.399161571047,217.420797281199,100.322004855343,213.598278184573,100.356157022987,100.355090080003,100.323101141291,100.37695596878,100.292256823009,3.63370464298077,100.332813557552,100.323456670626,218.490491067686,16.0082971774045,100.378092027966,209.482894528331,100.294682624078,100.300312610988,7.84114515131159,215.22969091497,3.6961528332522,100.286943839523,100.358081947391,215.233054543062,100.307061738009,100.312130158641,100.382893112678,100.305018973282
211.079333627676,100.33583262941,100.396931889827,217.420797281199,100.321437011514,213.598278184572,100.353526287877,100.353747082345,100.322176878864,100.375929732908,100.291859743416,3.63370464298077,100.331204487521,100.321464380077,218.490491067686,16.0082971774045,100.377336563181,209.482894528331,100.293321962679,100.297005086571,7.84114515131159,215.22969091497,3.6961528332522,100.285999578946,100.356041056674,215.233054543062,100.305715633764,100.312043220209,100.382740180637,100.304055711929
211.079333627676,100.335777097323,100.396500278599,217.420797281199,100.321306398448,213.598278184572,100.35307372817,100.353377743195,100.321716924612,100.375586570893,100.291601199653,3.63370464298077,100.330850594445,100.321075248043,218.490491067686,16.0082971774045,100.377146075495,209.482894528331,100.29291887499,100.296055806538,7.84114515131159,215.22969091497,3.6961528332522,100.285761003994,100.355315588104,215.233054543062,100.3048337587,100.311476144513,100.382339973777,100.30380769055
211.079333627676,100.335690789517,100.396356304005,217.420797281199,100.321272855784,213.598278184572,100.352900942445,100.3531830348,100.321618115063,100.375450650298,100.291505677596,3.63370464298077,100.33062319621,100.32090479326,218.490491067686,16.0082971774036,100.377025508385,209.482894528331,100.292806781642,100.295905255455,7.84114515131159,215.22969091497,3.6961528332522,100.285657408334,100.355085623387,215.233054543062,100.304700517332,100.311405413481,100.382261194233,100.303781094222
211.079333627676,100.335662353739,100.396326265044,217.420797281199,100.321252488863,213.598278184572,100.352808587939,100.353143310988,100.321582370767,100.375417741385,100.29148817119,3.63370464298077,100.330601634149,100.320848410361,218.490491067686,16.0082971774036,100.376915545669,209.482894528331,100.292780944018,100.295835380715,7.84114515131159,215.22969091497,3.69615283325038,100.285623824682,100.355029512687,215.233054543062,100.304700517332,100.311358340849,100.382220723452,100.303741630697
211.079333627676,100.315094549887,100.396310361131,217.420797281199,100.31017335959,213.598278184572,100.352797550322,100.319609312871,100.312911406489,100.326022303265,100.286988930882,3.63370464298077,100.300276791855,100.302437525944,218.490491067686,16.0082971774036,100.353827890001,209.482894528331,100.276106042182,100.295811654491,7.84114515131159,215.22969091497,3.69615283325038,100.270807449684,100.355024375435,215.233054543062,100.30468522747,100.309423970561,100.380451143146,100.297544347646
