563.184621221366,614.717007475411,566.600465302403,666.821504892964,615.454433385523,570.052871931832,640.697299292905,667.50118825375,595.292377062991,638.268689105367,570.815841057829,660.422294340423,510.956383188348,655.809698134582,591.478066503773,643.943525112546,664.939186296197,552.719674443845,535.401418213703,594.464520934545,554.346335917257,563.957018992225,574.140074217893,630.11353027368,644.695738764801,698.269814531841,571.900813554059,512.278647762565,622.165980591432,699.236348785188
328.407543124334,328.709325323811,403.771345445523,403.545533208026,331.26663086896,332.829813840621,331.911627684413,333.2284273292,335.608784152965,403.062302757117,327.906815340265,329.338609807945,323.317535128259,330.888396983441,327.617882360513,327.569441916958,340.396088259054,404.623394907579,326.040826925415,334.081793937785,319.988997348144,327.313088027934,327.871983075232,334.198456943755,324.932706645123,403.878720674433,327.949870073955,330.619431019802,334.018823280386,407.497213078082
302.919954705382,303.585887706887,400.559621767397,400.668115730156,302.400676782795,304.252691942836,303.860846550373,304.210945376038,303.404001164764,400.676079536598,303.75589256184,304.0539600066,302.903258277875,304.332776822668,302.627205658471,304.211178070483,304.28364241697,400.563456071848,302.422616296465,302.080486405584,302.843051294612,303.627724888369,303.898026344369,303.893881990736,303.47138150417,400.766844615152,303.098288817822,303.446495931917,303.806406268532,400.684973539065
300.062283677456,300.051136702324,400.012880926099,400.011277411247,300.063557083813,300.071815299098,300.087936512772,300.057368345001,300.057276833886,400.012929165694,300.064614609244,300.087995776007,300.049648328089,300.067830946174,300.043649545528,300.066024786148,300.097594079679,400.011477838981,300.056832372547,300.07971598153,300.047498183207,300.04033706206,300.051413193923,300.0795788644,300.066164458281,400.015065306572,300.055620478963,300.069071792183,300.076610922099,400.01709279331
300.000003960819,300.000003885729,400.000001198819,400.000000836981,300.000004544466,300.000008508979,300.000005507506,300.000004226334,300.00000548385,400.000000929365,300.00000608411,300.000005784134,300.000003333385,300.000005190515,300.000004040836,300.000005437781,300.000004581533,400.00000074173,300.000004659512,300.000006754894,300.000003957343,300.000004203972,300.000003633289,300.00000638258,300.000004503192,400.00000103804,300.000005820316,300.000003937504,300.000006936469,400.000001730129
300.000000000003,300.000000000003,400,400,300.000000000003,300.000000000003,300.000000000003,300.000000000003,300.000000000003,400,300.000000000004,300.000000000003,300.000000000004,300.000000000004,300.000000000003,300.000000000003,300.000000000004,400,300.000000000003,300.000000000004,300.000000000004,300.000000000004,300.000000000002,300.000000000003,300.000000000003,400,300.000000000003,300.000000000005,300.000000000004,400
300.000000000003,300.000000000003,400,400,300.000000000003,300.000000000003,300.000000000003,300.000000000003,300.000000000003,400,300.000000000004,300.000000000003,300.000000000004,300.000000000004,300.000000000003,300.000000000003,300.000000000004,400,300.000000000003,300.000000000004,300.000000000004,300.000000000004,300.000000000002,300.000000000003,300.000000000003,400,300.000000000003,300.000000000005,300.000000000004,400
300.000000000003,300.000000000003,400,400,300.000000000003,300.000000000003,300.000000000003,300.000000000003,300.000000000003,400,300.000000000004,300.000000000003,300.000000000004,300.000000000004,300.000000000003,300.000000000003,300.000000000004,400,300.000000000003,300.000000000004,300.000000000004,300.000000000004,300.000000000002,300.000000000003,300.000000000003,400,300.000000000003,300.000000000005,300.000000000004,400
300.000000000003,300.000000000003,400,400,300.000000000003,300.000000000003,300.000000000003,300.000000000003,300.000000000003,400,300.000000000004,300.000000000003,300.000000000004,300.000000000004,300.000000000003,300.000000000003,300.000000000004,400,300.000000000003,300.000000000004,300.000000000004,300.000000000004,300.000000000002,300.000000000003,300.000000000003,400,300.000000000003,300.000000000005,300.000000000004,400
300.000000000002,300.000000000002,400,400,300.000000000002,300.000000000001,300.000000000002,300.000000000002,300.000000000002,400,300.000000000001,300.000000000001,300.000000000001,300.000000000002,300.000000000001,300.000000000001,300.000000000001,400,300.000000000002,300.000000000002,300.000000000001,300.000000000002,300.000000000001,300.000000000002,300.000000000002,400,300.000000000002,300.000000000002,300.000000000001,400
300.000000000001,300.000000000001,400,400,300.000000000001,300.000000000001,300.000000000001,300.000000000001,300.000000000001,400,300.000000000001,300.000000000001,300.000000000001,300.000000000001,300.000000000001,300.000000000001,300.000000000001,400,300.000000000001,300.000000000001,300.000000000001,300.000000000001,300.000000000001,300.000000000002,300.000000000002,400,300.000000000001,300.000000000001,300.000000000001,400
300.000000000001,300.000000000001,400,400,300.000000000001,300.000000000001,300.000000000001,300.000000000001,300.000000000001,400,300.000000000001,300.000000000001,300.000000000001,300.000000000001,300.000000000001,300.000000000001,300.000000000001,400,300.000000000001,300.000000000001,300.000000000001,300.000000000001,300.000000000001,300.000000000001,300.000000000001,400,300.000000000001,300.000000000001,300.000000000001,400
300.000000000001,300.000000000001,400,400,300.000000000001,300.000000000001,300.000000000001,300.000000000001,300.000000000001,400,300.000000000001,300.000000000001,300.000000000001,300.000000000001,300.000000000001,300.000000000001,300.000000000001,400,300.000000000001,300.000000000001,300.000000000001,300.000000000001,300.000000000001,300.000000000001,300.000000000001,400,300.000000000001,300.000000000001,300.000000000001,400
300.000000000001,300.000000000001,400,400,300.000000000001,300.000000000001,300.000000000001,300.000000000001,300.000000000001,400,300.000000000001,300.000000000001,300.000000000001,300.000000000001,300.000000000001,300.000000000001,300.000000000001,400,300.000000000001,300.000000000001,300.000000000001,300.000000000001,300.000000000001,300.000000000001,300.000000000001,400,300.000000000001,300.000000000001,300.000000000001,400
