6337.813184463,7810.76592886717,6734.376030045,7438.61453501469,6451.09172033397,6842.07948842102,8642.4956255767,10242.9678587734,7299.44585107993,7934.46785754177,9383.51562868433,7678.73767633264,7317.91183700895,8381.96202360374,7632.39600291139,7647.21042884949,9083.971361128,6769.21117059981,7606.88692728279,7144.4197986742,8345.80242136938,7263.07001800331,5241.77639589392,5996.18385148389,6527.34571345103,8489.21122707435,6956.79071050338,6610.41414854278,6601.77971230167,6047.77233489369
6337.813184463,7810.76592886717,6734.376030045,7438.61453501469,6451.09172033397,6842.07948842102,8642.4956255767,8598.74907471578,6498.22076047679,7934.46785754177,8383.33821535536,7330.94460984553,6477.3990440612,5355.99543148621,5614.05252261854,6442.21531210329,9083.971361128,6087.47819264822,7606.88692728279,6184.94204571148,8345.80242136938,6681.99628275572,5190.46424104856,5996.18385148389,6527.34571345103,7089.90251000216,6956.79071050338,6548.53009276056,6601.77971230167,6047.77233489369
6337.813184463,5846.37311144097,6079.67074366825,6545.95753682127,5976.4628605518,6361.23949730229,6716.89645194814,7312.91443126573,6498.22076047679,6172.22756809194,7131.64880890994,6382.66932471448,5578.52083078069,5355.99543148621,5445.08879038128,6442.21531210329,7187.06890097319,6022.74734462887,6543.90645383705,6184.94204571148,5653.24726320899,6681.99628275572,5190.46424104856,5996.18385148389,5747.28061035517,6674.56060256876,6956.79071050338,6118.57073067152,6601.77971230167,6047.77233489369
6337.813184463,5406.02886833451,5149.85041304614,5644.55857327415,5976.4628605518,5368.04712233196,5513.26506119249,6535.4430121402,6260.8795896213,6172.22756809194,6582.28883934576,3967.77936065846,4950.4278130404,5355.99543148621,5445.08879038128,6442.21531210329,6333.47296585351,6022.74734462887,6543.90645383705,6184.94204571148,5653.24726320899,5916.77709452142,5190.46424104856,5996.18385148389,5747.28061035517,5058.62965974003,6956.79071050338,5630.22579300682,5613.23502885524,6047.77233489369
4472.47211309194,4781.31024111462,5070.93453824333,4615.13920863522,5087.67803000506,4448.90779746378,4883.21222036855,5515.31388418698,5784.37873740234,6172.22756809194,5616.74070743254,3967.77936065846,4538.99626883677,4117.43491625872,5350.39453298153,5369.50202406675,5680.1712874075,5249.34496110904,5817.86534616513,4042.21520139034,4218.4193848413,5177.05577588811,5079.55313256353,5023.50808705636,4805.07291142517,5034.88703008027,4648.84194041972,4250.10544126034,4744.11896202041,5276.72469451686
3017.49526625502,3170.09260029662,3997.02253328568,3018.44729875666,2948.90649219572,2165.27359139603,3102.99283008904,4067.29473162794,3855.23473864416,4246.91028456903,4271.4882429861,3492.62530687263,2781.27855283723,2452.1702126729,4741.35279178931,3963.05331180464,4711.27804315471,3756.30435589872,3815.12513210024,3734.94424225377,3123.69065780223,2856.59423427266,2962.0762778797,3941.05386178164,4089.79687132949,4033.21605171151,2860.62668455142,3311.8249757559,2835.64689542916,3366.51819639237
1589.91042632584,1735.16089933261,1548.45112035401,1216.69029696366,1793.31474055096,1466.2540688314,1621.64026777628,1570.17273126696,1430.46160040198,1159.90807743874,1590.50939481076,1563.89098098621,1520.16308843803,1385.67365710401,1861.10230321555,1702.57000142412,1959.12702644733,1162.42156621333,1685.42649342226,2058.92163403709,1354.38955938955,1483.69318985227,1774.64367204239,1537.87072475213,2236.09474178023,1245.85542179973,2051.78787119163,1372.00656547498,1631.01037153895,1222.36369231322
868.223392141616,714.032650440841,692.826142839018,717.831479545817,850.271809173673,775.15358805235,835.320066255484,867.812076528096,717.223904108574,675.507219694835,717.406503424204,868.669853135946,697.402664107311,979.106915207542,798.938806795665,772.66725660708,834.180839608037,722.015977463466,697.679267527216,774.851369223362,674.189707022437,809.749550925445,743.284217147557,733.437938638253,905.818925112338,788.653400742186,825.119423477652,673.067509602799,869.697696761524,782.568503784038
360.812902135969,361.793577750594,412.857087215234,417.34620729777,382.475442788913,372.664369289857,385.355066202387,371.593767988906,358.403155917631,413.548605348093,377.222782741256,386.591649794947,359.01545305106,365.473886176568,363.97769065868,385.998947128037,398.200803171987,417.295630557027,349.828063291419,369.489643985965,344.272113135276,377.719763501957,372.107857783509,375.521126705403,364.375645157142,419.557294620087,361.742895547653,366.529245984621,365.682797949856,457.116851326756
305.937921874617,304.828039599996,400.979648262202,400.965028984446,305.684803340088,306.961079378671,306.109358314782,307.065865152457,306.256657081624,400.853724476009,306.566958032992,308.047219178998,304.933656923705,307.002893352453,304.969804759756,305.669254473693,308.753170055144,401.038545255434,305.751774212873,305.397468999806,305.209870730402,305.658912392908,306.556831748965,305.379337967051,305.868211255637,401.147557183957,305.291974468716,306.405614283264,306.251786884286,401.480633339065
300.062283677456,300.051136702324,400.012880926099,400.011277411247,300.063557083813,300.071815299098,300.087936512772,300.057368345001,300.057276833886,400.012929165694,300.064614609244,300.087995776007,300.049648328089,300.067830946174,300.043649545528,300.066024786148,300.097594079679,400.011477838981,300.056832372547,300.07971598153,300.047498183207,300.04033706206,300.051413193923,300.0795788644,300.066164458281,400.015065306572,300.055620478963,300.069071792183,300.076610922099,400.01709279331
300.000024748078,300.000019682238,400.000006536334,400.000006039604,300.000027941538,300.000034585118,300.000032515545,300.000029666061,300.000043383503,400.000005561311,300.000036067371,300.000039192673,300.000019474292,300.00002138103,300.000021867022,300.000026409773,300.000031463714,400.00000447496,300.000022601758,300.000034083595,300.000020538925,300.000034709612,300.000024136252,300.000025900566,300.000026516513,400.000005118878,300.000033988994,300.000022236955,300.000024243912,400.00000963316
300.000000000016,300.000000000014,400.000000000006,400.000000000003,300.000000000028,300.000000000033,300.000000000016,300.000000000016,300.000000000016,400.000000000003,300.000000000018,300.000000000027,300.000000000015,300.000000000015,300.00000000001,300.000000000017,300.000000000024,400.000000000003,300.000000000017,300.00000000002,300.00000000001,300.000000000027,300.000000000015,300.000000000018,300.000000000022,400.000000000003,300.00000000002,300.00000000001,300.000000000027,400.000000000005
300.000000000003,300.000000000003,400,400,300.000000000003,300.000000000003,300.000000000003,300.000000000003,300.000000000003,400,300.000000000004,300.000000000003,300.000000000004,300.000000000004,300.000000000003,300.000000000003,300.000000000004,400,300.000000000003,300.000000000004,300.000000000004,300.000000000004,300.000000000002,300.000000000003,300.000000000003,400,300.000000000003,300.000000000005,300.000000000004,400
300.000000000002,300.000000000002,400,400,300.000000000002,300.000000000002,300.000000000002,300.000000000002,300.000000000002,400,300.000000000002,300.000000000002,300.000000000002,300.000000000002,300.000000000001,300.000000000002,300.000000000002,400,300.000000000002,300.000000000002,300.000000000002,300.000000000002,300.000000000002,300.000000000002,300.000000000002,400,300.000000000002,300.000000000002,300.000000000001,400
300.000000000001,300.000000000001,400,400,300.000000000001,300.000000000001,300.000000000001,300.000000000001,300.000000000001,400,300.000000000001,300.000000000001,300.000000000001,300.000000000001,300.000000000001,300.000000000001,300.000000000001,400,300.000000000001,300.000000000001,300.000000000001,300.000000000001,300.000000000001,300.000000000001,300.000000000001,400,300.000000000001,300.000000000001,300.000000000001,400
