54.9346155115786,54.402056409647,56.5483479155636,52.4939962955892,55.0601265883932,54.3585329876313,58.317373693529,54.9617379694852,54.5614708576371,52.2195925346683,55.5652411222393,52.9395022933139,53.191561209597,54.1616224381072,57.0300900720807,52.7804738868052,52.8266728129815,92.3954834486194,56.8004605189535,55.1116313596469,52.5041627033952,55.8409715791401,54.8019490169121,54.4070964050291,52.7117075549258,54.8211090392556,55.4199242719143,54.1827094517542,65.8601573001243,54.5684323071866
49.2242319066902,49.2146184808853,49.2505788280977,45.0570974476776,49.2207163989038,49.24105374165,45.1721205206106,49.2639968373394,45.4335134296181,49.211206703146,49.2198569757417,45.0333254858964,45.1018088411726,49.2216551711739,49.2436941362216,49.1924782142473,45.027185308761,70.2125079038045,49.2069410776189,45.0795276747324,49.2028709805861,49.3681922118834,45.2923886687334,49.2177371009967,45.0889139537801,49.238563061325,49.2005774884616,45.0757061326667,49.2828905044851,49.2213796999696
49.0905613207935,49.0896157969211,49.0914530144491,44.9039248962687,49.0912698182144,49.0900205740952,44.9091599372695,49.0902032360353,44.9118830685183,49.0911384095,49.0896638994,44.9021674277703,44.906697416582,49.0914758208139,49.091093714765,49.0885641717977,44.9019157763133,3.4262200400704,49.0906712338365,44.9019358906663,49.091383605902,49.0968366749747,44.9040759594938,49.0898080282917,44.9027608209532,49.089859190735,49.0911088981401,44.9061514438255,49.0923978613926,49.0909685116363
49.0844878673253,49.0844901949679,49.0844949068936,44.8954808402115,49.0844912601659,49.0844868984025,44.8954848170377,49.0844868668764,44.8954884940059,49.0844935217824,49.0844913810917,44.8954758157158,44.8954860442616,49.0844889479907,49.0844856342097,49.084484982272,44.8954744137266,0.000128471718255696,49.0844924003985,44.8954762585849,49.0844913865867,49.0845002841936,44.895482052222,49.0844921623961,44.8954768407501,49.0844934093044,49.0844897692923,44.8954820713657,49.0844903418004,49.0844891742984
49.0844789794813,49.0844789794813,49.0844789794813,44.8954693174514,49.0844789794814,49.0844789794813,44.8954693174514,49.0844789794813,44.8954693174514,49.0844789794813,49.0844789794813,44.8954693174514,44.8954693174515,49.0844789794813,49.0844789794813,49.0844789794813,44.8954693174514,1.30739863379858e-12,49.0844789794813,44.8954693174514,49.0844789794813,49.0844789794813,44.8954693174515,49.0844789794814,44.8954693174514,49.0844789794813,49.0844789794813,44.8954693174514,49.0844789794813,49.0844789794813
49.0844789794812,49.0844789794812,49.0844789794812,44.8954693174513,49.0844789794812,49.0844789794812,44.8954693174513,49.0844789794812,44.8954693174513,49.0844789794812,49.0844789794812,44.8954693174513,44.8954693174513,49.0844789794812,49.0844789794812,49.0844789794812,44.8954693174513,0,49.0844789794812,44.8954693174513,49.0844789794812,49.0844789794812,44.8954693174513,49.0844789794812,44.8954693174513,49.0844789794812,49.0844789794812,44.8954693174513,49.0844789794812,49.0844789794812
49.0844789794812,49.0844789794812,49.0844789794812,44.8954693174513,49.0844789794812,49.0844789794812,44.8954693174513,49.0844789794812,44.8954693174513,49.0844789794812,49.0844789794812,44.8954693174513,44.8954693174513,49.0844789794812,49.0844789794812,49.0844789794812,44.8954693174513,0,49.0844789794812,44.8954693174513,49.0844789794812,49.0844789794812,44.8954693174513,49.0844789794812,44.8954693174513,49.0844789794812,49.0844789794812,44.8954693174513,49.0844789794812,49.0844789794812
49.0844789794812,49.0844789794812,49.0844789794812,44.8954693174513,49.0844789794812,49.0844789794812,44.8954693174513,49.0844789794812,44.8954693174513,49.0844789794812,49.0844789794812,44.8954693174513,44.8954693174513,49.0844789794812,49.0844789794812,49.0844789794812,44.8954693174513,0,49.0844789794812,44.8954693174513,49.0844789794812,49.0844789794812,44.8954693174513,49.0844789794812,44.8954693174513,49.0844789794812,49.0844789794812,44.8954693174513,49.0844789794812,49.0844789794812
49.0844789794812,49.0844789794812,49.0844789794812,44.8954693174513,49.0844789794812,49.0844789794812,44.8954693174513,49.0844789794812,44.8954693174513,49.0844789794812,49.0844789794812,44.8954693174513,44.8954693174513,49.0844789794812,49.0844789794812,49.0844789794812,44.8954693174513,0,49.0844789794812,44.8954693174513,49.0844789794812,49.0844789794812,44.8954693174513,49.0844789794812,44.8954693174513,49.0844789794812,49.0844789794812,44.8954693174513,49.0844789794812,49.0844789794812
49.0844789794812,49.0844789794812,49.0844789794812,44.8954693174513,49.0844789794812,49.0844789794812,44.8954693174513,49.0844789794812,44.8954693174513,49.0844789794812,49.0844789794812,44.8954693174513,44.8954693174513,49.0844789794812,49.0844789794812,49.0844789794812,44.8954693174513,0,49.0844789794812,44.8954693174513,49.0844789794812,49.0844789794812,44.8954693174513,49.0844789794812,44.8954693174513,49.0844789794812,49.0844789794812,44.8954693174513,49.0844789794812,49.0844789794812
49.0844789794812,49.0844789794812,49.0844789794812,44.8954693174513,49.0844789794812,49.0844789794812,44.8954693174513,49.0844789794812,44.8954693174513,49.0844789794812,49.0844789794812,44.8954693174513,44.8954693174513,49.0844789794812,49.0844789794812,49.0844789794812,44.8954693174513,0,49.0844789794812,44.8954693174513,49.0844789794812,49.0844789794812,44.8954693174513,49.0844789794812,44.8954693174513,49.0844789794812,49.0844789794812,44.8954693174513,49.0844789794812,49.0844789794812
49.0844789794812,49.0844789794812,49.0844789794812,44.8954693174513,49.0844789794812,49.0844789794812,44.8954693174513,49.0844789794812,44.8954693174513,49.0844789794812,49.0844789794812,44.8954693174513,44.8954693174513,49.0844789794812,49.0844789794812,49.0844789794812,44.8954693174513,0,49.0844789794812,44.8954693174513,49.0844789794812,49.0844789794812,44.8954693174513,49.0844789794812,44.8954693174513,49.0844789794812,49.0844789794812,44.8954693174513,49.0844789794812,49.0844789794812
49.0844789794812,49.0844789794812,49.0844789794812,44.8954693174513,49.0844789794812,49.0844789794812,44.8954693174513,49.0844789794812,44.8954693174513,49.0844789794812,49.0844789794812,44.8954693174513,44.8954693174513,49.0844789794812,49.0844789794812,49.0844789794812,44.8954693174513,0,49.0844789794812,44.8954693174513,49.0844789794812,49.0844789794812,44.8954693174513,49.0844789794812,44.8954693174513,49.0844789794812,49.0844789794812,44.8954693174513,49.0844789794812,49.0844789794812
49.0844789794812,49.0844789794812,49.0844789794812,44.8954693174513,49.0844789794812,49.0844789794812,44.8954693174513,49.0844789794812,44.8954693174513,49.0844789794812,49.0844789794812,44.8954693174513,44.8954693174513,49.0844789794812,49.0844789794812,49.0844789794812,44.8954693174513,0,49.0844789794812,44.8954693174513,49.0844789794812,49.0844789794812,44.8954693174513,49.0844789794812,44.8954693174513,49.0844789794812,49.0844789794812,44.8954693174513,49.0844789794812,49.0844789794812
