1457.68709111512,3014.10553960179,2528.78111577053,2351.81650740917,2450.63347382031,4602.20015931884,2579.08573643986,2821.25311545737,2897.54986418137,1685.1926160627,993.612123243933,3229.67164540294,2634.64553152717,1295.32685904287,1566.06786942046,4218.14873717732,1983.93867873713,2804.10367994106,6987.0426842935,1888.56200313742,5428.47452793761,4453.06678475951,914.382073180917,887.778835648099,1508.63618142283,5565.05055085192,1882.21785268819,1841.53984089046,2538.62616054526,2183.13513370874
1457.68709111512,3014.10553960179,2528.78111577053,2351.81650740917,2450.63347382031,3237.86044843004,2407.88010670068,2413.81191264386,2897.54986418137,1685.1926160627,993.612123243933,3229.67164540294,2634.64553152717,1295.32685904287,1566.06786942046,4218.14873717732,1983.93867873713,2796.97740250388,4210.74970891136,1888.56200313742,4045.45575063614,4240.06606321261,432.070289327818,887.778835648099,1508.63618142283,5312.60045039102,1882.21785268819,1841.53984089046,2538.62616054526,1836.36570245642
1457.68709111512,2388.10307332561,2528.78111577053,2351.81650740917,701.164283930866,2157.95864741799,1951.22872624838,2413.81191264386,1118.73686056213,1685.1926160627,993.612123243933,2709.86580814706,1727.62585145248,1295.32685904287,1566.06786942046,2108.82711109222,1983.93867873713,1625.26084485717,2033.70533439914,1888.56200313742,3147.51848150167,2858.50684664503,432.070289327818,887.778835648099,1508.63618142283,2779.54747874687,1876.22734323781,1684.69635943397,2538.62616054526,1836.36570245642
1457.68709111512,982.113888788325,1527.2301736956,1552.82954668193,701.164283930866,961.70681868066,1206.35852241549,1124.00642650777,1118.73686056213,1685.1926160627,885.840031446307,1212.27755462363,1112.79741729682,1172.98116738191,1566.06786942046,2075.34184392126,1105.20188218603,1625.26084485717,2033.70533439914,915.653358178784,1180.35761250183,1659.53141489955,432.070289327818,887.778835648099,1508.63618142283,1263.61293604824,1639.6183879483,1684.69635943397,955.869045019748,1307.87020695138
796.385646723925,982.113888788325,958.386321621815,1269.67090106933,701.164283930866,852.237784711729,797.347234201983,1042.07130751623,839.023515278861,720.305111623079,758.265412742022,663.414631323001,923.871667918748,589.734723628612,1252.17867271293,780.897066146287,804.261629546196,1625.26084485717,1243.47310703914,915.653358178784,877.095572612838,1048.85532631711,432.070289327818,887.778835648099,1416.48726340112,680.888602939938,1639.42008307573,888.996455701397,852.230188076366,1002.62325546266
437.242008492803,420.415875548381,552.384060710824,596.095916716747,332.810257603348,295.035163848879,425.263810300504,457.67680997108,404.672917108703,314.597730829659,463.205645929164,314.191179601993,667.16460887775,357.876807673014,314.672994270259,395.242342531481,309.480719935323,644.012228225256,693.923780485989,316.379554521463,308.67231996209,578.877362529078,345.923415455645,446.452734223481,261.900239531422,337.103377503765,650.155859986214,312.584186316764,618.42346555109,274.735785662289
132.164328623459,127.059299423743,136.437087091623,125.416648874332,140.172349409569,137.686727000525,143.664182628228,144.438906761292,144.81640513197,152.072697517928,189.798434572973,101.671394441787,201.032372884208,175.831699204602,147.169959850149,162.810519288354,191.617356935399,400.045900667702,162.323613037828,157.2316339941,159.838326171797,240.085764144333,149.968119180036,168.227354613238,140.471161880165,151.675757245966,204.720387010932,143.525457181213,228.27134974931,179.412003868989
59.8594106716142,63.7186063826546,65.5984913055349,61.0523190319797,73.2967529477464,60.576896680295,70.7826174130011,64.4611159850286,62.2554252952326,65.3385267015874,67.7382466890288,57.0705003774265,66.3593435379869,68.1443700697352,67.6303578573452,62.7823257701214,59.4214942524578,137.817822632061,61.7471174753866,63.2008471148474,57.3899289145348,61.9436611859668,57.911970475239,58.318405097049,58.0203324065932,64.7873514121957,65.9669041629124,60.3253120387785,77.3834607648454,61.9880927866005
49.6865905615748,49.7182455022927,49.7895882251067,45.7866708087957,49.606157128987,49.6582418878898,49.0355353222552,49.7687010296046,49.4449344905383,49.5647856224785,49.6976349455026,45.9439562216489,46.0236713878879,49.7283355324314,49.8494317438914,49.6181074792009,45.4354421821645,73.4904785521522,49.7453876862539,45.8314772274734,49.5599040784018,49.8866764140219,49.4128902823927,49.7099204177012,45.5161431430723,49.797369323022,49.6012274953553,45.6575091671409,49.9095127628478,49.7350325557324
49.1002008133088,49.0998400630477,49.0975647772277,44.9129719622596,49.1003791764511,49.0971743965515,44.9237018128557,49.0950500156324,44.9429283885218,49.0979956533545,49.0953375406248,44.9108061631433,44.9177544645027,49.1000326983084,49.1009729737147,49.0971077866978,44.9076337448834,38.3280490807194,49.0961031274049,44.9099221580852,49.0990366228958,49.1080375496872,44.9281724783245,49.0958998298871,44.9104433325154,49.0995860893638,49.0973943726216,44.9216581089275,49.1041059945098,49.0993872531518
49.0844878673253,49.0844901949679,49.0844949068936,44.8954808402115,49.0844912601659,49.0844868984025,44.8954848170377,49.0844868668764,44.8954884940059,49.0844935217824,49.0844913810917,44.8954758157158,44.8954860442616,49.0844889479907,49.0844856342097,49.084484982272,44.8954744137266,0.000128471718255696,49.0844924003985,44.8954762585849,49.0844913865867,49.0845002841936,44.895482052222,49.0844921623961,44.8954768407501,49.0844934093044,49.0844897692923,44.8954820713657,49.0844903418004,49.0844891742984
49.0844789794835,49.0844789794826,49.0844789794832,44.8954693174536,49.0844789794834,49.0844789794837,44.8954693174539,49.0844789794835,44.8954693174551,49.0844789794826,49.084478979483,44.8954693174525,44.8954693174547,49.0844789794833,49.084478979483,49.0844789794826,44.8954693174524,6.04245542490389e-11,49.0844789794834,44.8954693174535,49.0844789794833,49.0844789794875,44.8954693174539,49.0844789794847,44.895469317453,49.0844789794842,49.0844789794838,44.8954693174531,49.0844789794833,49.084478979483
49.0844789794812,49.0844789794812,49.0844789794812,44.8954693174513,49.0844789794812,49.0844789794812,44.8954693174513,49.0844789794812,44.8954693174513,49.0844789794812,49.0844789794813,44.8954693174513,44.8954693174513,49.0844789794812,49.0844789794812,49.0844789794812,44.8954693174513,0,49.0844789794813,44.8954693174513,49.0844789794812,49.0844789794812,44.8954693174513,49.0844789794812,44.8954693174513,49.0844789794812,49.0844789794812,44.8954693174513,49.0844789794812,49.0844789794812
49.0844789794812,49.0844789794812,49.0844789794812,44.8954693174513,49.0844789794812,49.0844789794812,44.8954693174513,49.0844789794812,44.8954693174513,49.0844789794812,49.0844789794812,44.8954693174513,44.8954693174513,49.0844789794812,49.0844789794812,49.0844789794812,44.8954693174513,0,49.0844789794812,44.8954693174513,49.0844789794812,49.0844789794812,44.8954693174513,49.0844789794812,44.8954693174513,49.0844789794812,49.0844789794812,44.8954693174513,49.0844789794812,49.0844789794812
49.0844789794812,49.0844789794812,49.0844789794812,44.8954693174513,49.0844789794812,49.0844789794812,44.8954693174513,49.0844789794812,44.8954693174513,49.0844789794812,49.0844789794812,44.8954693174513,44.8954693174513,49.0844789794812,49.0844789794812,49.0844789794812,44.8954693174513,0,49.0844789794812,44.8954693174513,49.0844789794812,49.0844789794812,44.8954693174513,49.0844789794812,44.8954693174513,49.0844789794812,49.0844789794812,44.8954693174513,49.0844789794812,49.0844789794812
49.0844789794812,49.0844789794812,49.0844789794812,44.8954693174513,49.0844789794812,49.0844789794812,44.8954693174513,49.0844789794812,44.8954693174513,49.0844789794812,49.0844789794812,44.8954693174513,44.8954693174513,49.0844789794812,49.0844789794812,49.0844789794812,44.8954693174513,0,49.0844789794812,44.8954693174513,49.0844789794812,49.0844789794812,44.8954693174513,49.0844789794812,44.8954693174513,49.0844789794812,49.0844789794812,44.8954693174513,49.0844789794812,49.0844789794812
