1807.31383798117,2466.61642762993,1627.49364067849,992.047381725858,785.108414006643,728.250333546281,1673.13344677498,2585.4367529189,676.929760559079,2044.16049133681,2075.46199943708,884.894943896139,2255.30845108183,817.56004356435,738.688363526661,664.187065423048,2931.40824509572,2277.53927450019,1309.01191180704,1057.31948843619,2014.50178137324,1380.7480322766,3222.89631682531,1805.77880599446,1780.2843513876,1353.49890756375,1155.39873353574,1442.83903049208,1173.5183814586,1222.73079920103
1807.31383798117,1554.13293256956,1319.01024932501,992.047381725858,785.108414006643,728.250333546281,1673.13344677498,791.824064085458,676.929760559079,2044.16049133681,1443.20618690531,679.87635750044,2255.30845108183,817.56004356435,738.688363526661,664.187065423048,2931.40824509572,1592.52012095341,1309.01191180704,1057.31948843619,2014.50178137324,516.852948057233,955.07343838623,1805.77880599446,1780.2843513876,1353.49890756375,814.251087081735,1239.28531114553,743.044019722331,1070.45260080119
628.154134215851,1554.13293256956,1319.01024932501,992.047381725858,481.850020987925,728.250333546281,1673.13344677498,791.824064085458,676.929760559079,2044.16049133681,1443.20618690531,420.490323161608,892.869755113934,817.56004356435,738.688363526661,664.187065423048,2931.40824509572,653.771968516891,696.380636035895,1057.31948843619,2014.50178137324,516.852948057233,955.07343838623,1805.77880599446,1780.2843513876,414.720870810837,341.348208096006,1100.00910634179,743.044019722331,1070.45260080119
363.790808642262,1554.13293256956,1247.92526644922,850.484136260505,481.850020987925,728.250333546281,1314.49715472884,332.771574811413,219.981656613558,1040.50300553787,929.423171626429,420.490323161608,892.869755113934,817.56004356435,737.203401841623,664.187065423048,1041.17066203732,653.771968516891,696.380636035895,1030.30888973974,1280.28445963757,516.852948057233,577.930271565194,1075.70832222673,806.716577296301,414.720870810837,341.348208096006,1100.00910634179,743.044019722331,872.38054400014
363.790808642262,1554.13293256956,704.636044869024,739.908206764919,481.850020987925,675.888484311608,1095.05159673056,114.200226798695,219.981656613558,876.036832578769,825.938367617308,420.490323161608,892.869755113934,72.7983070146511,617.285627030981,363.671216069078,418.113363523731,653.771968516891,696.380636035895,196.484174381086,598.677325503738,516.852948057233,203.832739847214,1059.70621955983,266.59321072575,414.720870810837,322.989026940298,518.710914030771,743.044019722331,761.880682271723
363.210978623917,301.725715718842,655.1184864751,91.0496410523269,481.850020987925,564.845316967244,955.838513913799,114.200226798695,219.981656613558,686.812800641228,486.850642782702,420.490323161608,778.338430344667,72.7983070146511,617.285627030981,363.671216069078,418.113363523731,412.357645518213,427.075213060674,196.484174381086,412.046768650358,396.742490617537,95.176499952654,589.065734681612,266.59321072575,376.647602648593,257.313846672024,517.198623658247,465.490701608774,536.134797678513
210.402827767992,301.725715718842,432.242639901128,91.0496410523269,220.5159837128,126.241212851358,310.219724567537,114.200226798695,208.9443192454,302.734968559867,229.025240176365,143.143026523287,410.4801639684,72.7983070146511,333.561290342031,338.529107400827,195.245736039045,247.659856248786,196.415286327412,196.484174381086,198.144091394765,315.445683395543,95.176499952654,215.664570618109,112.887160709079,102.994334632159,257.313846672024,461.115224006436,465.490701608774,288.321336191037
207.119298840156,114.064270548241,184.092778702081,86.8166561976186,97.1818455579323,126.241212851358,106.570654912619,49.4481851300507,69.6557319179578,302.734968559867,42.7904236756162,63.4916515040327,99.5277235826352,57.034773912183,87.5111941473433,50.9955523169865,47.5540327239923,66.5373078484872,156.353835137809,158.911050608773,61.3361870813778,59.706309920809,47.9444751841033,68.7088960410024,50.7200483142124,102.994334632159,92.559600107707,136.326127637934,183.595652887827,105.573531116035
52.3106056090019,47.8604448692199,44.4761993014408,47.5264467413017,45.5344545607936,44.4827416730745,37.7828163647141,40.698373009539,47.5362809084991,76.351453963015,40.2439420976925,45.5434316858536,49.1409760546435,53.7701872516791,44.2264448040851,42.249981374111,41.0357619539286,45.7203683189446,55.2993295531742,42.2476916092137,49.9066648492012,42.2149035080897,47.9444751841033,50.9379618862235,40.9733491074971,57.6879479575668,52.3534599769278,52.6987140042256,37.8614133255655,48.720531825993
41.9980651511628,37.7241646485536,38.0991036652504,36.34000546073,39.1606890336097,38.3527950318112,37.7828163647141,40.698373009539,34.7535853331783,40.2818322592425,34.9768523502953,40.59579391843,40.7196324021543,36.6603100011421,36.58237334877,42.249981374111,40.863104624209,38.0005896251641,43.7536735260896,42.2476916092137,46.7798429263935,38.7879578854431,34.8915230852717,45.8224587641457,38.2351012944423,39.8383805291874,35.1501693792179,38.5843276776591,37.8614133255655,36.7978130846013
29.3362730063391,35.2910294941653,30.0211782558572,26.4513968678734,38.3955530183844,35.0579354716338,33.0342346762623,36.2997822054658,34.7535853331783,38.3588326854806,25.7341596713263,31.7081139925481,39.5196258191431,36.6603100011421,36.58237334877,35.5404217972664,35.3563254490241,36.8460912815704,29.419059681984,35.7480299741533,39.836781278048,38.204034750785,34.8915230852717,30.8393518931302,33.1160274930439,35.8207086683133,35.1501693792179,31.0374455431884,37.8614133255655,28.2675894203594
27.6960443919702,26.2855632404576,12.2893512673822,26.4513968678734,30.2982335760612,26.2105985082658,13.2708812870801,34.0851061134417,34.7535853331783,27.5035905997502,25.7341596713263,26.5779544320781,35.4711614570242,32.0759294309728,34.4978247829363,26.5964166016302,32.9357473162627,33.7810614654509,26.508170980725,26.6460518345307,35.5694666177947,27.7166596261345,32.4773246884847,26.0072913211711,27.4543388223442,26.7983415833223,28.5548454015707,31.0374455431884,27.6961557041832,27.7185031501072
25.5874298954277,25.2635545874168,7.55427162819888,25.088514675117,30.2982335760612,26.0259091469734,7.65494424712324,29.8713055370181,26.5309619170193,26.6765122940474,25.7341596713263,26.0404843751294,30.8418095223424,30.7824786257311,31.7696432395892,25.7527790983377,30.3038208865187,30.451555922642,25.2317929783771,26.149270817064,34.7442134133253,25.0835917370973,32.4773246884847,26.0072913211711,26.2454725748021,26.7983415833223,26.8800512760681,31.0374455431884,25.2185590241211,26.4306402589245
25.55658900974,25.2635545874168,5.82185473778918,5.49567452870224,28.1397817398361,25.8170684693669,2.23373929003037,29.8713055370181,25.9116052290819,26.5451966529508,25.3290463115954,25.8313828265746,30.8418095223424,30.7824786257311,30.2581442525343,25.7527790983377,30.0955210189841,29.1595547893453,24.8496773445304,25.5856873240728,34.4607731486462,25.0835917370973,26.5509019185183,5.62862318571024,25.4536511446408,25.0423661431669,25.581099474618,31.001925404415,25.2185590241211,26.0654684429019
25.0824122131917,24.2982790467804,3.41100716535811,1.51082734286047,28.1397817398361,24.0271561905238,0.654875420230383,27.9937790845574,25.5243378151208,25.042246406028,24.6823916984322,25.6312257098689,29.9210357868287,28.6915304439112,29.4953883237454,24.6741136170454,26.9516445109348,29.1595547893453,23.4311192860018,25.531911985282,32.4323196421551,23.7278579299427,25.4515336203795,0.637268507256977,25.4536511446408,25.0423661431669,24.4896296287056,24.5980522821201,1.5656781523935,25.3802077129612
20.5757772405027,0.963547439477679,0.783750610544303,1.49137867130912,21.0251074332109,20.4379051847495,0.650879033592901,21.1139949576104,21.0266414131343,20.7706457033005,20.4912777038103,22.588991227582,21.3868335075981,0.721714204755699,20.7912592234193,20.3424738399181,20.7587711837332,20.5088304119922,20.459406684914,20.4456996066297,21.9301816047582,20.8248572059292,21.463778948269,0.637156544365553,20.4821384851593,21.0623660200322,20.7625060351111,19.6234349525753,1.36659073207875,20.4287706206524
