58.8965994321693,48.112753332668,59.2962810183844,71.0064864029073,48.6310458701191,126.241212851358,101.709615070489,49.4481851300507,69.6557319179578,86.9623448558214,42.7904236756162,63.4916515040327,59.8031500193229,57.034773912183,70.7551345115226,50.9955523169865,47.5540327239923,66.5373078484872,102.633462788582,57.6066926381682,61.3361870813778,59.706309920809,47.9444751841033,53.0145986559669,50.7200483142124,64.1666191071513,57.2904570175187,88.3998611203688,149.075348302468,59.9706720578274
44.7279734553804,45.4331494516637,38.0991036652504,46.9107948661403,44.8708172042866,42.3099605913671,37.7828163647141,40.698373009539,38.8733602524821,41.9656715704355,40.2439420976925,40.59579391843,42.7016736032492,44.9868730502558,36.58237334877,42.249981374111,41.0357619539286,38.0005896251641,48.3347439104023,42.2476916092137,49.9066648492012,42.2149035080897,42.0046082967851,49.4997644194009,38.2351012944423,51.8284140014198,42.1944758030663,38.5843276776591,37.8614133255655,36.7978130846013
41.9980651511628,35.2910294941653,38.0991036652504,36.34000546073,39.1606890336097,38.3527950318112,37.7828163647141,40.698373009539,34.7535853331783,38.3588326854806,34.9768523502953,40.59579391843,40.7196324021543,36.6603100011421,36.58237334877,40.4424865017736,40.863104624209,38.0005896251641,38.9576474013361,42.2476916092137,43.1091953313562,38.7879578854431,34.8915230852717,43.8565667585704,38.2351012944423,39.8383805291874,35.1501693792179,38.5843276776591,37.8614133255655,36.7978130846013
29.3362730063391,35.2910294941653,30.0211782558572,26.4513968678734,38.3955530183844,35.0579354716338,33.0342346762623,36.2997822054658,34.7535853331783,38.3588326854806,25.7341596713263,31.7081139925481,39.5196258191431,36.6603100011421,36.58237334877,35.5404217972664,35.3563254490241,36.8460912815704,29.419059681984,35.7480299741533,39.836781278048,38.204034750785,34.8915230852717,30.8393518931302,33.1160274930439,35.8207086683133,35.1501693792179,31.0374455431884,37.8614133255655,28.2675894203594
26.9268983831935,25.2635545874168,12.2893512673822,26.4513968678734,30.2982335760612,26.2105985082658,13.2708812870801,29.8713055370181,34.7535853331783,27.5035905997502,25.7341596713263,26.5779544320781,32.4542904756336,32.0759294309728,32.6158455795808,26.5964166016302,32.9357473162627,33.7810614654509,25.2317929783771,26.6460518345307,35.5694666177947,27.6167651823052,32.4773246884847,26.0072913211711,27.4543388223442,26.7983415833223,28.5548454015707,31.0374455431884,27.3963276686836,27.7185031501072
25.5874298954277,25.2635545874168,6.19822736579908,25.088514675117,30.2982335760612,26.0259091469734,5.40137199534138,29.8713055370181,26.1881799924131,26.6765122940474,25.7341596713263,26.0404843751294,30.8418095223424,30.7824786257311,31.7696432395892,25.7527790983377,30.3038208865187,30.451555922642,25.2317929783771,25.7270326017133,34.7442134133253,25.0835917370973,28.9322723943815,15.4913730427925,26.2454725748021,26.6951947630582,26.8800512760681,31.0374455431884,25.2185590241211,26.1722160762215
25.55658900974,25.2635545874168,5.82185473778918,5.89949203295055,28.1397817398361,25.8170684693669,2.23373929003037,29.8713055370181,25.9116052290819,26.5451966529508,25.3290463115954,25.8313828265746,30.8418095223424,30.7824786257311,30.2581442525343,25.7527790983377,30.0955210189841,29.1595547893453,24.8496773445304,25.5856873240728,34.4607731486462,25.0835917370973,26.5509019185183,5.62862318571024,25.4536511446408,25.0423661431669,25.9288148715268,31.001925404415,25.2185590241211,26.0654684429019
25.55658900974,25.0702094734465,3.41100716535811,1.55858638619975,28.1397817398361,24.0271561905238,0.719470795010693,29.8713055370181,25.5243378151208,25.8120369100361,25.208603400823,25.8313828265746,30.8418095223424,30.7824786257311,30.2581442525343,25.0380934466161,30.0955210189841,29.1595547893453,24.6134949619932,25.5735896791771,33.2597893654938,23.9428255231064,25.8333292815519,0.689648489066713,25.4536511446408,25.0423661431669,24.4896296287056,27.4540556000061,25.2185590241211,25.3802077129612
25.0824122131917,24.2982790467804,3.41100716535811,1.51224260725121,28.1397817398361,24.0271561905238,0.656489833242631,27.9937790845574,25.5243378151208,25.042246406028,24.695848307766,25.6312257098689,29.9210357868287,28.6915304439112,29.4953883237454,24.6741136170454,29.347743496342,29.1595547893453,23.9109121372071,25.531911985282,32.4323196421551,23.9428255231064,25.4515336203795,0.643521632610828,25.4536511446408,25.0423661431669,24.4896296287056,24.5980522821201,3.47125444129642,25.3802077129612
25.0824122131917,24.2982790467804,3.41100716535811,1.51072301695422,28.1397817398361,24.0271561905238,0.651431950702317,27.9937790845574,25.5243378151208,25.042246406028,24.6823916984322,25.6312257098689,29.9210357868287,28.6915304439112,29.4953883237454,24.6741136170454,26.9516445109348,29.1595547893453,23.4311192860018,25.531911985282,32.4323196421551,23.1419238643634,25.3732635143456,0.63716884284031,25.4536511446408,25.0423661431669,24.4896296287056,24.5980522821201,1.50853460110602,25.3802077129612
25.0824122131917,24.2982790467804,3.41100716535811,1.51041944381859,28.1397817398361,24.0271561905238,0.65103678923424,27.9937790845574,25.5243378151208,24.1430615024469,24.3009704688347,25.6312257098689,29.9210357868287,26.7814899498526,29.4953883237454,23.5527395630393,26.9516445109348,29.1595547893453,23.4311192860018,25.264766237402,32.2037924164251,23.1419238643634,25.3732635143456,0.637161307359747,24.360946470139,25.0423661431669,24.4322615609271,24.5980522821201,1.4895164562663,24.7297068942103
25.0824122131917,5.4350320357762,3.41100716535811,1.50997877608961,28.1397817398361,24.0271561905238,0.651007388520611,27.9937790845574,25.5243378151208,24.1430615024469,23.9550021802538,24.5474223069691,29.9210357868287,10.7347320585955,29.4953883237454,22.3402906716692,26.9516445109348,29.1595547893453,23.4311192860018,25.0214743827901,32.1444514752361,23.1419238643634,25.3005349356745,0.637157773307536,24.360946470139,23.8433211584052,24.0004311461862,24.5980522821201,1.3800101781876,24.7297068942103
25.0824122131917,1.10303265254697,0.998116830272011,1.5096346590899,28.1397817398361,24.0271561905238,0.650919587401859,27.9937790845574,25.3023464079292,24.1430615024469,23.9550021802538,24.5474223069691,29.9210357868287,9.68369254384288,29.4953883237454,22.3402906716692,26.9516445109348,29.1595547893453,23.022964120712,25.0214743827901,32.1444514752361,23.1419238643634,25.2855131631422,0.637156898330431,24.360946470139,23.8433211584052,24.0004311461862,24.5980522821201,1.37052882713579,24.3152628721732
20.5757772405027,0.963547439477679,0.783750610544303,1.49137867130912,21.0251074332109,20.4379051847495,0.650879033592901,21.1139949576104,21.0266414131343,20.7706457033005,20.4912777038103,22.588991227582,21.3868335075981,0.721714204755699,20.7912592234193,20.3424738399181,20.7587711837332,20.5088304119922,20.459406684914,20.4456996066297,21.9301816047582,20.8248572059292,21.463778948269,0.637156544365553,20.4821384851593,21.0623660200322,20.7625060351111,19.6234349525753,1.36659073207875,20.4287706206524
