757.327901815162,1095.76830514827,1285.28931092927,1520.44464933406,1040.23645632527,1098.73159237172,1326.84333690057,1403.97859892216,1564.61977181545,1037.13402873152,839.522041201879,744.485679083069,1162.70074431274,1342.81389093016,1893.01349137705,1225.26989225924,1624.06064798998,1182.53069164998,1417.23905285753,2122.65142463681,1137.08195598575,1255.492951263,1149.95064968159,1318.27301282023,1068.87045679217,707.842571112914,1288.91967535432,1084.63277812319,1384.07834084509,989.639243862179
654.297636133565,1095.76830514827,1285.28931092927,1492.30422649368,1040.23645632527,1098.73159237172,957.923690515219,1403.97859892216,1320.28287923156,1037.13402873152,839.522041201879,744.485679083069,1162.70074431274,1342.81389093016,1126.21327060764,1225.26989225924,1624.06064798998,1182.53069164998,1085.14355394795,1090.56136181605,1137.08195598575,1063.28304806348,1149.95064968159,1318.27301282023,1068.87045679217,707.842571112914,1048.23101937357,1084.63277812319,1109.87156812614,827.861654205162
654.297636133565,1095.76830514827,1285.28931092927,1344.5861259044,1040.23645632527,1098.73159237172,733.062461340288,1286.26243826219,1320.28287923156,1037.13402873152,839.522041201879,744.485679083069,1162.70074431274,1342.81389093016,1126.21327060764,1225.26989225924,1337.81059382262,1182.53069164998,1085.14355394795,849.281164143554,1137.08195598575,1051.26125426121,981.734675418695,1044.46679929098,1068.87045679217,707.842571112914,1015.6346716454,1084.1884224207,1086.19388880238,554.741728625298
654.297636133565,1095.76830514827,1285.28931092927,1086.13325557992,757.919574746773,1098.73159237172,733.062461340288,732.053544326451,790.643254059484,1037.13402873152,839.522041201879,744.485679083069,908.394497469303,549.373164275492,758.963515502023,846.029943857023,858.941121267973,1182.53069164998,812.672809032228,849.281164143554,1137.08195598575,836.986925330408,512.144922300402,738.69631184544,1068.87045679217,707.842571112914,784.599673029922,1084.1884224207,1086.19388880238,554.741728625298
567.261786512082,842.516928344723,954.786132247919,976.853998882272,757.919574746773,1024.96670739004,733.062461340288,604.573025794517,790.643254059484,948.391157609599,839.522041201879,731.032095615598,908.394497469303,547.768307527562,722.275162883135,668.507621845471,858.941121267973,1021.2436238303,812.672809032228,776.235553457311,955.61519582997,836.986925330408,512.144922300402,534.10289449184,850.486605939798,707.842571112914,612.744789013538,931.887204704929,827.780282151246,554.741728625298
509.724029067504,773.2229638483,505.830553791036,655.376689323278,475.699591184255,558.173889504843,619.191823267046,566.112603588226,542.423903453203,466.170682335836,607.212861159842,544.746754293863,485.805773571296,547.768307527562,592.120321803888,635.382363983634,625.144610286728,526.56530240342,738.245143490077,513.530015426441,833.349082849315,539.549616637359,506.786639611324,506.895476377763,490.807688964036,564.279059576806,418.035073523924,599.805019113503,551.355253438681,509.156021189769
292.034966111992,268.944274825754,291.771312925687,444.25405862814,373.78583633719,316.828380695139,428.032637726402,306.198377028414,307.526515593381,269.010338627264,287.684716935895,304.359600687939,303.570681628036,343.127229682573,336.609978419065,324.275575295494,368.26656959754,306.764522146549,295.163121505392,379.88034323799,478.838810213379,333.123250034362,318.638088072808,403.849264656447,337.26320806988,357.900850418487,304.85707375939,355.002422920687,301.894595990126,375.829250225492
193.242324255481,198.804400544368,200.592656690004,224.101994921675,202.811228523159,212.879643210435,239.718784226662,199.568029299668,199.293171597262,200.158982467163,199.976525957508,205.698937484392,202.926616687085,204.068374030446,204.319413596531,201.477657003165,209.570778393179,194.982555468818,198.477104292303,228.926773865516,197.898459612624,195.608109119673,197.993026249593,215.783360204463,221.706620529583,201.472841374171,199.879612450489,215.073190527854,215.590632016997,219.432701900379
182.348111626121,182.793023563719,182.324880565337,182.839117122826,183.197903528944,182.689787309781,183.496350033424,182.965346335197,182.347833210074,181.957551871964,182.223846493698,182.162463292572,182.439767790623,182.563748400086,182.734916628438,183.082032303121,182.456447158305,182.072478726403,182.068707776758,183.617069058927,182.748048834196,182.393242163572,182.539775864313,183.318046949575,182.594174913472,182.571130700338,182.02959763388,183.129219548545,182.492121062135,183.010410834876
180.950361591568,180.940104402887,181.01053343044,181.141022986995,181.040907203811,181.128266832911,181.012580012163,181.002747634937,180.959641720944,180.936820259538,180.944104438204,180.951427656878,181.119435141664,180.948553696218,180.951236288215,180.980228171612,180.989677429529,180.913553294398,180.943242283769,181.10461601631,180.929243111909,180.987465560766,180.959347072318,180.951017677779,180.981141989693,181.025142772586,180.963334829311,180.95589642178,180.966346386299,181.018028379997
180.784899921631,180.785788492537,180.786014419101,180.78723139938,180.787503648784,180.789334402102,180.78722689596,180.785773387152,180.785816911139,180.786078832492,180.784678914637,180.785756001857,180.786471974283,180.78527075969,180.785153459529,180.785595772383,180.786429487579,180.784379891517,180.785381680871,180.7875394243,180.784705112997,180.787419014518,180.785534686855,180.785633868426,180.784496266175,180.789146316135,180.785326958558,180.784528604033,180.784975035057,180.787613984346
180.781274588771,180.781274436256,180.781275649631,180.781274047686,180.781274578132,180.781275480293,180.781273422218,180.78127500622,180.781273282562,180.78127503553,180.781273302335,180.781273888138,180.781275674661,180.781275341483,180.781274126276,180.781273507701,180.781275506739,180.78127258109,180.781272872775,180.781275211823,180.781273135816,180.781274473277,180.781272945379,180.781273597298,180.781273377145,180.78127470061,180.781273455711,180.781274136821,180.781272977554,180.781275635255
180.781271677747,180.781271677747,180.781271677747,180.781271677747,180.781271677747,180.781271677747,180.781271677747,180.781271677747,180.781271677747,180.781271677747,180.781271677747,180.781271677747,180.781271677747,180.781271677747,180.781271677747,180.781271677747,180.781271677747,180.781271677747,180.781271677747,180.781271677747,180.781271677747,180.781271677747,180.781271677747,180.781271677747,180.781271677747,180.781271677747,180.781271677747,180.781271677747,180.781271677747,180.781271677747
180.781271677747,180.781271677747,180.781271677747,180.781271677747,180.781271677747,180.781271677747,180.781271677747,180.781271677747,180.781271677747,180.781271677747,180.781271677747,180.781271677747,180.781271677747,180.781271677747,180.781271677747,180.781271677747,180.781271677747,180.781271677747,180.781271677747,180.781271677747,180.781271677747,180.781271677747,180.781271677747,180.781271677747,180.781271677747,180.781271677747,180.781271677747,180.781271677747,180.781271677747,180.781271677747
180.781271677747,180.781271677747,180.781271677747,180.781271677747,180.781271677747,180.781271677747,180.781271677747,180.781271677747,180.781271677747,180.781271677747,180.781271677747,180.781271677747,180.781271677747,180.781271677747,180.781271677747,180.781271677747,180.781271677747,180.781271677747,180.781271677747,180.781271677747,180.781271677747,180.781271677747,180.781271677747,180.781271677747,180.781271677747,180.781271677747,180.781271677747,180.781271677747,180.781271677747,180.781271677747
180.781271677747,180.781271677747,180.781271677747,180.781271677747,180.781271677747,180.781271677747,180.781271677747,180.781271677747,180.781271677747,180.781271677747,180.781271677747,180.781271677747,180.781271677747,180.781271677747,180.781271677747,180.781271677747,180.781271677747,180.781271677747,180.781271677747,180.781271677747,180.781271677747,180.781271677747,180.781271677747,180.781271677747,180.781271677747,180.781271677747,180.781271677747,180.781271677747,180.781271677747,180.781271677747
