100.681316322595
100.19758926324
100.725799062618
100.701824639031
100.833121597649
120.694022783608
203.68406497516
205.221535843246
100.517165411876
100.935367385458
100.826199882756
100.831935927236
100.676960444985
100.229683372341
100.913924022367
205.121736874563
109.295722621813
100.295027266839
110.398486382386
100.164699727894
100.854329400866
142.984966657513
100.703784757204
100.696801818765
112.026932506689
100.33565390897
170.763907278676
100.667328101083
100.32763991985
100.299832153875
