9.06074277605421
10.0197299141805
2.0005293797326
1.45804114971475
10.0315084723957
8.95906534794699
4.21061254719302
19.9885614180803
5.11275967057577
17.0343284278633
4.98918606136067
2.11125785758918
5.06755095359517
22.1109371443533
1.07640497824605
1.0874177848832
31.5359229959022
2.27758311239268
0.193163555377396
20.3105271459742
5.01535522358563
1.99483958128803
5.28526077194397
1.05840499944065
4.26750006757038
5.08882472773894
9.95671990866731
10.0094403701255
5.11609660387649
4.47983119055402
