0.134499776036137
24.1283064060817
3.89606566430302
23.3126593202878
23.7788121493936
4.15587495815635
4.21309471378845
0.976113150257333
24.7657846981997
4.00568837326682
0.40429874163965
6.2330312905342
3.70153258906021
4.03689454598316
3.19011022623863
2.4787199618354
4.80759533531682
0.83274030010989
3.8309747913695
20.724929360746
22.9842430637536
22.6933535689955
4.40029701421827
9.46317958648388
4.90457932864683
0.217529329097943
1.5464444078325
0.00276553335652352
22.4490074825617
23.6374436322885
