2.20270649193867
8.11066443278355
2.2077924345665
10.2364035052699
2.07765454734135
8.11694283491465
8.12175488193043
0.1958269158863
2.48927644868286
2.02000522708499
1.25323427871376
1.52514651429624
0.183394559774797
5.33650792411072
5.22887863813526
4.45343941711735
2.03862683397574
2.3572142510377
10.0512755193865
1.14350102159756
2.0142103555238
9.99002130049075
43.9671743098547
13.0838707260646
1.38950792156015
10.1786608399775
13.0518828016454
9.9967548588711
9.02966494588759
4.98772126991844
