22.8150440971572
23.7271001958488
3.39909687822501
20.4909074466245
4.11718988235089
0.0164821929929531
2.26713058449286
23.8456862241105
23.3054954570875
3.67161042200405
1.37004434066921
4.70044651644821
23.4572522331409
0.75303056046414
23.2014430128402
5.75874324132064
4.18745448558593
23.4863302594626
3.22725950375843
2.3277600471979
24.2499657012213
21.9309377575119
3.66166625326105
24.2050053285761
1.65578703731808
2.76485435682253
4.34588222086086
24.4227365500892
3.66346590912326
23.0863598395545
