2.13065436509919
1.18823056541464
1.10373684977162
5.0248201011068
0.044974104658877
2.08217055116347
4.18363325006044
7.98392534255436
5.06669524286872
2.14891018073126
5.1284119345155
4.03686031375332
1.14307189057058
2.15139725724794
2.09860244082643
2.29497440371574
1.243383739107
4.00582679164154
8.08072790083565
9.16468110354549
4.15370444296514
25.9267076956951
1.07302505856978
0.333293528234663
1.3011180350195
10.1006794196753
2.1886986352788
9.01848973967913
5.15311512968083
1.1478148926667
