2.38833625085954
2.91095995453907
3.20676824650127
23.4463256359822
3.15839171592461
3.95838014064066
5.17223729727584
24.0094180770488
4.62574395721913
19.69890135079
24.1335472417436
4.73611205153065
24.7040340561121
17.957035992099
4.85052245174302
0.1242065967499
3.91838766353885
22.8575450746739
1.7862804288693
4.19343333265033
3.70793584956937
2.42194962234362
3.73318312075526
4.52207653699088
0.826405977169543
2.72094908447434
24.058915036122
4.13353128345898
4.1629748211526
1.08834692213986
