419.90509829533,329.217892254552,354.919608059173,608.422608194993,272.244338821704,401.965455325791,312.770584217815,236.182099532642,308.047255985255,343.112309568513,330.277334940025,345.499009088569,392.331214962191,325.242806089966,401.436741921831,463.14252388846,468.779693260557,350.95705039048,454.574944044405,351.591023210064,545.855515100123,436.180579277673,415.351369568494,456.237494498248,447.746756606545,298.474839058515,419.453262367887,389.756334252622,565.546375158902,590.031639581564
419.90509829533,322.302342211774,325.627666980991,468.727847521327,267.697778330454,401.965455325791,312.770584217815,236.182099532642,308.047255985255,343.112309568513,330.277334940025,312.358686679176,392.331214962191,325.242806089966,281.418735050941,463.14252388846,468.779693260557,320.073172826447,454.574944044405,278.163031931369,487.122056852584,436.180579277673,415.351369568494,382.01820512317,445.242521449166,298.474839058515,401.144134838634,388.96279632954,565.546375158902,437.598289713895
268.462878460032,258.525156812212,317.556995499433,372.218597849273,263.613941876395,401.965455325791,312.770584217815,236.182099532642,287.821095381067,343.112309568513,317.644678650759,312.358686679176,392.331214962191,325.242806089966,281.418735050941,409.303948573717,334.116520220533,316.573333596825,383.445954408247,278.163031931369,487.122056852584,316.689319907503,312.665200695809,352.175728927639,364.738108711945,226.586818330792,382.424864158716,344.329417837832,472.779990924334,437.598289713895
253.37221907848,258.525156812212,268.346599855909,298.045760128287,263.613941876395,362.844620186601,208.025266326199,225.60225788251,233.081772520261,336.984639721779,273.273792405407,297.321539910833,388.138608430238,259.989632185578,281.418735050941,334.608648318464,228.874098342586,221.532560920352,285.326954695644,254.691776987297,356.245445749911,261.067493931456,276.912549437493,293.796370995637,355.347132506624,226.586818330792,270.830651939373,290.99741955031,316.223902679876,268.134006320745
203.024840540837,242.525053994287,222.629673735193,261.42384300793,245.090157269374,224.576599505369,205.082815335417,203.748148070923,201.925479066393,273.498297161023,243.187251355456,238.386013243066,270.072220309909,217.974882090787,224.79103652302,248.567836217225,228.874098342586,190.515444857736,200.863387425928,227.800404215922,281.953956783242,251.610101004918,264.465221134143,230.016745574128,241.443902288488,226.586818330792,230.839003508117,269.963919976453,254.6044492617,261.262623930195
200.87146406056,205.384322073478,184.411941565032,210.184039213186,201.559532557566,188.14395807752,177.857521629433,196.909066038005,183.166935567584,192.713307994087,183.083694877406,234.619376441266,226.009097090838,183.791956871302,193.43154167231,201.46614683252,211.968073879007,178.671012737906,184.021236604272,195.34252051255,210.491133846655,218.888122599496,200.749518204298,198.380421793998,183.206823294256,185.363871087787,177.933888297463,198.18865929634,227.695874891579,222.904617737663
174.965853570965,174.418859788068,173.449897999017,172.611482854049,174.557466427167,174.130173233991,171.206882345623,174.93883522644,172.234843429434,174.461165280288,173.658153870346,199.43601746231,214.093226869727,172.122955926726,178.943736611873,176.829432721661,173.990135490728,172.139740587156,173.26016095258,171.102489893554,179.953341499438,171.755790352693,175.921968861825,174.366325063405,175.481610807853,173.286568394575,174.04518530488,174.073453815001,176.797046538769,180.751342439728
166.215846273446,166.609835550941,165.511060951028,165.894969277868,166.400815888938,165.683577342414,165.692495811967,165.829711332201,165.926792325868,168.694631575441,169.246696244384,170.302468180012,176.371954869542,165.597461983806,170.117078017118,166.888878180166,166.013250369987,165.635178406564,166.947590907699,166.158740517794,166.939496669234,166.714739965262,167.014852220091,166.411847834128,167.52783004159,166.788220505554,166.916977379294,168.545266379104,166.980047402874,169.852487831678
164.946965053997,165.294552744103,164.94507057378,164.985993045163,165.307264703511,164.984925642269,164.944003018894,164.953784577974,164.956636844034,166.112124523504,167.316453788067,165.355717781957,170.671565036147,164.951683762724,164.976182130285,164.951928545053,164.968095266643,164.942129347409,165.292686362173,164.950536053607,165.016116768473,165.283060960657,164.975297423007,164.964355602802,164.961636816779,164.948076887849,164.94493331888,165.012402537101,164.909617223821,164.986424749672
164.922126943324,165.216469747359,164.922211136295,164.93159247248,165.215961659278,164.931364222126,164.922192375991,164.931270331668,164.931259769002,165.218130328512,167.243121256241,165.217664073862,164.661900573085,164.931179051033,164.922280985404,164.922157085256,164.931131187311,164.922171632446,165.215092511396,164.931239023145,164.931939467516,165.215368066156,164.922513644482,164.931238272552,164.922254049858,164.922222993012,164.922130830394,164.931443107214,164.850088293606,164.931406540856
164.921941969962,165.212630075026,164.921941980932,164.931008558748,165.212640309123,164.931008191956,164.921941863698,164.931008292976,164.931008345607,165.212651984822,167.241305157786,165.212685219004,164.544651922842,164.93100835062,164.921942103483,164.921942295923,164.93100805591,164.921941875523,165.212641362508,164.93100824625,164.931008554749,165.212637979333,164.921942197972,164.931008110032,164.921941874617,164.921942030345,164.921941967606,164.931008657778,164.849258960392,164.931008491853
164.921941568003,165.212605603529,164.921941568004,164.931007902911,165.212605605874,164.931007902911,164.921941568002,164.931007902909,164.93100790291,165.212605607108,167.241298577819,165.21260561282,164.542485827077,164.931007902909,164.921941568007,164.921941568006,164.93100790291,164.921941568005,165.212605609702,164.931007902909,164.931007902911,165.212605613788,164.921941568004,164.931007902909,164.921941568004,164.921941568003,164.921941568006,164.931007902915,164.849257520143,164.931007902913
164.921941568,165.212605597661,164.921941568,164.931007902907,165.212605597661,164.931007902907,164.921941568,164.931007902907,164.931007902907,165.212605597661,167.241298577564,165.212605597661,164.542482473412,164.931007902907,164.921941568,164.921941568,164.931007902907,164.921941568,165.212605597661,164.931007902907,164.931007902907,165.212605597661,164.921941568,164.931007902907,164.921941568,164.921941568,164.921941568,164.931007902907,164.849257520134,164.931007902907
164.921941568,165.212605597661,164.921941568,164.931007902907,165.212605597661,164.931007902907,164.921941568,164.931007902907,164.931007902907,165.212605597661,167.241298577564,165.212605597661,164.542482472772,164.931007902907,164.921941568,164.921941568,164.931007902907,164.921941568,165.212605597661,164.931007902907,164.931007902907,165.212605597661,164.921941568,164.931007902907,164.921941568,164.921941568,164.921941568,164.931007902907,164.849257520134,164.931007902907
164.921941568,165.212605597661,164.921941568,164.931007902907,165.212605597661,164.931007902907,164.921941568,164.931007902907,164.931007902907,165.212605597661,167.241298577564,165.212605597661,164.542482472772,164.931007902907,164.921941568,164.921941568,164.931007902907,164.921941568,165.212605597661,164.931007902907,164.931007902907,165.212605597661,164.921941568,164.931007902907,164.921941568,164.921941568,164.921941568,164.931007902907,164.849257520134,164.931007902907
164.921941568,165.212605597661,164.921941568,164.931007902907,165.212605597661,164.931007902907,164.921941568,164.931007902907,164.931007902907,165.212605597661,167.241298577564,165.212605597661,164.542482472772,164.931007902907,164.921941568,164.921941568,164.931007902907,164.921941568,165.212605597661,164.931007902907,164.931007902907,165.212605597661,164.921941568,164.931007902907,164.921941568,164.921941568,164.921941568,164.931007902907,164.849257520134,164.931007902907
