2154.16157970067,406.876692974152,1982.28675747682,2054.9625651602,4491.37470911655,574.135506460292,1119.2233527982,1029.71158901993,1756.22796805601,486.474950091629,627.495195625558,658.441613616663,1048.81451148158,949.123048232222,306.277493911188,904.177593074365,983.568553978473,1069.4704480602,763.502082042253,514.878262679668,519.178476675708,2268.1894863473,1190.7784526419,1165.37382755552,2498.26549088354,1732.44322169022,1162.11951141995,649.507203752758,935.448256151912,859.137817294355
1198.67680830136,185.534455596889,995.800304641182,792.690209789543,3600.993690379,574.135506460292,395.685849678794,359.843329123667,962.831662550588,417.232750802488,356.504478404694,658.441613616663,660.010044531579,285.194610908001,306.277493911188,904.177593074365,491.20659330631,1069.4704480602,628.007307124223,514.878262679668,519.178476675708,1325.71279529587,1190.7784526419,515.877324900206,1351.21396725399,977.700240921682,670.463959877975,649.507203752758,672.651174655161,859.137817294355
242.062481327342,185.534455596889,598.44152430552,526.78246832993,2533.28474442355,574.135506460292,307.694835700924,304.030049127494,313.010362193935,308.722598189482,217.544077837848,570.776146501574,439.148372756201,284.427741193223,149.462694713162,571.878542982022,420.404516570698,420.288647912825,505.690124406558,514.878262679668,377.45877297619,706.829311494754,1190.7784526419,339.562065782426,501.650829247121,386.540599619137,426.742436546533,319.558379213055,272.96419035257,253.469905671127
214.479891587925,184.224220909772,440.427871845228,509.558787076709,262.096856612688,154.429017535777,198.693008339923,141.377857257343,313.010362193935,123.400891580953,217.544077837848,326.371462214877,99.1014028993292,284.427741193223,149.462694713162,301.972021891371,117.774332173907,116.497859514526,314.819577413109,62.7666190948636,377.45877297619,335.090770453556,810.90335568848,226.071137095732,471.348778545008,251.271131870355,153.958029425173,319.558379213055,215.268217604808,253.469905671127
146.709827698886,122.442084986316,237.06559832899,123.847060311484,153.906499475201,104.450736531953,136.055559639965,99.824963634919,117.766881251141,88.7986795645982,217.544077837848,122.551205775968,65.6929881450185,127.654897923008,99.8209523260897,150.380985930495,117.774332173907,116.497859514526,185.185602949229,62.7666190948636,367.323532835289,254.191920664391,181.202121342815,118.940666266615,93.8487305991355,88.3694264746396,86.3223156283328,266.221152304365,91.5277166126398,88.4976522295086
79.9984446305616,85.1029713896233,79.9256044103838,90.503211966289,97.3020181250663,63.7382669337953,71.7824365692485,61.0417069363749,74.6560735662275,67.1156052760148,70.939828348608,83.653632568426,65.6929881450185,78.1348803815795,89.7110900923925,55.3641643465284,70.3368508389102,93.8575948921638,78.1562460441443,59.4197427907316,120.600767436469,100.095544069697,61.0857599011701,90.6025335182914,90.4919735725062,79.2439264138088,54.2655314689094,124.921419588332,54.4751496539367,71.2923751008485
64.9505278419562,31.0578265180902,14.2990491061344,18.7318121169096,15.2011343781101,13.1013702077371,16.8805928097677,32.2563853489257,67.0822049900322,6.31841868926676,19.0019493156972,14.1862350388166,19.8547551700582,16.5503879866376,26.7843033667972,17.0340975615362,27.2186894416153,36.3009158652663,12.8096310746976,12.8339145210467,18.1170645977444,54.4119385754067,24.622936247972,61.0968214029946,6.0814006184541,61.8453015228673,7.21733343822501,38.6518340781746,16.4238089675847,18.8876135670236
0.948030960884523,9.70113922576314,4.52676940736541,4.38863444391177,0.568334256380751,9.87869051296809,4.19666042755313,0.632915788847868,4.65042573530911,4.26994142284025,0.399572442561464,4.73368346464855,9.91419105501734,0.469400283661003,4.16854547036252,0.151208404664715,0.481741803978878,0.767774852370565,9.51822131970772,6.07485060439825,9.18781255146467,0.194196433367836,1.18866311866373,4.83496568211802,0.412597917439143,4.28359850988949,0.223369627675424,0.579423545803422,9.49176781454202,9.84181555108722
0.223895847063034,8.96060101596441,4.07456295387141,4.00170404113516,0.121215193639898,8.95936698628776,3.99287795174547,0.0421824656383478,4.06824944619427,3.99864954488356,0.059391344922858,4.03537797997006,8.97750197477228,0.00786219128934817,4.01243962906182,0.00289861567847538,0.122426674363112,0.087357706703699,8.94412922377785,4.21333373798382,8.95056798088183,0.0039371686638674,0.222401303983304,4.0307990993615,0.0353286589729578,4.01914366520003,0.00797021301406176,0.0223630699925366,8.96615771154916,9.02514909809395
0.000223875428503106,8.91708554454772,3.98660712361209,3.98661035390342,3.54679362430943e-05,8.91724252681774,3.98662700772212,1.25044355172577e-05,3.98662148371875,3.98663996625294,3.34757704649746e-05,3.98662362383476,8.91729347087403,1.66261344816121e-05,3.98661970965276,6.8116806346552e-06,3.82991046308234e-05,7.03716020211687e-05,8.91674974755006,3.98675082899166,8.91658828000345,1.76373878275626e-05,8.89133551709165e-05,3.98670002014148,3.94962311247582e-05,3.98659187991871,3.73937623407983e-05,2.90750248836957e-05,8.91702339964473,8.91846211079348
4.32322053711687e-08,8.91610458974276,3.98657912337359,3.98657911733966,1.25430688058259e-08,8.91610293969649,3.9865791156513,5.74704017708427e-09,3.9865791238945,3.98657911789547,6.86293333274079e-09,3.98657912660184,8.91610315915796,5.65580648981268e-09,3.98657911649082,1.8955006453325e-09,2.81588654615916e-08,9.11978759177146e-09,8.91610291885644,3.98657917686421,8.91610236807736,1.3463932191371e-09,1.11766098598309e-08,3.98657912077886,5.37357891516876e-09,3.98657911780344,1.01595674095734e-08,5.27739985045628e-09,8.91610255707207,8.91610375488057
0,8.91610192780911,3.98657911234716,3.98657911234716,0,8.9161019277866,3.98657911234716,0,3.98657911234716,3.98657911234716,0,3.98657911234716,8.91610192779689,0,3.98657911234716,0,0,0,8.91610192778978,3.98657911234716,8.91610192778472,0,0,3.98657911234716,0,3.98657911234716,0,0,8.91610192778933,8.91610192779132
0,8.91610192778131,3.98657911234716,3.98657911234716,0,8.91610192778131,3.98657911234716,0,3.98657911234716,3.98657911234716,0,3.98657911234716,8.91610192778131,0,3.98657911234716,0,0,0,8.91610192778131,3.98657911234716,8.91610192778131,0,0,3.98657911234716,0,3.98657911234716,0,0,8.91610192778131,8.91610192778131
0,8.91610192778131,3.98657911234716,3.98657911234716,0,8.91610192778131,3.98657911234716,0,3.98657911234716,3.98657911234716,0,3.98657911234716,8.91610192778131,0,3.98657911234716,0,0,0,8.91610192778131,3.98657911234716,8.91610192778131,0,0,3.98657911234716,0,3.98657911234716,0,0,8.91610192778131,8.91610192778131
0,8.91610192778131,3.98657911234716,3.98657911234716,0,8.91610192778131,3.98657911234716,0,3.98657911234716,3.98657911234716,0,3.98657911234716,8.91610192778131,0,3.98657911234716,0,0,0,8.91610192778131,3.98657911234716,8.91610192778131,0,0,3.98657911234716,0,3.98657911234716,0,0,8.91610192778131,8.91610192778131
0,8.91610192778131,3.98657911234716,3.98657911234716,0,8.91610192778131,3.98657911234716,0,3.98657911234716,3.98657911234716,0,3.98657911234716,8.91610192778131,0,3.98657911234716,0,0,0,8.91610192778131,3.98657911234716,8.91610192778131,0,0,3.98657911234716,0,3.98657911234716,0,0,8.91610192778131,8.91610192778131
