7897967.96083238,19049662.474931,21992294.1798107,20504696.2969084,9325846.19482346,38245028.7764977,29172423.7352254,3010014.95838089,4362047.37885755,8946074.60900497,12307903.1315257,35800724.3962762,3759094.98063885,1395529.90496848,3188035.73579077,17183776.7707671,19340877.4313356,13528051.4853364,5211811.64215217,11361455.4233478,2367641.30299885,15859156.5050018,10655251.0835176,11641407.6670587,31409951.6018752,10778674.1607477,3757536.84691424,22041757.272486,12081799.7500762,11089076.41426
648810.061603728,109361.988224871,295312.895073158,916353.696372855,250098.407655156,102268.751789855,452495.391632259,126487.48291437,556363.513788633,348123.231151089,163381.412325392,405102.664524137,311271.763455119,104009.863269823,527454.210293006,1200213.79428731,2712226.36960694,154698.242741548,573890.693458244,97443.5706280811,896960.498432106,453045.349307649,1320545.07421783,1265638.75040039,393186.638652165,1405646.0870742,283374.597453581,47398.415656858,336417.105461985,37865.836372861
13284.2886007636,71481.8986129676,47041.4884172131,11890.9585800271,59841.6560133457,52306.2222383023,34581.6212729434,7520.94201504402,46480.0573822243,20396.238813917,25912.8471817203,63637.4472055654,12112.185982171,68035.8150399306,44535.5301404034,35843.0137428009,83704.9684031295,14367.488372148,14566.6692989593,49006.3415751009,22504.1070506056,56020.6286902348,16666.415755249,117260.716559286,25571.1848262116,104447.885048848,47595.3315718167,47398.415656858,43248.4550762401,23142.9290544998
2150.56797980062,1294.46833351296,956.959206610609,272.580815775806,527.182914570148,1189.59252010258,2363.22866066599,1275.0134250635,2983.97797123902,874.292893291793,1182.7875032952,1595.88998014075,968.023161917734,1247.46243859817,1298.60428649268,827.238415163562,1531.05948711673,876.852874205071,446.539506398859,535.137818816037,1920.44623197543,1893.25566588467,2139.99429128498,2139.71193455916,325.122480191204,5401.10765362832,1138.18171584533,2209.46160839224,550.609710593023,704.414558612222
40.8788243889499,8.17812154762623,16.9589205224024,46.85666466475,24.7083182626286,13.221392154883,47.1309407494657,11.6504658300171,29.5454815726489,9.27890232205232,16.250071224282,17.0837432102603,7.59865881533665,24.2168047112557,30.712736520426,21.3032123657365,40.4859096366631,11.2861806802309,19.1592784495247,11.6590658501955,32.282270839198,78.2270487359463,25.7480302419085,76.7816405158724,4.29222119370706,23.4419320743725,30.3120561170554,5.44805713530081,26.5227605855714,16.6635374411521
16.1267411119391,0.0647772936301863,2.10913825910325,0.182258176722826,6.0981846257921,0.50031951541996,0.269377595876676,4.0722588433141,1.16547925774876,0.493605508427436,2.31557622627679,9.99536087306001,2.26552086222705,16.062500208061,1.17974109814691,2.11220599882404,13.0203174023848,1.4960245025336,4.29410430953976,0.174943912791605,10.0006849107381,29.7183040554148,4.43458148055879,10.1359823328687,0.548105728639712,5.1831807965134,9.1143015332284,2.18061677418768,10.0509515282572,4.18901578434929
16.1001374750144,0.0406989563928164,2.08899900584561,0.145641645238811,5.13374522011782,0.50000000041473,0.247093942408583,4.05165523431288,1.1212727207087,0.486675338952409,2.2928007351743,9.98304558977907,2.25183068470551,16.0470716917575,1.13882060480069,2.06178094350912,12.9881103301618,1.49495905742833,4.26613927578956,0.145537979551591,9.98598877551672,29.7082804830768,4.21522570504339,9.99711815058572,0.511450506250412,5.1529651377632,9.08590530571018,2.15605342123013,10.0225715516322,4.179660119549
16.0998092141979,0.0402230453385073,2.08874071850664,0.141853508725717,5.11672125541804,0.5,0.245361311901888,4.04967861780733,1.12080490847006,0.486230712767565,2.29055153978425,9.98283294149542,2.25163160754755,16.0468361271819,1.13845846293793,2.06131544582945,12.987903254869,1.49495905709341,4.26424832594489,0.145377547495855,9.98548719985047,29.7082804555689,4.20388904550759,9.99556294818808,0.51131365138508,5.15194589009775,9.08339363068762,2.15584100600813,10.0213566359989,4.17951289870985
16.0998052335303,0.040218761936103,2.08873671993911,0.141828674609542,5.11605266020865,0.5,0.245353804929664,4.04965534568873,1.12080111264981,0.486225497096939,2.29053832470572,9.98283214783783,2.25162992161677,16.0468336435954,1.13844132193094,2.06131179155136,12.9879010062893,1.49495905709341,4.26423631744137,0.145375957248007,9.98548537954548,29.7082804555689,4.20370229902846,9.99555151481104,0.511312443041561,5.15188687349314,9.08338627942931,2.15583988724984,10.021320214961,4.17951223326645
16.099805213737,0.0402187555973796,2.08873669410968,0.141828278912044,5.11604622526283,0.5,0.245353587534282,4.04965524497811,1.12080106554185,0.48622541679606,2.29053827816233,9.98283213414584,2.25162978395338,16.0468336100905,1.13844119674241,2.06131173268,12.987900988436,1.49495905709318,4.26423612155691,0.145375829291652,9.98548535911141,29.7082804555689,4.20370167110968,9.9955514238145,0.511312397459506,5.15188550643984,9.08338607981045,2.15583987225045,10.0213199151131,4.17951219264296
16.0998052033458,0.0402187525655791,2.08873668943056,0.14182826412457,5.11604614233192,0.5,0.245353483491726,4.04965522238149,1.1208010212863,0.486225359366927,2.29053827071812,9.98283212820979,2.25162965039681,16.0468335737794,1.13844117043823,2.06131172359142,12.9879009779811,1.49495905709318,4.26423600576777,0.145375701964213,9.98548535599662,29.7082804555689,4.20370165578356,9.99555141699307,0.51131233842716,5.1518854429944,9.08338597554985,2.15583984807131,10.021319903992,4.1795121574371
16.0998051983372,0.0402187452973521,2.08873668611432,0.141828236449555,5.11604613236909,0.5,0.245353383050315,4.04965520216115,1.12080098144543,0.486225325217674,2.29053826485779,9.98283212406977,2.25162952494907,16.0468335377682,1.13844111201524,2.06131172033065,12.9879009670303,1.49495905709318,4.2642358791918,0.145375566932444,9.98548535437294,29.7082804555689,4.20370163328153,9.9955514130063,0.511312303925251,5.15188536257165,9.08338583209184,2.15583981348527,10.0213198882068,4.17951211825039
16.0998051783158,0.0402187284012143,2.08873667614193,0.141828210514404,5.11604613000009,0.5,0.245353342241742,4.0496551823851,1.12080093740065,0.486225294154792,2.2905382584604,9.98283212163369,2.25162945089846,16.0468334986672,1.13844105932844,2.061311718262,12.987900958675,1.49495905709318,4.26423581902145,0.14537554069193,9.98548535224609,29.7082804555689,4.20370161146275,9.99555140329971,0.511312260713339,5.15188529037641,9.08338569670354,2.15583979334633,10.0213198661932,4.17951207174292
16.0921818885181,0.0339456826700371,2.08699732090395,0.141828180584525,5.11604611934558,0.499272897344554,0.245353308630001,4.04965516289758,1.10449024638638,0.486225208092264,2.29053824641073,9.98066605724625,2.23874933211027,16.0388821672293,1.13763312732044,2.0523102718048,12.9837238093253,1.48951911485256,4.26423573594298,0.136794743898463,9.98277099086044,29.7082804555689,4.20370159877439,9.98592443083021,0.495295898749418,5.15188520754691,9.08338556341982,2.15063846364251,10.021319841675,4.15806359940302
