42914.6258576209,39709.3425949551,30761.1305195418,23290.8614773292,29535.426508552,45344.1516770031,38147.3065769431,42817.5158475998,37878.2164696564,37426.0375400286,56975.639392274,78579.3914794257,100921.282641769,52669.6042979866,52851.6795975692,36303.232621246,34720.1325473949,48672.0600489724,53555.0782254367,39190.2295608225,64089.8811901044,52896.2689040539,47411.7501514607,38054.8432326558,81710.6500226486,32297.9191279447,39037.1978985994,30732.8797233477,67264.225793672,45090.0874544311
40448.8704195401,32379.0814753477,30246.7149383272,23290.8614773292,23815.4940207854,36077.4737897359,30737.8918949796,31306.5768432226,32933.254553101,32447.557948207,44662.12412167,38357.543022541,31302.5484160137,29697.734113496,32391.234733893,33029.94026597,34720.1325473949,31280.3338887049,47100.34319539,30341.6486099474,30525.2040223723,43877.8948890055,27371.8944107638,35356.6357062796,42774.1173968738,28089.1071625085,39037.1978985994,30732.8797233477,38401.1214342269,25326.8211331169
25987.1117297294,22614.9903884333,30246.7149383272,23290.8614773292,20367.1469669172,19021.1040807436,24681.8117315259,25946.4535710136,25072.0156033896,23554.1165633937,25413.7106238345,36992.3335211891,31302.5484160137,23247.0715251868,29904.3065025279,26231.0065883259,16156.7379431306,20180.129542716,46082.0389230696,20947.1719343531,22449.1840899338,34151.47972183,14189.9451399376,23976.527008513,28244.0287341853,22047.1518347015,29066.67785818,18095.0086344218,28650.9022899501,12322.2528592453
582.621646840734,301.761092677513,93.29010411515,2047.41705277022,1474.37728710575,312.634298728383,815.69064987617,752.692401002651,904.030529753678,219.240954242148,635.009830152607,1472.90552495926,943.38461465736,613.998046320188,236.403740081708,543.447819187888,1130.65908868279,334.582408148292,3446.37676448072,896.132687055007,331.789330193107,1193.93199455304,411.571050031748,554.715411349713,677.592190124893,349.958898906035,259.033069011148,349.221889191877,642.063242327962,434.430053125808
4.1964732935121,4.31778831154952,4.34126477381153,4.63332336411895,5.25127949015689,3.95851981439097,8.49430346762381,3.66330100125379,5.54574428671833,4.62900796932695,6.52999584344491,3.69098909616071,6.71940972566603,5.54790759326619,9.71129810158845,2.35855651193555,3.14459836693624,3.18852881894509,4.96685486427657,4.82150694396972,4.9835575879784,6.41782411887482,2.74184910595864,5.13543879298652,5.19546647664964,3.89830901294914,4.36892925712709,3.90383448057582,6.90011701671119,3.87237923921288
0.00315984055663421,0.00612237276146743,0.0040411116791006,0.00492683490341506,0.00550920013915857,0.00478998778527284,0.00709069693061792,0.00238455772483803,0.00218387403185716,0.00168742569962888,0.00887742949402082,0.00375801346706339,0.00688135889720343,0.00445497537788242,0.00549192482282024,0.0021958171750498,0.00266727292142832,0.00348837481539022,0.0066379503277858,0.002277646880259,0.00371398737485151,0.00443282776336673,0.00625656321528822,0.0034841227097786,0.00509331488268572,0.00619866829254079,0.00518673019900007,0.00189722754032573,0.0063234882683787,0.00410673183932886
1.25120504890219e-06,1.76541215068937e-06,1.97845804450481e-06,3.38573647695739e-06,3.587571427488e-06,2.09433699183137e-06,2.32444079983907e-06,1.49011594885451e-06,1.91871902188723e-06,1.15069661887901e-06,1.5217657391986e-06,1.88354783858813e-06,4.9029968636205e-06,2.14069160620056e-06,3.13146205144221e-06,7.75355545101775e-07,1.56278809981814e-06,1.4795641618548e-06,3.64070035629993e-06,1.40557602890112e-06,2.97412276495379e-06,2.62598956624061e-06,2.78641277873248e-06,1.63717061241186e-06,2.2571135787075e-06,3.3631501992204e-06,2.74432198921204e-06,1.60824862405207e-06,2.23507646524013e-06,1.49121029835442e-06
9.10631570150144e-10,9.08528363652295e-10,1.15875309347757e-09,9.73159330897033e-10,1.73571379491477e-09,7.5061734605697e-10,2.00867589228437e-09,4.86068074678769e-10,9.90723947325023e-10,7.59257545723813e-10,9.1665697254939e-10,4.28315161116188e-10,2.29903207582538e-09,1.3098429008096e-09,2.31614194490248e-09,3.26622284774203e-10,4.69526639790274e-10,4.6713921619812e-10,1.40096290124347e-09,1.33013600134291e-09,1.35815980684129e-09,8.71352767717326e-10,1.06177822090103e-09,8.98808139027096e-10,1.37100641950383e-09,1.60724766828935e-09,2.31619878832134e-09,9.08471520233434e-10,8.68908500706311e-10,4.30361524195177e-10
3.41060513164848e-13,2.8421709430404e-13,8.5265128291212e-13,4.54747350886464e-13,9.66338120633736e-13,3.41060513164848e-13,7.95807864051312e-13,1.70530256582424e-13,7.38964445190504e-13,3.97903932025656e-13,4.54747350886464e-13,4.54747350886464e-13,8.5265128291212e-13,6.82121026329696e-13,3.97903932025656e-13,1.70530256582424e-13,2.8421709430404e-13,2.27373675443232e-13,5.6843418860808e-13,3.41060513164848e-13,2.8421709430404e-13,2.27373675443232e-13,7.38964445190504e-13,2.27373675443232e-13,6.82121026329696e-13,9.66338120633736e-13,6.82121026329696e-13,2.8421709430404e-13,3.97903932025656e-13,1.70530256582424e-13
0,0,0,0,0,0,0,0,0,0,0,0,0,0,0,0,0,0,0,0,0,0,0,0,0,0,0,0,0,0
0,0,0,0,0,0,0,0,0,0,0,0,0,0,0,0,0,0,0,0,0,0,0,0,0,0,0,0,0,0
0,0,0,0,0,0,0,0,0,0,0,0,0,0,0,0,0,0,0,0,0,0,0,0,0,0,0,0,0,0
0,0,0,0,0,0,0,0,0,0,0,0,0,0,0,0,0,0,0,0,0,0,0,0,0,0,0,0,0,0
0,0,0,0,0,0,0,0,0,0,0,0,0,0,0,0,0,0,0,0,0,0,0,0,0,0,0,0,0,0
