5806.26349355038,5620.62311590292,4858.4805642406,5200.0146536468,4911.51821428375,979.477601346336,4087.26491644494,5521.56737700362,5974.06226929918,6049.08802441427,5741.58213750042,5564.01846788898,5573.03990576226,5880.4990166769,5225.94906353689,3801.2719419251,5823.66288386398,6116.60796526147,5990.31699352692,5060.06252643375,5589.55594030849,5584.90672751974,5594.03257451903,5822.18928282001,6158.81501474058,5704.66063705912,5352.89051013651,5490.23036177693,5330.81731345764,5337.79458261409
5806.26349355038,5620.62311590292,4858.4805642406,5200.0146536468,4911.51821428375,979.477601346336,4087.26491644494,5521.56737700362,5974.06226929918,6049.08802441427,5741.58213750042,5564.01846788898,5573.03990576226,5880.4990166769,5225.94906353689,3801.2719419251,5823.66288386398,6116.60796526147,5990.31699352692,5060.06252643375,5589.55594030849,5584.90672751974,5594.03257451903,5822.18928282001,6158.81501474058,5704.66063705912,5352.89051013651,5490.23036177693,5330.81731345764,5337.79458261409
5806.26349355038,5620.62311590292,4858.4805642406,5200.0146536468,4911.51821428375,979.477601346336,4087.26491644494,5521.56737700362,5974.06226929918,6049.08802441427,5741.58213750042,5564.01846788898,5573.03990576226,5699.13789823572,5225.94906353689,3801.2719419251,5823.66288386398,6116.60796526147,5990.31699352692,5060.06252643375,5589.55594030849,5584.90672751974,4947.57181381309,5822.18928282001,5951.95781948256,5704.66063705912,5352.89051013651,5490.23036177693,5330.81731345764,5337.79458261409
5806.26349355038,5620.62311590292,4858.4805642406,5200.0146536468,4911.51821428375,979.477601346336,4087.26491644494,5521.56737700362,5974.06226929918,6049.08802441427,5741.58213750042,5564.01846788898,5573.03990576226,5699.13789823572,5225.94906353689,3801.2719419251,5823.66288386398,6116.60796526147,5990.31699352692,5060.06252643375,885.102999072779,5584.90672751974,4947.57181381309,5822.18928282001,5951.95781948256,5704.66063705912,5352.89051013651,5490.23036177693,5330.81731345764,5337.79458261409
5741.73420132517,5620.62311590292,4858.4805642406,5200.0146536468,4911.51821428375,979.477601346336,4087.26491644494,5284.62251542827,5639.45899443022,6049.08802441427,5562.55734104351,5564.01846788898,5573.03990576226,5210.76203453984,5225.94906353689,3801.2719419251,5823.66288386398,5049.58665949057,5839.83516682025,5060.06252643375,885.102999072779,5584.90672751974,4947.57181381309,5822.18928282001,5752.06690337876,5581.67150429117,5352.89051013651,5490.23036177693,5330.81731345764,5337.79458261409
5697.6899119723,5620.62311590292,4858.4805642406,5009.14122378284,4911.51821428375,979.477601346336,4087.26491644494,5284.62251542827,5625.02761019161,5673.94612816304,5562.55734104351,5564.01846788898,5573.03990576226,5210.76203453984,5225.94906353689,3801.2719419251,5823.66288386398,5049.58665949057,5839.83516682025,5060.06252643375,885.102999072779,5177.01547748439,4947.57181381309,4724.80524726852,5325.99582323145,5581.67150429117,5191.31065715373,2787.63663046579,5330.81731345764,5337.79458261409
3890.29519699249,5620.62311590292,4858.4805642406,5009.14122378284,4911.51821428375,979.477601346336,4087.26491644494,5284.62251542827,5230.08504379517,5673.94612816304,5562.55734104351,5440.22472097476,5573.03990576226,4946.74108526382,5225.94906353689,3801.2719419251,5575.47438425169,5049.58665949057,5839.83516682025,5046.15651986163,885.102999072779,2080.73525473111,4360.94423048132,2855.81407273761,5325.99582323145,5214.63124861465,3668.79156744959,2787.63663046579,5330.81731345764,5337.79458261409
2898.10006837046,4374.42045762326,4858.4805642406,2121.12679197839,581.097290047576,979.477601346336,4087.26491644494,3189.47593807324,5230.08504379517,5257.29154812028,5562.55734104351,5440.22472097476,5571.37551675139,3685.2018389352,5199.63596979077,1320.13329281432,4372.12947362994,5049.58665949057,2028.1843297163,5046.15651986163,885.102999072779,2080.73525473111,2322.1808196527,2855.81407273761,5088.66375425827,3406.23717432178,3668.79156744959,2787.63663046579,5172.57567609389,2921.01644514131
1812.78124644767,3237.80940276195,4858.4805642406,476.773967492713,234.133242176817,979.477601346336,4087.26491644494,566.743677315003,5076.5846309716,2890.87850916931,5189.70841620602,5440.22472097476,4614.03640450752,3685.2018389352,4776.29799903182,233.211391590963,4372.12947362994,4546.78741454058,935.318769588035,4983.23855946156,456.670541965259,189.584867456555,2322.1808196527,590.324764767829,4316.41703171991,3406.23717432178,3668.79156744959,2787.63663046579,3145.43426817488,853.202948532305
376.545535133031,149.427033273569,4858.4805642406,145.81266001578,127.34675971874,396.177639719741,4087.26491644494,126.84145681782,4295.37633436332,393.7949914561,480.143283992084,188.601857416284,4614.03640450752,3685.2018389352,3250.74425954109,121.014983770129,4372.12947362994,4378.93454684699,133.872297065334,986.488270290005,138.91543902185,116.284077162439,2322.1808196527,380.807456450108,4193.16240217093,3406.23717432178,3668.79156744959,510.66750396114,378.66274089267,148.180090159494
338.817179784609,101.153922443529,4486.24571392479,103.195150683466,101.76776564395,315.186972831059,4087.26491644494,102.216833507286,3937.67258768955,337.726107501629,324.898729247338,103.17814564301,4018.06761705005,359.526837016527,335.995324363344,101.508498791536,4119.34768377259,376.658426525073,101.477128662377,331.94324161276,101.731179375632,101.814592363125,2322.1808196527,330.559907621162,3625.7600806446,364.487667051202,3668.79156744959,351.679298383646,326.066523094816,102.819126783536
298.926065373041,101.007796464013,346.815630029368,101.070398386087,100.82991724871,284.059774963142,3038.1825531039,101.267281482359,3376.51818921844,286.112850172523,296.238362777145,101.06896728265,3076.21205173734,302.154039798426,314.191775209459,101.146323079109,187.112192967499,287.723961084759,101.302903262734,295.707345904647,100.803197052122,101.034537813057,2322.1808196527,281.723973243624,3379.53892858238,318.214909523476,3226.7146712967,297.475374270674,289.001708438073,101.222482748593
212.079690552948,100.748155953769,291.768854809432,100.577091252596,100.604431798944,213.874924387125,631.969285259226,100.622043924102,1194.06272995188,216.043801870534,217.913568695472,100.73548836125,285.418423777201,215.106771299027,213.803765933979,100.92589397753,100.844777107262,214.852327768898,100.503913132007,213.100713958096,100.597419779078,100.801284357392,285.904490298979,216.894095924032,338.993036810502,217.629081559127,843.508688305927,214.38871846545,213.260089495187,100.652967673824
211.881521793893,100.466515306514,215.829458945919,100.42682581224,100.525429341269,213.785729916533,11.0710232738961,100.531406681807,118.883932186924,215.816054675714,217.758229345279,100.487033601866,3.54440727881456,214.363944982211,213.127769783203,100.4493419562,100.574918642401,214.533535075328,100.474712808506,212.654227426316,100.473536510611,100.54225506492,244.793018650817,216.807694560315,9.33701317709574,216.691392143143,1.87131317501098,214.002429997491,213.002242462064,100.516352425763
211.881518234471,100.432248471242,215.777831164969,100.345255721962,100.491604190212,213.785726816155,11.0689629560757,100.393293723375,118.875551157134,215.816050043833,217.758221393659,100.388704922294,3.54002732780373,214.363930562136,213.127752509106,100.4493419562,100.450343450136,214.533527736644,100.452790080367,212.654219691366,100.311439558198,100.405466799275,244.792286930293,216.8076920359,9.33474731314436,216.691370263733,1.86372963564099,214.002420487738,213.002231579906,100.358261089915
211.881518234471,100.384277993325,215.777819078876,100.267084048769,100.374730221385,213.785726816155,11.0689629560638,100.333403697563,118.875551157103,215.816050043832,217.758221393659,100.311571652934,3.54002732777099,214.363930562136,213.127752509105,100.367307949954,100.396454289865,214.533527736644,100.376503742388,212.654219691366,100.290941877376,100.339599864292,244.792286930287,216.8076920359,9.33474731312572,216.691370263733,1.86372963559779,214.002420487738,213.002231579906,100.332930964181
