2898.10006837046,4374.42045762326,4858.4805642406,2121.12679197839,581.097290047576,979.477601346336,4087.26491644494,2579.23324378154,5230.08504379517,5200.61751829172,5223.86610189337,5440.22472097476,4614.03640450752,3685.2018389352,5025.17160825603,1320.13329281432,4372.12947362994,5049.58665949057,2028.1843297163,5046.15651986163,885.102999072779,2080.73525473111,2322.1808196527,2855.81407273761,5088.66375425827,3406.23717432178,3668.79156744959,2787.63663046579,5172.57567609389,2921.01644514131
378.781746480294,3237.80940276195,4858.4805642406,199.544736929436,234.133242176817,979.477601346336,4087.26491644494,155.316915122462,5076.5846309716,605.709364107188,3201.54265974913,2813.31257183579,4614.03640450752,3685.2018389352,3250.74425954109,139.391091341797,4372.12947362994,4378.93454684699,357.9339496404,4653.43434005594,184.474813422366,144.851954619191,2322.1808196527,435.66910687805,4193.16240217093,3406.23717432178,3668.79156744959,2787.63663046579,452.094533704086,205.59992951134
368.472682498364,142.721315478334,4858.4805642406,132.446120249614,117.419130112402,396.177639719741,4087.26491644494,121.102553385861,4295.37633436332,366.742294777922,401.906684487967,125.457337261139,4614.03640450752,3685.2018389352,3250.74425954109,116.053582686385,4372.12947362994,4378.93454684699,123.755644022787,563.017105324229,127.807409240134,116.284077162439,2322.1808196527,380.807456450108,4193.16240217093,3406.23717432178,3668.79156744959,416.462093482061,378.66274089267,139.367375060167
338.817179784609,101.153922443529,4486.24571392479,103.195150683466,101.76776564395,315.186972831059,4087.26491644494,102.216833507286,3937.67258768955,337.726107501629,324.898729247338,103.17814564301,4018.06761705005,359.526837016527,335.995324363344,101.508498791536,4119.34768377259,376.658426525073,101.477128662377,331.94324161276,101.731179375632,101.814592363125,2322.1808196527,330.559907621162,3625.7600806446,364.487667051202,3668.79156744959,351.679298383646,326.066523094816,102.819126783536
292.973079728607,101.007796464013,346.815630029368,100.826235069447,100.82991724871,247.017212569379,3038.1825531039,101.090224665601,2797.97628991264,286.112850172523,283.816332441142,100.841881648884,2830.66226345769,302.154039798426,301.323037854203,101.025370762432,124.103947009581,287.723961084759,101.058283661493,295.287772386978,100.597419779078,100.801284357392,2322.1808196527,278.146144599833,3379.53892858238,309.871012228435,2934.55392650317,257.499700163326,276.772016670765,101.194459407667
211.894606257722,100.466515306514,229.127704670663,100.55898041921,100.525429341269,213.796236087548,19.4112180005745,100.531406681807,140.067102861458,215.825519518825,217.782875536253,100.680224262771,12.6034121443481,214.394397780453,213.161964492463,100.705694106285,100.616773334586,214.551617503657,100.474712808506,212.686255886945,100.537658955426,100.54225506492,246.696290928244,216.815369315417,16.5130686432008,216.737343798469,18.8593356668252,214.022032934188,213.021672846708,100.652967673824
211.881522770776,100.466515306514,215.839700095014,100.42682581224,100.525429341269,213.785729916533,11.0716215745883,100.531406681807,118.885932718419,215.816055184816,217.758229345279,100.487033601866,3.54574198944692,214.363944982211,213.127770747658,100.4493419562,100.574918642401,214.533535075328,100.474712808506,212.654229608297,100.473536510611,100.54225506492,244.793206334154,216.807695325751,9.33703658663171,216.691398288775,1.87217497173833,214.002429997491,213.002242462064,100.516352425763
211.881518236981,100.466515306514,215.779947905754,100.365276275284,100.525429341269,213.785726817377,11.0689637187156,100.45907214289,118.875554162619,215.816050046452,217.758221395463,100.441649206879,3.54002896548218,214.363930572624,213.127752520093,100.4493419562,100.547215587741,214.533527739973,100.474712808506,212.654219695931,100.372134697989,100.477500616988,244.792287231354,216.80769203806,9.33474856330986,216.691370269763,1.86373539990655,214.002420491862,213.002231587842,100.430953527159
211.881518234472,100.435527178997,215.777901426952,100.345255721962,100.491604190212,213.785726816155,11.0689629562553,100.427739503019,118.875551159299,215.816050043833,217.75822139366,100.441649206879,3.54002732856998,214.36393056214,213.127752509108,100.4493419562,100.504075352477,214.533527736645,100.46005160796,212.654219691369,100.336586554977,100.438815852831,244.792286930414,216.807692035901,9.33474731355227,216.691370263734,1.86372963755139,214.00242048774,213.002231579911,100.358261089915
211.881518234471,100.41406073432,215.777820552008,100.327513793566,100.441223929135,213.785726816155,11.0689629560643,100.389884581348,118.875551157103,215.816050043833,217.758221393659,100.359002091857,3.5400273277728,214.363930562136,213.127752509105,100.424574348413,100.450343450136,214.533527736644,100.435956763113,212.654219691366,100.29770593762,100.395909048363,244.792286930288,216.8076920359,9.33474731312845,216.691370263733,1.86372963559779,214.002420487738,213.002231579906,100.358261089915
211.881518234471,100.40880557139,215.777819149019,100.319890320082,100.417644721242,213.785726816155,11.0689629560638,100.374226121046,118.875551157103,215.816050043833,217.758221393659,100.323375345982,3.5400273277728,214.363930562136,213.127752509105,100.408573917211,100.435377937108,214.533527736644,100.394385866845,212.654219691366,100.296718307909,100.357041071823,244.792286930287,216.8076920359,9.33474731312754,216.691370263733,1.86372963559779,214.002420487738,213.002231579906,100.344217672759
211.881518234471,100.384277993325,215.777819081676,100.287496454408,100.389925536491,213.785726816155,11.0689629560638,100.343872538867,118.875551157103,215.816050043833,217.758221393659,100.323071810837,3.54002732777099,214.363930562136,213.127752509105,100.383188550372,100.408397469138,214.533527736644,100.394385866845,212.654219691366,100.293085763843,100.355149065543,244.792286930287,216.8076920359,9.33474731312663,216.691370263733,1.86372963559779,214.002420487738,213.002231579906,100.342869474442
211.881518234471,100.384277993325,215.77781907894,100.26892844692,100.375941033446,213.785726816155,11.0689629560638,100.333738593026,118.875551157103,215.816050043833,217.758221393659,100.313639465723,3.54002732777099,214.363930562136,213.127752509105,100.367969287103,100.396454289865,214.533527736644,100.377069540438,212.654219691366,100.291564049959,100.340487922067,244.792286930287,216.8076920359,9.33474731312572,216.691370263733,1.86372963559779,214.002420487738,213.002231579906,100.33704419078
211.881518234471,100.384277993325,215.777819078876,100.267084048769,100.374730221385,213.785726816155,11.0689629560638,100.333403697563,118.875551157103,215.816050043832,217.758221393659,100.311571652934,3.54002732777099,214.363930562136,213.127752509105,100.367307949954,100.396454289865,214.533527736644,100.376503742388,212.654219691366,100.290941877376,100.339599864292,244.792286930287,216.8076920359,9.33474731312572,216.691370263733,1.86372963559779,214.002420487738,213.002231579906,100.332930964181
