94.3430023453801,124.952325536814,118.322427215442,117.493468494792,123.981678114263,106.454241048041,99.3742477332041,120.900604757604,120.405129736374,105.341018780201,123.411550194784,119.421991638943,122.182926338344,79.6622984725584,85.4068652874723,102.617181388828,112.246377586466,76.4373459001171,105.431663277084,121.225267816812,128.736168875521,117.269673255704,108.075328664604,104.167536096497,111.694443381257,111.116891600961,107.203379036881,128.597384925485,84.4092367273167,108.88221620811
94.3430023453801,124.952325536814,118.322427215442,117.493468494792,123.981678114263,106.454241048041,99.3742477332041,120.900604757604,120.405129736374,105.341018780201,123.411550194784,119.421991638943,122.182926338344,79.6622984725584,85.4068652874723,102.617181388828,112.246377586466,76.4373459001171,105.431663277084,121.225267816812,128.736168875521,117.269673255704,108.075328664604,104.167536096497,111.694443381257,111.116891600961,107.203379036881,128.597384925485,84.4092367273167,108.88221620811
94.3430023453801,79.1604944436536,99.8954644677544,117.493468494792,79.0089492582765,106.454241048041,99.3742477332041,120.900604757604,108.750342534387,105.341018780201,82.1512306307745,119.416380780593,122.182926338344,79.6622984725584,85.4068652874723,69.8408743455171,92.3501658272896,76.4373459001171,105.431663277084,121.225267816812,102.070011549202,115.478645630829,92.7812225684044,104.167536096497,111.694443381257,111.116891600961,107.203379036881,128.597384925485,84.4092367273167,108.88221620811
94.3430023453801,79.1604944436536,99.8954644677544,117.493468494792,79.0089492582765,106.454241048041,99.3742477332041,120.900604757604,108.750342534387,105.341018780201,82.1512306307745,119.416380780593,103.810288166344,79.6622984725584,85.4068652874723,69.8408743455171,92.3501658272896,76.4373459001171,105.431663277084,121.225267816812,102.070011549202,115.478645630829,92.7812225684044,104.167536096497,111.694443381257,111.116891600961,107.203379036881,128.597384925485,84.4092367273167,108.88221620811
94.3430023453801,79.1604944436536,99.8954644677544,99.3083717300981,79.0089492582765,106.454241048041,93.6455348304695,120.900604757604,89.642460841695,105.341018780201,82.1512306307745,112.519220734436,103.810288166344,79.6622984725584,85.4068652874723,69.8408743455171,80.9161488786871,76.4373459001171,105.431663277084,64.5570546880135,94.1186553965649,102.480872276433,92.7812225684044,104.167536096497,110.21166032305,101.122949966274,89.5679848375945,117.544553536715,84.4092367273167,87.1220722798309
94.3430023453801,79.1604944436536,75.5352426936929,87.3612237810586,78.5130465803004,58.8227639710152,91.5916513448976,107.363751120573,84.4360778601684,93.3310844933706,82.1512306307745,112.519220734436,103.810288166344,67.4394099664273,85.4068652874723,69.8408743455171,80.9161488786871,67.8970493142302,91.0751633253,64.5570546880135,94.1186553965649,93.3038403868743,92.7812225684044,85.6025734382098,100.985119111738,99.3566219340346,89.5679848375945,111.436891405085,84.4092367273167,87.1220722798309
88.5160718883967,79.1604944436536,75.5352426936929,78.7806816833776,78.5130465803004,58.8227639710152,77.1424106266093,107.363751120573,84.4360778601684,93.3310844933706,79.2407320602376,92.1310666487427,101.16406278041,67.4394099664273,74.9053791992438,69.8408743455171,80.3574621132226,67.8970493142302,83.1341151046219,64.5570546880135,71.1416900447682,73.9942658831139,83.942996800318,76.7258797154318,57.2612351013107,99.3566219340346,89.5679848375945,111.436891405085,64.5543237838175,63.707267446443
70.474450025991,75.5632000550662,69.8951197952322,76.3197812217664,74.4193450904977,58.8227639710152,76.0589403997091,98.6408888460087,84.4360778601684,69.1320218232958,79.2407320602376,92.1310666487427,77.60673327136,67.4394099664273,67.8748777288146,60.7453398373431,65.0164306304719,58.7270387390339,71.4409294923113,64.5570546880135,71.1416900447682,63.9040146580144,80.9183110132071,71.7553655546176,48.8415593501205,86.9263878735344,77.7110081204602,77.0366815882303,64.5543237838175,63.707267446443
49.9200248680681,42.6785839899375,40.2702308854905,53.8258694648176,52.8561327383576,48.9975201527963,58.0377208562904,73.1592017611003,47.8262901541773,56.4235327643082,59.188187337686,53.1650957293798,55.3578149541879,44.2127379244731,42.9760336944258,47.6816833051282,50.5702793843313,53.9050297445481,53.447496789757,52.0506291923559,43.2532761250145,51.7493724616397,44.6385172838191,53.2879986435571,40.7326146210288,69.3040054614202,50.9735646811096,67.7319458256936,36.2508153830404,44.1411328811699
27.7997227353394,25.6050592692948,19.1538452210528,20.9070718785075,20.14296201659,21.2370188431753,25.4307936721825,30.4372870632083,28.2635639995254,22.0676590399851,26.9367706561096,23.6373379310838,30.8113892753114,20.5659028814142,21.5086694277381,22.6528333194104,18.6591278763303,17.119765089509,21.0307861712469,24.8102792723173,25.8636870195306,23.1437804902735,23.4583309196939,22.6934467485488,23.6796807209615,28.2522996382439,20.0642123607502,35.9147444453383,17.5215363431021,18.1964875043923
4.57983087921514,6.6479606343388,4.80987173284814,4.73800418310998,6.23670319955136,5.2149621881083,4.9170181190882,6.15150305672103,6.23682692808825,4.30779544541815,5.82381039889958,6.02491657693679,5.9945962965819,4.92424279042427,4.52479517289942,3.64958168341843,4.39154792904526,5.61180680434973,5.20628414953308,4.53717217147573,6.07143947612826,5.06335966893448,4.36823015070752,5.71975089195359,5.48973501194143,8.75606428779008,6.63028798335404,8.80949930460031,5.28627884013656,4.47480537260026
1.16776834895768,0.839392767635559,0.809067704745075,0.836292424750013,1.12740304819192,1.01802222919878,0.876358038055855,1.1760360531224,1.09028892332503,1.01705817516074,0.95628745080819,1.14011926758076,1.07394365915741,0.982600902101694,1.02770688455075,1.15834183457184,0.931101063851429,1.05928561912424,0.990604942405298,1.25482100984073,0.809061378095748,1.09273538979528,1.1534893225147,1.19455735051645,1.12278243153332,1.44869645804158,1.08913069391849,0.944055057751143,0.945981579240311,1.35265666721125
0.0752101676399661,0.0825278413883552,0.0896618178501285,0.0613402960167377,0.113960435338754,0.0895242191216994,0.120449397655534,0.112272559323969,0.0835751721006091,0.0738712666569654,0.109795776939336,0.120608277446877,0.111563678005041,0.0998592608464151,0.0845348020400252,0.0712945431241678,0.0655973732267512,0.0625079105353734,0.0868990168248729,0.124701679107034,0.0826848966523812,0.08546271660407,0.0970515455121586,0.0700541016262832,0.101048773294451,0.101685085289887,0.112809391918404,0.15752435858451,0.100294487270276,0.116679840976872
0.00116692499523197,0.000834363574767849,0.00143596326813622,0.00132961777387663,0.00109065760034355,0.00142015753749547,0.000957167213755383,0.00137446206042569,0.00147538007138337,0.00109273920304531,0.00174451601424153,0.0014078393322734,0.00144512729389135,0.00105074762871027,0.00137100665699563,0.000979494493435595,0.000927501077171655,0.0010208622919663,0.00113914542509974,0.00112850947255083,0.0013269319937308,0.00157295797589541,0.00148326480973537,0.000936198455406156,0.00150843612152585,0.00200274183225702,0.00131506169884688,0.00232783287367511,0.00185543256930032,0.00135032226762632
6.81407868796668e-07,7.4194008448103e-07,7.42062184144743e-07,5.49738615518436e-07,6.94740606377309e-07,6.45489876660577e-07,6.81789401824062e-07,5.75955596104905e-07,5.72769863538269e-07,6.64528670313302e-07,8.94291474651254e-07,6.40768575976836e-07,2.1625809267789e-06,5.55693986825645e-07,6.70412077852234e-07,5.74348064219521e-07,4.4295018142293e-07,6.23836058366578e-07,6.0525542266987e-07,7.24824644748878e-07,5.72031012779917e-07,1.28613964989199e-06,6.46412559035525e-07,6.7383678015176e-07,8.10579649623833e-07,2.66413894678408e-06,8.189501841116e-07,1.97905944787635e-06,1.26659210764046e-06,7.04750732438697e-07
2.06893332688196e-07,1.13686837721616e-13,1.13686837721616e-13,1.13686837721616e-13,1.13686837721616e-13,1.13686837721616e-13,1.13686837721616e-13,1.13686837721616e-13,1.13686837721616e-13,1.13686837721616e-13,8.09353650765843e-08,1.13686837721616e-13,8.12949565442977e-08,1.13686837721616e-13,1.13686837721616e-13,1.13686837721616e-13,1.13686837721616e-13,1.13686837721616e-13,1.13686837721616e-13,1.13686837721616e-13,1.13686837721616e-13,1.13686837721616e-13,1.13686837721616e-13,1.13686837721616e-13,1.13686837721616e-13,8.00775978859747e-08,1.13686837721616e-13,7.99873305368237e-08,1.13686837721616e-13,1.13686837721616e-13
