6277.35874685864,4948.20546576737,9663.42170691425,8542.93016623618,6359.47784935413,8991.57245405903,10677.2580384413,7480.69435540004,7707.79594061881,9469.15370668614,8268.79638459878,10424.2333787868,12673.1895498128,8604.38112648201,13867.249732393,9283.63331233075,8841.91914732499,11063.6580505241,12687.7935069787,8622.04771735519,9726.05956021674,6026.30483464707,9891.0382209963,11220.2471141767,6931.14846684817,9587.72359867744,9276.82741682014,12005.792987306,8887.17109859294,9923.71586798941
6277.35874685864,4948.20546576737,9663.42170691425,8542.93016623618,6359.47784935413,8991.57245405903,10677.2580384413,7480.69435540004,7707.79594061881,9469.15370668614,8268.79638459878,10424.2333787868,12673.1895498128,8604.38112648201,13867.249732393,9283.63331233075,8841.91914732499,11063.6580505241,12687.7935069787,8622.04771735519,9726.05956021674,6026.30483464707,9891.0382209963,11220.2471141767,6931.14846684817,9587.72359867744,9276.82741682014,12005.792987306,8887.17109859294,9923.71586798941
6240.47249822585,3953.56531037693,6431.67414393461,6332.27288962375,6359.47784935413,8159.95332442043,6280.00543160788,4235.72149676181,7707.79594061881,8824.04263900026,6857.26493275979,8743.95047313877,10244.059997076,8604.38112648201,8940.27921658924,7904.35978843534,5744.14123371189,9352.39746014162,4551.4628120957,7997.96983948665,7076.67219924843,6026.30483464707,8759.33652965007,7876.85108413653,3261.45515836264,6046.05723495956,8946.3257460646,12005.792987306,8887.17109859294,8042.66768640609
6240.47249822585,3953.56531037693,6431.67414393461,6332.27288962375,6359.47784935413,8159.95332442043,6280.00543160788,4235.72149676181,7707.79594061881,8824.04263900026,6857.26493275979,8743.95047313877,10244.059997076,8604.38112648201,8940.27921658924,7904.35978843534,5744.14123371189,9352.39746014162,4551.4628120957,7997.96983948665,7076.67219924843,6026.30483464707,8759.33652965007,7876.85108413653,3261.45515836264,6046.05723495956,8946.3257460646,12005.792987306,8887.17109859294,8042.66768640609
3316.22303668612,3557.0332810933,4498.5577551761,6332.27288962375,6359.47784935413,2507.07643778988,6280.00543160788,3886.74608302033,5571.29909518377,7139.34153769078,6857.26493275979,6796.34285142802,4047.85801519797,8604.38112648201,8362.95953251482,5525.80246135718,3247.90534476577,5857.87064946725,4551.4628120957,7997.96983948665,4999.45321364656,6026.30483464707,6430.50490843389,5632.87670198058,3261.45515836264,5678.62722834177,6879.73641343861,6157.58733194518,5555.50685459499,6354.55393499827
2666.43457932045,3557.0332810933,4209.86043877612,6332.27288962375,6359.47784935413,1891.44801689645,4377.40836608244,3886.74608302033,3112.50165902566,7139.34153769078,6857.26493275979,5448.91736000987,4009.73821806118,6190.15625037791,8005.2122641525,4042.69425870808,2227.53949518199,5857.87064946725,4551.4628120957,5013.83197721582,4201.07387962011,6026.30483464707,4052.03514046482,3377.25294106202,3261.45515836264,2905.45720038085,4692.341757129,4142.94397201066,5555.50685459499,6354.55393499827
2034.32250640402,2932.80416629248,2240.36063310952,3084.69114175657,3778.50142466764,1891.44801689645,2413.49908857815,2982.23582081976,3112.50165902566,4042.38365928884,4742.47535606418,4604.43626144409,2140.27683836617,3004.0735601746,5264.91139059044,4013.69087509081,1812.4911292114,3891.06831621153,4551.4628120957,4602.01463716683,2396.00992561764,4537.5141673722,2427.66647395171,3377.25294106202,3261.45515836264,2292.94351440262,2396.23402361732,3827.54989401799,2568.83807706924,4427.06613020732
1134.53984419247,2135.92314077939,1543.55134675703,2988.17985987582,2318.88910891404,1891.44801689645,2413.49908857815,2542.03625879067,3112.50165902566,3638.27337578511,4742.47535606418,2564.44343763235,2140.27683836617,2795.48184936489,2926.02139031218,1825.68508342562,1246.59006693592,2875.15198103968,2919.12262044899,3001.58107855525,2149.53006432326,3117.13781824184,2091.54146684808,2873.35625716214,2884.7832073881,1706.05506550997,2050.06091556333,1996.82230743458,1228.59384288664,2004.89865682913
570.75557177233,847.787109691434,556.288758262524,818.563336608322,810.475123376393,866.465783306504,1081.9577598125,852.876954867485,1687.08719700361,2109.55029181996,1314.80390207716,1263.06369018334,1123.71036608348,878.892044562832,860.170594242565,882.783898037037,455.108450689705,730.001054194064,1863.41055119183,1258.62982054637,738.677886724161,634.456566813604,471.091627742344,846.156047793507,1138.27875821244,717.960341171207,1020.58622030935,894.687647893326,458.8876231877,817.318588313091
95.5207521853031,140.033531190585,190.381278320987,285.033840049165,87.3786639942712,73.9170757994397,201.434922279307,258.844854560477,269.805403527176,224.06501808103,114.313580671077,129.169572143976,133.694497191839,145.377390688007,133.421207149292,131.65743044042,130.019496316782,122.464911846932,410.945666575991,207.676716897399,114.693518249578,161.614306610403,50.9050427485632,119.482975463466,159.641047981105,132.073093207207,196.957592162953,73.7473236958274,143.223739667807,244.288575761073
13.5635872043448,11.1484172466131,26.7034378299652,18.6069528801826,24.8395459603234,12.0102701999643,11.0311527022405,15.1651423091866,35.3965193639547,18.4873283065186,16.5497563574194,13.312127145854,13.2010413659741,21.0251398131204,19.1389834936189,11.8970805387091,10.2054154348059,30.2952883795202,34.6316030770582,24.3002448978756,15.2233669403288,23.6848306790004,9.62542279877323,12.0277243342844,24.0455778217669,10.7824842256661,20.2060828936658,12.1377071011766,18.8006461890994,16.3573287982032
0.384908945177926,0.974404754763214,0.868130302362715,0.770273154602819,0.830789665944735,1.03027913241385,1.33477843343962,1.18204796345731,1.48439371435506,0.89398012832055,1.37654370988139,1.05671425524645,1.43065121086852,0.837279464990729,0.967329867516696,0.92642517566162,1.00910669178074,1.30918834176362,1.56515327730722,1.10033075949059,0.863874037518713,1.13852060369788,1.17876921501852,0.824701688493633,1.23282220271881,1.18510160591563,1.330141868645,1.40920480389025,1.1079705886541,1.63400976315631
0.0036323103037148,0.00888922261492553,0.00970844452206165,0.00689757342820485,0.00490915736975239,0.00512783702163233,0.00781221146087319,0.00872227576189744,0.0447881913579522,0.0114749698603873,0.0120531522069314,0.00819740419638038,0.00608062456149128,0.00936759639682805,0.0102458468365967,0.00940941652095262,0.00534215863672216,0.00881581399050901,0.010408402841108,0.00963791110291368,0.00486958243891422,0.0124032485002772,0.0119788178935778,0.00522192143330358,0.013515409664933,0.00976749668768662,0.00882296092902379,0.00621545165984116,0.00981083402530203,0.0112164106302544
1.39741132443305e-07,1.20014988169714e-07,2.17492242882145e-07,1.31042611428711e-07,5.35806066181976e-08,1.2791554127034e-07,1.98107500182232e-07,2.25595499614428e-07,6.68371740175644e-07,1.78318487087381e-07,2.67871541836939e-07,1.93629944078566e-07,1.19258515951515e-07,1.93501932699292e-07,2.05859009838605e-07,1.39844360091956e-07,1.01655587059213e-07,1.13936721390928e-07,2.15277054849139e-07,1.5817022358533e-07,1.03504362414242e-07,3.01918248624133e-07,1.10952782961249e-07,1.43112742989615e-07,3.23114477396302e-07,2.25665303332789e-07,1.82329927156388e-07,1.00989382190164e-07,1.94578547052515e-07,2.14893930206017e-07
0,0,0,0,0,0,0,0,0,0,0,0,0,1.13686837721616e-13,0,1.13686837721616e-13,0,0,0,0,0,0,0,0,0,1.13686837721616e-13,0,0,0,0
0,0,0,0,0,0,0,0,0,0,0,0,0,0,0,0,0,0,0,0,0,0,0,0,0,0,0,0,0,0
