4231.53811637241,683.4666598146,506.976625682229,1308.10946029789,654.170536183074,1384.41856270786,2790.79882269821,337.041689281779,3590.96561946956,2213.19529029964,853.093097225769,886.949852017035,3298.90761197982,970.849733239997,648.890018871892,9780.98559640353,1745.65461699799,1309.73994641806,1019.7045162397,2392.80133269184,1424.95179403829,966.477356492582,1097.39018883299,900.678824939912,1170.27988816116,6928.22557912503,3407.09893512082,4413.27607568586,911.022368643816,1986.66464470088
4231.53811637241,683.4666598146,506.976625682229,1308.10946029789,654.170536183074,1384.41856270786,2790.79882269821,337.041689281779,3590.96561946956,2213.19529029964,853.093097225769,886.949852017035,3298.90761197982,970.849733239997,648.890018871892,9780.98559640353,1745.65461699799,1309.73994641806,1019.7045162397,2392.80133269184,1424.95179403829,966.477356492582,1097.39018883299,900.678824939912,1170.27988816116,6928.22557912503,3407.09893512082,4413.27607568586,911.022368643816,1986.66464470088
4231.53811637241,683.4666598146,506.976625682229,1308.10946029789,654.170536183074,1384.41856270786,2790.79882269821,337.041689281779,3590.96561946956,2213.19529029964,853.093097225769,886.949852017035,3298.90761197982,970.849733239997,648.890018871892,9780.98559640353,1745.65461699799,1309.73994641806,1019.7045162397,2392.80133269184,1424.95179403829,966.477356492582,1097.39018883299,900.678824939912,1170.27988816116,6928.22557912503,3407.09893512082,4413.27607568586,911.022368643816,1986.66464470088
789.446728575626,534.414925930389,506.976625682229,1308.10946029789,654.170536183074,903.254004179491,2790.79882269821,337.041689281779,499.905220753271,2213.19529029964,306.732136127055,837.075973488813,3298.90761197982,952.367116587604,648.890018871892,1197.0533422509,1745.65461699799,1309.73994641806,1019.7045162397,2392.80133269184,491.733237628825,966.477356492582,818.73780221744,900.678824939912,1170.27988816116,597.996674660033,943.083404334262,700.99040348431,752.668471388262,1986.66464470088
455.346002769413,534.414925930389,506.976625682229,1086.70498635704,654.170536183074,903.254004179491,1299.74781813805,337.041689281779,499.905220753271,614.313787556585,306.732136127055,837.075973488813,3298.90761197982,593.865855854608,648.890018871892,486.831272372194,1745.65461699799,1309.73994641806,849.725800707208,790.942949003637,491.733237628825,966.477356492582,818.73780221744,900.678824939912,1170.27988816116,597.996674660033,943.083404334262,700.99040348431,752.668471388262,1986.66464470088
439.566254394097,534.414925930389,506.976625682229,1086.70498635704,316.707321335242,613.631249012126,962.058138604515,337.041689281779,499.905220753271,614.313787556585,306.732136127055,837.075973488813,932.076609882237,593.865855854608,377.50423856157,486.831272372194,528.053964472435,1309.73994641806,821.600212665886,663.202633970935,491.733237628825,966.477356492582,818.73780221744,473.646489192331,755.086763369271,597.996674660033,529.116943715289,700.99040348431,752.668471388262,840.392565340931
439.566254394097,487.28384896816,421.164097721629,484.142512087582,157.331651797358,613.631249012126,736.545673723659,337.041689281779,499.905220753271,614.313787556585,306.732136127055,483.593271797371,932.076609882237,593.865855854608,377.50423856157,486.831272372194,528.053964472435,1167.05843968322,631.032780642851,663.202633970935,328.912384031228,810.9285022461,818.73780221744,473.646489192331,530.042686447923,338.092852823984,514.343867691598,700.864141925057,598.248146144448,840.392565340931
439.566254394097,487.28384896816,421.164097721629,401.763272090346,157.331651797358,446.328980958511,583.31821475998,337.041689281779,474.560371573113,404.577071321936,306.732136127055,327.872508729451,693.509517869752,593.865855854608,377.50423856157,486.831272372194,528.053964472435,841.382047815923,533.54799934989,578.797426550841,328.912384031228,492.477090605883,349.969825567721,382.407460851703,530.042686447923,203.125562058995,379.124389812846,511.13240752776,598.248146144448,551.667318316274
179.580055487122,364.451129762105,421.164097721629,160.530400335062,157.331651797358,245.642293264502,125.237969651379,51.4313343990393,249.853671047003,281.118083482199,129.711351642856,210.395722590569,500.908640500458,470.574910429939,249.07528570975,477.450905147252,309.337502306531,401.277108634816,400.308575962107,133.237024380582,293.489731486845,450.167077851061,234.497903455638,300.368089097946,195.22049942916,203.125562058995,312.577321610957,481.423455272661,65.8096992272885,334.502908678343
79.6393973807294,206.813429165999,75.1134730970634,105.955472925362,84.4826324874975,183.530271587193,95.4512826632886,51.4313343990393,61.196894542587,92.2351202324212,52.142376109935,155.430703700618,158.426782182778,186.023800126025,249.07528570975,57.092390565932,73.3446573717533,266.773761114906,206.132248876735,96.118477779753,84.0309662869699,274.19663723648,162.402177460805,63.592493620642,126.40260709806,120.155569856469,280.710795637564,207.751234692219,65.8096992272885,206.708047752868
47.0139067163868,59.5275836500905,45.3072289562488,73.8785137012278,60.0086982269963,49.8686063028431,52.3777859036563,41.2731991956407,40.3569222440306,46.4381814803291,51.7983082798874,56.1173587936314,66.3273749315827,55.816891081116,53.5047471062126,41.4314685318755,46.1691316498277,43.7214628127367,40.6324187486443,54.2754855678309,44.3279026687474,42.147260000092,58.028490088454,47.7347897893078,42.0831715717304,49.2264072442845,52.4769321608192,48.2875874012416,57.446585894827,43.2997826718406
43.7603962315843,37.6566778685369,45.3072289562488,43.5785938637955,45.005325714571,41.3515370415071,41.4843189947046,41.2731991956407,40.3569222440306,35.9526314024324,42.7896631856097,40.5401559071174,43.5564771267545,44.9434596118899,40.785577972169,41.4314685318755,38.2498314622176,43.7214628127367,33.042618004722,43.005597901019,44.3279026687474,36.5697529819267,49.6069925555053,36.1245629811019,42.0831715717304,46.0095554789013,41.8372324754191,43.8769993909805,47.0049612356361,42.2696186219505
34.5429840896081,36.6558229477773,37.6946179705865,34.8777734765285,35.3866753622515,36.6650571056725,36.5852514464736,39.5939225807751,37.6837127523545,32.3409968635533,42.3107684036595,39.2147850870906,39.9697947511627,42.1043766769953,40.1727515020066,36.4208637760244,38.0897285549459,30.0019355777767,33.042618004722,41.8764716447877,40.292618174381,36.386190146251,31.9506359302814,36.1245629811019,36.8348410239755,40.7412596109971,35.2537227176581,37.934452336619,31.0074376411103,42.2696186219505
27.404934124203,32.4039063545724,27.5933097231555,27.296295497536,30.8821694961657,33.6500247386316,31.2939059503774,33.168155731873,34.4503054577262,32.2893823777185,32.9615879135704,38.1070847023698,26.8269421580571,31.6876230430044,27.8590047659568,29.0767314406444,32.6305863931325,26.6221734791457,31.7129796290883,28.720504224329,35.3293805245471,36.386190146251,31.9506359302814,34.4895806476902,27.7060396821862,33.2146362040512,32.784392500052,30.1897444222668,25.9157069259018,38.8398298987431
26.1428342136901,31.2082713243976,26.6523767493268,27.121098261166,30.8821694961657,30.7343354806949,31.2939059503774,31.8881428501127,29.8773783495726,30.2857228788812,26.7392693679976,17.148134603156,25.8875572362567,26.4136081528682,25.8060530381777,26.5246076911453,31.8692221027172,25.8663085328049,31.7129796290883,26.1245924187288,32.2722803761962,32.192323925341,28.5652665706357,32.0019068966158,8.43873327740766,30.0791317166395,32.2339566615979,26.8474022001774,25.9157069259018,26.4037211722271
20.9817287117039,21.0738711628605,20.8240855275958,20.7781373778735,20.85068525115,20.4510562023966,21.4043663331063,21.2558080250105,20.7220482847479,21.8370080018303,21.3107306636139,0.94476736287379,20.2601756794561,20.4100557062429,20.4228866195081,20.2750523202667,20.8795775671251,21.0763453078071,21.306821437598,20.6276561911868,21.0542233141286,20.9747247129417,20.6984010097126,20.7484651986019,0.519026437768844,21.2061092812087,20.9289261370259,20.8686135170447,20.7922015943036,21.3350340604779
