439.566254394097,487.28384896816,421.164097721629,401.763272090346,157.331651797358,406.409267297251,496.701027869584,337.041689281779,345.965732711642,404.577071321936,306.732136127055,210.395722590569,653.705218520153,593.865855854608,377.50423856157,486.831272372194,528.053964472435,428.441551775426,533.54799934989,578.797426550841,328.912384031228,492.477090605883,234.497903455638,382.407460851703,530.042686447923,203.125562058995,379.124389812846,511.13240752776,598.248146144448,551.667318316274
179.580055487122,325.449812725941,296.316288034984,160.530400335062,157.331651797358,243.492321043718,125.237969651379,51.4313343990393,175.447164431092,92.2351202324212,129.711351642856,210.395722590569,411.173765512041,379.554290698465,249.07528570975,88.9682832572585,145.602057931907,382.961724450877,206.132248876735,133.237024380582,293.489731486845,285.932000578573,234.497903455638,65.898113281522,169.047418794225,203.125562058995,312.577321610957,360.328108344107,65.8096992272885,322.43796664994
79.6393973807294,73.977633792143,71.955072985882,105.955472925362,84.4826324874975,89.861907537464,54.3110348706346,51.4313343990393,61.196894542587,92.2351202324212,52.142376109935,68.9215387761515,132.411704703373,186.023800126025,60.3568081940784,57.092390565932,73.3446573717533,229.002132372691,103.425918555887,88.879439561143,84.0309662869699,199.009111368411,61.8687750945651,63.592493620642,48.2824141498486,120.155569856469,207.412012655972,207.751234692219,65.8096992272885,145.361005310732
47.0139067163868,59.5275836500905,45.3072289562488,73.8785137012278,60.0086982269963,49.8686063028431,52.3777859036563,41.2731991956407,40.3569222440306,46.4381814803291,51.7983082798874,56.1173587936314,66.3273749315827,55.816891081116,53.5047471062126,41.4314685318755,46.1691316498277,43.7214628127367,40.6324187486443,54.2754855678309,44.3279026687474,42.147260000092,58.028490088454,47.7347897893078,42.0831715717304,49.2264072442845,52.4769321608192,48.2875874012416,57.446585894827,43.2997826718406
41.6403964488823,37.6566778685369,45.3072289562488,43.5785938637955,42.2104599422073,41.3515370415071,38.0118891571728,41.2731991956407,40.3569222440306,35.9526314024324,42.7896631856097,40.5401559071174,43.5564771267545,44.9434596118899,40.785577972169,37.373406684505,38.2498314622176,42.59376995811,33.042618004722,43.005597901019,44.3279026687474,36.5697529819267,48.5157079096625,36.1245629811019,42.0831715717304,43.0709632560429,41.8372324754191,43.8769993909805,38.3227326508431,42.2696186219505
34.5429840896081,36.6558229477773,32.9385064069306,29.0209508959938,32.5651234345332,33.6500247386316,34.9726387811847,36.6416034188042,37.1037791257404,32.3409968635533,40.4449983259665,39.2147850870906,30.0993960003429,42.1043766769953,33.6990049008987,36.4208637760244,34.2319591815344,28.5417319076428,33.042618004722,41.8764716447877,40.1287242024,36.386190146251,31.9506359302814,35.3980611599281,36.8348410239755,37.9911730184385,34.8197828322855,37.934452336619,28.2355564777681,41.9995446485927
27.404934124203,32.4039063545724,27.5933097231555,27.296295497536,30.8821694961657,33.6500247386316,31.2939059503774,33.168155731873,34.4503054577262,32.3409968635533,32.9615879135704,38.1070847023698,26.8269421580571,31.6876230430044,27.8590047659568,29.3705983053774,32.6305863931325,26.6221734791457,31.7129796290883,28.720504224329,35.3293805245471,36.386190146251,31.9506359302814,34.4895806476902,27.7060396821862,33.2146362040512,32.784392500052,30.1897444222668,25.9157069259018,38.8398298987431
27.404934124203,31.2082713243976,26.6523767493268,27.296295497536,30.8821694961657,32.3614858183132,31.2939059503774,31.8881428501127,32.7383373812827,32.2893823777185,26.7392693679976,30.230150487926,26.4546865594766,26.4136081528682,27.530247062381,27.9585977527699,31.8692221027172,25.9087748903135,31.7129796290883,26.1245924187288,34.2389714087299,32.192323925341,31.9506359302814,34.4895806476902,17.260772301418,32.7729946982554,32.2339566615979,27.6788976163257,25.9157069259018,29.8347808299141
26.9033675001524,31.2082713243976,26.6523767493268,27.121098261166,30.8821694961657,31.1635238503345,31.2939059503774,31.8881428501127,29.8773783495726,30.2857228788812,26.7392693679976,19.1202748281253,25.8875572362567,26.4136081528682,25.8060530381777,26.5246076911453,31.8692221027172,25.8663085328049,31.7129796290883,26.1245924187288,32.8667829609335,32.192323925341,28.5652665706357,32.0019068966158,9.58593221539923,31.4390240824259,32.2339566615979,27.1438432145396,25.9157069259018,26.4037211722271
25.2657839258445,31.2082713243976,26.6523767493268,27.121098261166,30.8821694961657,30.7343354806949,30.4422187258915,31.8881428501127,29.8773783495726,30.2857228788812,26.7392693679976,10.5057513618603,25.8875572362567,26.4136081528682,25.8060530381777,26.5246076911453,31.6052923654956,25.8663085328049,29.5019643082915,26.1245924187288,32.2722803761962,31.070872745584,28.5652665706357,32.0019068966158,8.43873327740766,30.0791317166395,32.2339566615979,26.8474022001774,25.9157069259018,26.4037211722271
25.2657839258445,31.2082713243976,26.3445503868184,27.0585280673636,30.8821694961657,30.7343354806949,30.0570838951244,31.8881428501127,29.8773783495726,26.1028140018034,26.7392693679976,8.89062464732024,25.8875572362567,26.4136081528682,25.8060530381777,26.1913717000948,30.6572832728511,25.8663085328049,29.5019643082915,25.9228331765953,31.6791183145992,28.9629031060435,28.5652665706357,32.0019068966158,4.19715938180616,30.0791317166395,31.3226758163205,26.8474022001774,25.8718120803987,26.4037211722271
22.0411094331266,22.5884594399968,26.1259395783472,21.6334603237497,22.8284191956664,21.9811218787277,23.5272022201066,25.9358400395326,22.606483107209,23.5033607095211,23.1314633742777,2.00727115375184,25.1470916789681,26.4136081528682,22.0195262082443,21.3822863088917,23.2721424530073,22.239375304237,28.4413798560945,21.7098472725843,31.6791183145992,22.8849380167899,23.1716297278917,22.9079817200322,1.83758137687983,29.1767470876007,22.2288537804448,21.9696570880819,22.0126286677219,22.532466484161
21.0457230933289,21.1176398924003,20.8607422061978,20.8134514689309,20.9135396448137,20.4769762724554,21.4454649373952,21.3126275466348,20.743111499,21.8743257641122,21.3592836425169,1.01340274053837,20.296104911868,20.4534692780826,20.4508897098735,20.3299011874878,20.9656489714475,21.1157189067294,21.3515466856275,20.6918756350906,21.0947522843176,21.0369572824593,20.7230379959865,20.8036264061561,0.549844699753521,21.2345181661412,20.9577623627538,20.9157741424406,20.8363804671881,21.386896169291
20.9817287117039,21.0738711628605,20.8240855275958,20.7781373778735,20.85068525115,20.4510562023966,21.4043663331063,21.2558080250105,20.7220482847479,21.8370080018303,21.3107306636139,0.94476736287379,20.2601756794561,20.4100557062429,20.4228866195081,20.2750523202667,20.8795775671251,21.0763453078071,21.306821437598,20.6276561911868,21.0542233141286,20.9747247129417,20.6984010097126,20.7484651986019,0.519026437768844,21.2061092812087,20.9289261370259,20.8686135170447,20.7922015943036,21.3350340604779
