583.149517450728,772.934625848401,510.160028464059,555.231014243461,639.346376931422,582.801488798849,598.189874696257,588.661249022113,603.310293607906,560.951069523954,627.751603453695,432.27282172996,560.534365624158,709.79985160434,591.099168408271,583.037276673091,630.76930408273,589.344601597503,497.257129452835,605.734206027003,456.398472036099,689.054183548425,510.577354381773,505.290384089501,615.912337410326,558.666216329536,493.200533649894,912.446445409747,519.700017906321,784.973212034722
339.306420754078,378.987916552699,336.551900528657,309.35059571545,358.717350225798,393.63040707168,323.506825191077,349.311106817696,392.865682851594,311.783148672109,339.160610477227,299.491951672154,345.215384011763,334.830698233807,375.287342713891,344.557002563259,346.434681793771,336.210393245666,307.908794190453,284.668341182587,301.69591350644,355.34928532447,300.058678715256,351.677776462286,310.804470545769,363.972071879166,330.429667645455,402.107996198008,341.38522652385,330.892275052166
255.053804832228,223.385681157034,226.894184999382,232.825710808193,218.178187606853,256.206981769571,228.178851980645,213.863591208041,258.344412607201,232.839133021871,234.525946173197,224.374819324052,226.716395876319,213.202539755493,227.338216341225,221.056467211989,258.423510132505,226.735970551867,222.842668509234,214.525423409385,227.698464206334,232.861001726389,238.11388806395,239.938552315876,230.673462761131,260.071300323712,223.498554573032,269.910942551508,225.415983971944,219.856562381307
188.472501426666,189.913661604256,185.489523884264,188.100563697662,186.868917381718,187.765781342502,187.840092663111,187.112723315925,185.82405021825,187.213859968584,192.43275319923,184.350950607628,184.88226550283,186.5344393695,187.026647705282,186.906843362902,189.151188261281,186.969215774601,185.739898687365,185.456337291405,184.333770230433,185.784994260579,193.128550974106,188.312559720631,185.98072476314,187.443776592006,187.887471539091,187.934625942398,187.664325664394,185.692770145778
181.526016960548,181.291598843978,181.269920327048,181.343425692784,181.196576842784,181.34761382789,181.274234218841,181.234338883101,181.141232856502,181.286793109385,181.52667034467,180.98324985479,181.180483660586,181.366260449344,181.206941134527,181.243519725305,181.358189310134,181.323921957481,181.29952721683,181.342184263938,181.20997710616,181.418199768233,181.203461135712,181.330750557338,181.242748757959,181.240522799324,181.081433693124,181.151228210962,181.152612950041,181.31470639033
180.788190802882,180.797912354787,180.790984047348,180.792930108605,180.790692424865,180.789293248704,180.786934378289,180.787653752626,180.787930657923,180.789662670758,180.797132786477,180.787997885712,180.790107575676,180.792717805174,180.78778842154,180.790900119418,180.788644715765,180.78896639445,180.788469473664,180.787773568643,180.788304073026,180.790235672248,180.793255716107,180.795282311455,180.790136232421,180.788362544637,180.788211871954,180.786351271551,180.786962676225,180.789519108404
180.781409031406,180.78155817629,180.781450742912,180.781497492198,180.781434747338,180.781567371055,180.781403901703,180.781418545277,180.78141554891,180.781522881854,180.781464235379,180.781366110077,180.781405281363,180.781488672538,180.781377343033,180.781462687868,180.78144034521,180.781439370763,180.78142944517,180.781513596166,180.781416264127,180.781423865827,180.781454404153,180.781447921756,180.781487344317,180.7814059663,180.781367036199,180.781430338625,180.781439210924,180.781518509405
180.781273310985,180.781275395674,180.781272802391,180.781274277712,180.781273375093,180.781274427759,180.781273355132,180.781273429295,180.781273653462,180.781273349265,180.781274153337,180.781272492337,180.781273944722,180.781273612334,180.781273203398,180.781273933977,180.781275164235,180.781273525573,180.781273240242,180.781274021219,180.781273392656,180.781273168889,180.781275125122,180.781273255108,180.781273656661,180.78127383747,180.781273015006,180.781273476133,180.781272983122,180.78127340932
180.7812716903,180.781271702738,180.781271684441,180.78127169135,180.781271684468,180.781271690266,180.781271685821,180.781271685286,180.78127168503,180.781271688042,180.78127169058,180.781271682743,180.781271690117,180.781271689753,180.781271686457,180.781271686215,180.781271695203,180.781271689368,180.78127168773,180.781271689735,180.781271686486,180.78127168884,180.781271699449,180.781271687454,180.781271685833,180.781271690743,180.781271684505,180.781271686112,180.78127168613,180.781271690531
180.781271677793,180.78127167785,180.781271677785,180.781271677808,180.781271677783,180.781271677806,180.781271677791,180.781271677785,180.781271677787,180.781271677789,180.781271677795,180.781271677769,180.781271677795,180.781271677799,180.781271677779,180.78127167779,180.781271677813,180.781271677791,180.781271677785,180.781271677818,180.781271677793,180.781271677791,180.781271677837,180.781271677782,180.781271677786,180.7812716778,180.781271677774,180.78127167778,180.781271677778,180.781271677804
180.781271677747,180.781271677747,180.781271677747,180.781271677747,180.781271677747,180.781271677747,180.781271677747,180.781271677747,180.781271677747,180.781271677747,180.781271677747,180.781271677747,180.781271677747,180.781271677747,180.781271677747,180.781271677747,180.781271677747,180.781271677747,180.781271677747,180.781271677747,180.781271677747,180.781271677747,180.781271677747,180.781271677747,180.781271677747,180.781271677747,180.781271677747,180.781271677747,180.781271677747,180.781271677747
180.781271677747,180.781271677747,180.781271677747,180.781271677747,180.781271677747,180.781271677747,180.781271677747,180.781271677747,180.781271677747,180.781271677747,180.781271677747,180.781271677747,180.781271677747,180.781271677747,180.781271677747,180.781271677747,180.781271677747,180.781271677747,180.781271677747,180.781271677747,180.781271677747,180.781271677747,180.781271677747,180.781271677747,180.781271677747,180.781271677747,180.781271677747,180.781271677747,180.781271677747,180.781271677747
180.781271677747,180.781271677747,180.781271677747,180.781271677747,180.781271677747,180.781271677747,180.781271677747,180.781271677747,180.781271677747,180.781271677747,180.781271677747,180.781271677747,180.781271677747,180.781271677747,180.781271677747,180.781271677747,180.781271677747,180.781271677747,180.781271677747,180.781271677747,180.781271677747,180.781271677747,180.781271677747,180.781271677747,180.781271677747,180.781271677747,180.781271677747,180.781271677747,180.781271677747,180.781271677747
180.781271677747,180.781271677747,180.781271677747,180.781271677747,180.781271677747,180.781271677747,180.781271677747,180.781271677747,180.781271677747,180.781271677747,180.781271677747,180.781271677747,180.781271677747,180.781271677747,180.781271677747,180.781271677747,180.781271677747,180.781271677747,180.781271677747,180.781271677747,180.781271677747,180.781271677747,180.781271677747,180.781271677747,180.781271677747,180.781271677747,180.781271677747,180.781271677747,180.781271677747,180.781271677747
