1365.76186974876,1031.80420949921,1274.00439205253,1294.35370474194,1347.94550153878,1552.02876408627,2298.59092134897,1919.066366158,1111.31539423171,1207.18304204048,2014.19054516723,1155.29778033624,1647.79310782133,1795.71756514808,2202.1273942358,1162.16745843125,885.375154792305,1667.73624825004,895.868078729305,1511.69320564565,1957.02123462194,1336.54703772369,1179.86986841934,1911.32967702544,1962.08617431658,2038.7506508084,1143.49957513402,2242.16479521859,1317.12374023026,1499.66938065925
1365.76186974876,1031.80420949921,1274.00439205253,1294.35370474194,1347.94550153878,1552.02876408627,2298.59092134897,1919.066366158,1111.31539423171,1207.18304204048,2014.19054516723,1155.29778033624,1647.79310782133,1795.71756514808,2202.1273942358,1162.16745843125,885.375154792305,1667.73624825004,895.868078729305,1511.69320564565,1957.02123462194,1336.54703772369,1179.86986841934,1911.32967702544,1962.08617431658,2038.7506508084,1143.49957513402,2242.16479521859,1317.12374023026,1499.66938065925
1365.76186974876,1031.80420949921,949.964360316825,1294.35370474194,1331.45024448157,1419.25211303173,1637.34895096882,1216.44128528984,1111.31539423171,1207.18304204048,2014.19054516723,1155.29778033624,868.767040905858,1795.71756514808,1860.94015491189,1029.84098643138,885.375154792305,1351.82638525438,895.868078729305,1286.67322345332,1867.78166095706,1336.54703772369,1179.86986841934,1245.43789843108,1795.49165869826,1487.43484887216,953.695820052747,1662.78806423115,1317.12374023026,1499.66938065925
1109.19142065383,1031.80420949921,949.964360316825,1294.35370474194,1047.04388217714,1419.25211303173,1637.34895096882,1216.44128528984,1111.31539423171,1207.18304204048,1151.21118508949,1155.29778033624,868.767040905858,1768.31674077865,920.983435462898,1029.84098643138,885.375154792305,1351.82638525438,895.868078729305,1286.67322345332,1545.51513498113,1336.54703772369,1179.86986841934,1245.43789843108,1513.73833807346,1155.04824681211,953.695820052747,1662.78806423115,954.290203681235,1326.3241067873
1109.19142065383,1031.80420949921,949.964360316825,1058.31343926772,1047.04388217714,1217.70209787239,631.343728432444,1156.48297872748,1111.31539423171,1162.94081836899,1151.21118508949,1096.70743724172,868.767040905858,1009.46458549046,591.099168408271,873.080864784287,885.375154792305,1351.82638525438,895.868078729305,1169.13251388832,1059.89296677414,1336.54703772369,1179.86986841934,1245.43789843108,1161.56056343118,1155.04824681211,953.695820052747,1609.54419954919,844.423514009532,1257.45783080289
1076.89336635888,1031.80420949921,863.752450452742,878.647434947324,1047.04388217714,1217.70209787239,631.343728432444,865.092263458684,988.886441149254,1162.94081836899,1062.33974053577,893.162072902366,775.199425428497,1007.12520441309,591.099168408271,873.080864784287,868.184639450681,1176.15951430342,895.868078729305,624.50294795944,702.487981927729,1336.54703772369,944.896922259761,1172.98310135099,1070.46101843852,1155.04824681211,948.94594229215,946.562231074386,844.423514009532,1257.45783080289
894.397183735523,928.153739041459,642.280493541442,720.463712414163,925.099396766902,1054.03278387818,631.343728432444,760.263589789427,837.68803983716,886.597769962827,919.757817409328,619.167554321381,775.199425428497,1007.12520441309,591.099168408271,846.747683970618,868.184639450681,836.699900425539,737.77263074418,624.50294795944,702.487981927729,801.914236336923,510.577354381773,940.695001003378,695.41391368072,1155.04824681211,803.041079273782,925.908542923543,719.958158270951,874.600772293405
583.149517450728,772.934625848401,539.843557444278,555.231014243461,646.804932666791,811.325481338972,631.343728432444,642.92033501442,689.017271326087,717.868133513116,794.320017491683,571.703619774347,617.042855611312,966.996448063016,591.099168408271,594.845142997788,654.393194831406,589.344601597503,552.032060791414,605.734206027003,456.398472036099,739.847473234788,510.577354381773,840.53727996687,695.41391368072,712.90166543426,493.200533649894,912.446445409747,701.297355260342,851.193248272559
467.070029865928,535.706836018328,494.256724839633,436.744168859091,477.007721242619,498.242138443911,435.61304301468,466.43769873677,435.267595964548,418.090277918837,366.377119344507,363.869044555146,393.493181664011,516.371647646997,565.243970480557,428.73569459813,447.441192919115,385.238993522754,436.147034489002,422.087692523592,424.871103180321,424.658398267169,453.325361639989,475.327897322116,380.749576234924,507.166125177159,421.247359044643,584.77345358185,390.631814821917,587.990135483366
271.623723111766,245.201408201329,241.857702963951,255.832022814363,225.104533248877,275.667017859267,230.488086088362,235.131957314078,270.885822598078,250.244022910112,249.99634090532,230.164447011737,232.364094936404,226.796816089942,246.734809266299,249.878369585998,288.158222530093,241.608850012062,241.271045143209,231.100403169669,235.413153517213,250.759554196732,261.061041145286,254.909061856022,238.358865086636,288.273983649318,236.254229805922,317.361638802372,256.157628609925,225.248281331216
188.472501426666,189.913661604256,185.489523884264,188.100563697662,186.868917381718,187.765781342502,187.840092663111,187.112723315925,185.82405021825,187.213859968584,192.43275319923,184.350950607628,184.88226550283,186.5344393695,187.026647705282,186.906843362902,189.151188261281,186.969215774601,185.739898687365,185.456337291405,184.333770230433,185.784994260579,193.128550974106,188.312559720631,185.98072476314,187.443776592006,187.887471539091,187.934625942398,187.664325664394,185.692770145778
181.79945432259,181.291598843978,181.320957790529,181.343425692784,181.498706041128,181.398788478945,181.562186829546,181.270883901907,181.241565095148,181.304914244452,181.52667034467,181.036360427431,181.354003573727,181.366260449344,181.359553244562,181.382149493041,181.358189310134,181.323921957481,181.454433599089,181.342184263938,181.20997710616,181.477715610707,181.240116555068,181.330750557338,181.242748757959,181.326663046159,181.229992378152,181.192018091966,181.232731381602,181.599541202575
180.827145558736,180.831013234039,180.814219596587,180.823251434542,180.803836521162,180.810862931343,180.803880913209,180.805304894991,180.7993007169,180.809828016465,180.823326004114,180.802771550004,180.805224211447,180.816919641311,180.798510497531,180.810967241682,180.819125882884,180.821007841021,180.80354715567,180.802795726027,180.8134708687,180.817320241058,180.835295256814,180.818464836467,180.816624688207,180.805881260977,180.801835839338,180.801853394909,180.807171469428,180.809015357311
180.781395537844,180.781524893758,180.781450742912,180.781460795636,180.781423924593,180.781552266733,180.781389003651,180.781394646206,180.781392101052,180.781506276216,180.781441715712,180.781366110077,180.781405281363,180.781484244635,180.781377343033,180.781455465872,180.781436534597,180.781439370763,180.781406782577,180.781513596166,180.781411610848,180.781423316116,180.781448396844,180.781430715684,180.781474570548,180.781376829427,180.781367036199,180.781421265937,180.781429301877,180.781502265705
180.781271678609,180.781271679453,180.78127167827,180.78127167861,180.781271678273,180.781271678793,180.781271678434,180.781271678234,180.781271678325,180.781271678455,180.781271678668,180.781271678172,180.781271678498,180.781271678515,180.78127167827,180.781271678302,180.781271678926,180.781271678347,180.781271678552,180.781271678626,180.781271678459,180.781271678459,180.781271679282,180.781271678366,180.781271678316,180.78127167838,180.781271678155,180.781271678346,180.781271678276,180.781271678577
180.781271677747,180.781271677747,180.781271677747,180.781271677747,180.781271677747,180.781271677747,180.781271677747,180.781271677747,180.781271677747,180.781271677747,180.781271677747,180.781271677747,180.781271677747,180.781271677747,180.781271677747,180.781271677747,180.781271677747,180.781271677747,180.781271677747,180.781271677747,180.781271677747,180.781271677747,180.781271677747,180.781271677747,180.781271677747,180.781271677747,180.781271677747,180.781271677747,180.781271677747,180.781271677747
