3709.87076286908,1731.5082613822,1469.85484617079,1244.52391886933,1552.62703416045,972.913737790407,627.221227591629,560.88995639248,1558.35457394226,700.576730400212,1538.99467875973,1046.22195990671,2659.23169830575,1811.74784886937,1842.37904580474,546.380800983484,660.95121568339,2806.1954043789,2448.5061932866,1179.76870293709,2904.04069394946,2076.65353671822,1302.51484711932,724.802134098021,373.612138416965,935.842955513542,3057.93714672116,2122.94072965821,1960.55072126621,537.760352329011
2005.27004975093,1035.64348981286,1469.85484617079,714.736808333779,1552.62703416045,972.913737790407,627.221227591629,370.648193474766,1558.35457394226,700.576730400212,1538.99467875973,1046.22195990671,1725.81960740277,245.127779836714,1244.03460136654,546.380800983484,660.95121568339,2806.1954043789,2229.40594112576,1179.76870293709,699.764912610535,2076.65353671822,1302.51484711932,724.802134098021,373.612138416965,935.842955513542,3057.93714672116,2122.94072965821,1647.83879482395,537.760352329011
1734.94593149681,1035.64348981286,877.422978568462,404.763056743399,583.900571054783,965.852367954532,627.221227591629,298.857115380251,745.997999297383,700.576730400212,1298.06194556459,437.963529869638,1386.98096660359,215.033408275144,1105.91067700766,281.167866285215,315.716107965627,1528.88542797145,700.118925428585,1179.76870293709,699.764912610535,709.499160215897,940.091085462057,421.978151754847,373.612138416965,935.842955513542,1521.03933607352,1876.7548765292,1100.96484435196,287.514712397507
1734.94593149681,920.523433230996,701.946489186993,404.763056743399,583.900571054783,955.525756080514,521.742296711869,298.857115380251,745.997999297383,186.925508876602,1247.82676359258,437.963529869638,848.163109865435,215.033408275144,889.205793914414,281.167866285215,315.716107965627,596.425082903016,700.118925428585,989.772544446585,639.627555603526,408.102204326924,883.766235554004,421.978151754847,373.612138416965,747.327488422587,976.003211939572,766.950303475425,230.774548205349,277.574220563825
877.894455119154,436.122700265541,545.241884507889,249.994276092503,583.900571054783,153.254608177691,312.467912651804,293.593884249429,328.166695281309,186.925508876602,610.012064996768,278.680125117119,457.973819456499,215.033408275144,405.901060719047,139.117661905153,163.46259636803,404.192967787128,533.189938374031,496.69940449197,344.716980256239,314.139545200472,349.069378907664,177.355671090492,373.612138416965,747.327488422587,601.074800436902,610.938863861326,230.774548205349,236.417468736546
305.890678326697,215.652780572874,327.094503372638,108.471406543917,211.941390831933,153.254608177691,126.212754071708,293.593884249429,193.824119134933,186.925508876602,93.4407679115333,182.557710342566,130.808871640792,201.353085026331,264.397634666898,81.2729015046959,112.515210125076,131.190428108721,310.355040958116,269.802808734436,278.827772912278,314.139545200472,124.220179043442,177.355671090492,148.206303310366,90.5854499901637,264.307117670603,491.122456314071,183.598461367508,143.622594003355
130.935887324711,106.506836113589,84.6840577628987,70.8207458663304,72.9442310161357,96.1795436458618,111.553321895235,117.797807414047,67.4637643335088,87.0573821432984,56.2882626773251,111.675718454625,80.0875006917756,142.399389801974,125.136731845011,81.2729015046959,106.118250925344,70.6480935746589,89.9952078425504,106.273514200182,86.2194955456773,154.82327910229,91.7410063291206,104.889895826203,101.019807497745,83.4261959448603,94.3520729456775,128.147050728025,65.0027585032053,99.4614814404595
85.130084936257,90.8081881687838,84.6840577628987,21.7203792019392,50.8945494670788,57.2352951965835,73.1816901028236,78.496352641214,37.1876521108017,31.7614885535693,43.967538340761,51.147667319161,41.4270716816044,51.1663460517341,45.3935530670489,21.4718267470503,37.9316926530617,24.1151186533386,37.3356506323603,72.7053786173722,58.079943519393,49.1014447828926,25.2265273666648,46.9993544662295,45.1265827155709,67.3832728261795,77.3847796425655,74.0121613771863,28.801606227567,77.3093675640503
47.4147139911079,5.84615451306263,3.32210540510152,10.0380750686659,2.43186467936124,7.95982300696346,6.04576718233494,4.29892280375793,2.58934605000866,1.75671475069333,1.67313924849645,6.57438542816715,1.44197493686835,9.66025661338369,1.49045988152704,1.52341561129288,1.97583170698658,9.78750846779178,9.08335076913414,8.57077904754203,1.74255078008514,2.42024361446306,1.45089229990049,0.880333677602664,7.89585845753908,4.47697199831151,1.15525700295541,8.33045962674731,10.6540390444598,12.6085988174993
0.341061819695369,4.1748393749902,0.151084618781454,8.93818193314843,0.14320777506174,4.25928507044244,4.16561398989023,0.249825388945055,0.211422568110834,0.313141544814243,0.228828041843826,4.18057273986528,0.098321520060324,5.42234495435804,0.246443947743956,0.177812522864258,0.330429852106647,8.9678673197543,0.387099326478165,4.00202118823807,0.0463401082669748,0.236396463139613,0.215437565867546,0.144545537567183,4.67237248167504,4.03516390386392,0.095614581272855,0.277568767543983,8.94569691982139,0.285636905750721
0.00201675244500166,3.98668129103612,0.000310441356305091,8.91627758340701,6.65824219936439e-05,3.98686001645189,3.98667156878929,0.000240707003001717,0.000128379195416528,0.000112814218141466,0.000102727661840163,3.98680246103686,7.0610071873034e-05,3.99317412843521,9.37311261850482e-05,0.000121879151265603,9.1292321428682e-05,8.91629668121021,0.000388624429263018,3.98667534853291,5.83866207648498e-05,0.000447453770732409,0.000101249798603931,5.88123185707445e-05,3.98887849738122,3.98684072617613,5.1603404187972e-05,0.000627500759435407,8.91626291008447,0.000243138580401592
4.701490752268e-08,3.98657912666977,1.35240725285257e-08,8.91610197107912,1.20335812425765e-08,3.98657911908776,3.98657911895202,6.20133278061985e-09,6.79443701301352e-09,3.60677177013713e-09,6.61532340018312e-09,3.98657911735256,6.96650204190519e-09,3.98657912869328,7.00498503647395e-09,2.29294983000727e-09,6.57405507809017e-09,8.91610197334666,1.27995463117259e-08,3.98657911789473,3.98847532778746e-09,9.2804270934721e-09,5.94695848121773e-09,1.22366259347473e-08,3.98657914262361,3.9865791140187,7.58359419705812e-09,5.79329366701131e-08,8.91610201631869,1.0118867521669e-08
0,3.98657911234716,0,8.91610192778143,0,3.98657911234716,3.98657911234716,0,0,0,0,3.98657911234716,0,3.98657911234716,0,0,0,8.91610192778148,0,3.98657911234716,0,0,0,0,3.98657911234716,3.98657911234716,0,0,8.91610192778148,0
0,3.98657911234716,0,8.91610192778131,0,3.98657911234716,3.98657911234716,0,0,0,0,3.98657911234716,0,3.98657911234716,0,0,0,8.91610192778131,0,3.98657911234716,0,0,0,0,3.98657911234716,3.98657911234716,0,0,8.91610192778131,0
0,3.98657911234716,0,8.91610192778131,0,3.98657911234716,3.98657911234716,0,0,0,0,3.98657911234716,0,3.98657911234716,0,0,0,8.91610192778131,0,3.98657911234716,0,0,0,0,3.98657911234716,3.98657911234716,0,0,8.91610192778131,0
0,3.98657911234716,0,8.91610192778131,0,3.98657911234716,3.98657911234716,0,0,0,0,3.98657911234716,0,3.98657911234716,0,0,0,8.91610192778131,0,3.98657911234716,0,0,0,0,3.98657911234716,3.98657911234716,0,0,8.91610192778131,0
