1781.42095418663,1520.80613020449,2623.56640002846,3094.85966328389,2029.82580901975,1932.0061009206,1083.6390433727,1271.51554911757,2750.25162851873,1899.73903108045,1296.59897765848,1266.71941436979,2453.98472776074,1773.13189267575,1682.05602238379,1821.63691009879,1806.15554941166,2027.44714965363,3008.67954449454,2096.77727221636,2522.65357894218,2319.7008993991,1272.44411710371,3735.28033460254,2193.74889077405,1186.20938579577,1823.19619965005,2032.90110381941,654.609097020004,1653.1515274308
1207.14434664082,1423.73943025619,1462.5797160296,1267.75227528297,790.537137006187,1932.0061009206,1083.6390433727,821.628235711274,2750.25162851873,1899.73903108045,709.582503184693,914.46325447998,1111.62845265641,1382.98969807774,1234.58803753643,715.980718569439,298.665340310164,1031.15619708491,1618.43706212872,1282.62914097149,1739.47706164539,1754.89223280399,1272.44411710371,2350.50491981707,2193.74889077405,1186.20938579577,826.40741017677,1916.7215701771,654.609097020004,1653.1515274308
269.374376521972,1423.73943025619,1462.5797160296,1267.75227528297,493.521752798146,1076.71968252359,1083.6390433727,462.345046716602,867.608661178889,1109.28957715354,709.582503184693,914.46325447998,950.07682792685,1101.03104773628,833.536115200081,656.901416206956,298.665340310164,850.864309794971,1481.20775746327,831.461209238905,901.930210002336,911.563303494131,536.788711571305,1528.12116183366,1320.15661120824,475.311190226523,826.40741017677,1916.7215701771,458.334453830633,874.714018047401
269.374376521972,1423.73943025619,917.37594114442,1267.75227528297,493.521752798146,730.742970578911,508.588758469262,185.044828920364,867.608661178889,1030.57082239428,416.450917003186,757.451584067779,691.618346472136,1101.03104773628,268.756857761721,526.886439362159,277.123503734888,363.587382719323,965.786091291091,831.461209238905,901.930210002336,354.227794680701,536.788711571305,897.380278539824,1320.15661120824,475.311190226523,542.916767331558,715.121191838847,314.262080228644,579.041694800181
269.374376521972,243.466967137761,265.469383077507,992.040368374865,200.235718329825,589.7156348477,464.53713021209,120.801842954969,578.492176518777,325.342301510214,416.450917003186,757.451584067779,497.596117368234,485.193433816769,268.756857761721,216.082933408981,97.2874409254991,189.339060069029,571.254901477125,465.424011151755,559.655956644345,172.412461840755,309.978445325927,711.838503403089,976.578069538648,346.878148613302,290.399219762875,267.110102193708,112.685554927943,492.559637411596
160.119906085495,99.0025222758753,93.4160591129015,266.823213444535,166.97032712256,93.1573328323759,82.0005043893397,15.5432472051265,306.651549707226,122.976467780676,234.79864020513,576.055581188277,298.246118910027,224.234058230094,177.109384452193,194.514916808732,53.0665878840749,61.8360441978592,218.125951919532,319.374474221214,150.24168032239,60.3337448314735,72.3790946127244,632.768961655981,364.465533540231,148.673287896843,74.3140899326046,142.605862461514,17.6885636384462,176.341451089578
72.2691998849756,99.0025222758753,68.768242320808,266.823213444535,62.5434904994886,40.8127433543192,16.947049931677,6.76173281409297,58.4627938210826,86.6512988516319,58.3081435854639,162.594541025027,169.052316398532,69.777406931687,78.374524163997,50.1261907256734,11.4581886598345,8.43145566009798,18.0285487364132,81.4622461682843,47.1010417809329,5.61084031158282,56.4859425601237,47.8497117238943,87.4882456025122,43.8006715174728,20.0503881561913,43.4321739545684,1.53769914564646,52.2623623269895
14.2882665393937,18.6747049213363,15.8986426941707,22.8425652433843,3.68975439860685,8.35727365485616,13.6937312511214,0.42959100900066,29.9765275318663,22.8921268889612,16.3043502990486,13.1062106155973,17.1132486767765,31.1611409518442,5.79641464724546,3.19437607908526,0.381693218540136,0.724092363328054,12.1739256770592,29.0726543372436,30.2121139675811,0.536118633156548,6.87349620716736,27.7805846778433,9.2800478510012,16.5865422476762,7.15378976824945,20.9193236082745,0.511423377814822,10.3660706540483
1.05416848381662,2.03084218443678,1.50936542628506,2.79839460094979,3.22509513921705,1.65354199266721,1.03988337652811,0.00324305585604634,1.50581349501931,2.81224435386173,1.84182261806473,2.99575624843942,1.53276879369355,2.21351474743744,1.64725223227629,0.956989509805453,0.00704908812713256,0.0213328687841567,1.16102228879606,1.19744913016984,2.70472283978222,0.0114234756265432,1.7941670588109,2.44204572535796,1.06025813922474,1.77996786244205,1.7539038321828,1.66487281420518,0.015435296057376,2.37504332055425
0.122365600561466,0.294176012531807,0.159340774648854,0.19393843547698,0.300677607346415,0.189053768189524,0.146750038673645,3.16610191930522e-06,0.194836933717397,0.255646959151136,0.231708956712737,0.25340074295309,0.135200710772096,0.18523632707047,0.16994277058393,0.136816224213362,4.19780894844735e-06,5.33501224708743e-06,0.257749264875315,0.115216371304541,0.223134119144447,4.34944865901343e-06,0.302301922176412,0.225120482405941,0.229097029248464,0.231924562054587,0.189325010828384,0.227526809894243,1.64634138855035e-06,0.217685847805001
0.00041529811539931,0.000303376800616206,0.000125376991036319,0.000663956300172686,0.000198756693976065,0.00073558716462685,0.000273576172389767,4.4110493035987e-11,0.00101208492026217,0.000352679654838539,0.000139028124635843,0.0004975073204605,9.28206770822726e-05,0.000962789129630437,0.000302672974726192,0.000227716196377514,1.79625203600153e-11,1.9554136088118e-11,0.000196705717144141,0.00025291556130469,0.000827993654070269,2.38742359215394e-11,0.000299447644124484,0.000430392153134562,0.000511050576506022,0.000201329155970598,6.86785527932443e-05,0.000310210294856006,1.38697942020372e-11,0.000306895955986874
1.77079755303566e-08,1.08503854789888e-08,1.00645820566569e-08,2.43053364101797e-08,2.17502247323864e-08,5.75444119021995e-08,5.89045612287009e-09,0,2.23827782974695e-08,4.19682919527986e-08,2.52623522101203e-08,4.53707116321311e-08,1.08108224594616e-08,7.68835661801859e-08,7.31998852643301e-08,5.54540520170121e-08,0,0,6.33992840448627e-08,8.05241597845452e-08,3.47899913322181e-08,0,1.70311977853999e-08,6.24679614702472e-08,1.69499116964289e-08,2.07696757570375e-08,1.24746293295175e-08,4.74760781798977e-08,0,6.04773049417417e-08
0,0,0,0,0,0,0,0,0,0,0,0,0,1.13686837721616e-13,0,0,0,0,0,0,0,0,0,0,0,0,0,0,0,0
0,0,0,0,0,0,0,0,0,0,0,0,0,0,0,0,0,0,0,0,0,0,0,0,0,0,0,0,0,0
0,0,0,0,0,0,0,0,0,0,0,0,0,0,0,0,0,0,0,0,0,0,0,0,0,0,0,0,0,0
0,0,0,0,0,0,0,0,0,0,0,0,0,0,0,0,0,0,0,0,0,0,0,0,0,0,0,0,0,0
