405422133.178366,418825225.46829,355030270.881664,206121897.469992,215512015.935586,996345180.81822,335160015.753249,542637099.883604,184861523.839875,597416363.948395,516286596.094209,268359915.416995,532741389.482235,1034806041.18566,1120050212.0153,1957363932.15427,538878980.298272,1062323300.35093,917775851.580117,449348116.711843,885367144.442657,1290892970.94045,604000426.912139,354122868.253496,276360600.090322,645423815.384895,1392545867.32588,531887794.147677,553916749.580341,1878837289.15101
11448298.5714861,267427228.387427,321256316.208481,206121897.469992,125906302.465102,633944280.037825,218880335.39406,211526878.256187,184861523.839875,597416363.948395,516286596.094209,268359915.416995,278399284.626742,1034806041.18566,353451003.174245,1957363932.15427,538878980.298272,779926893.554294,913082992.480832,319376376.324957,885367144.442657,1290892970.94045,604000426.912139,354122868.253496,276360600.090322,124273333.572204,255351672.181482,531887794.147677,350810149.330977,1230893733.08915
11448298.5714861,237623258.235671,139600089.204712,74797067.2788097,45129909.2307038,602073236.056128,218880335.39406,181009516.671343,184861523.839875,81362059.0587239,360754573.910078,268359915.416995,278399284.626742,651670693.805804,74112748.0457596,270287137.132896,305973705.449666,274350165.753971,82231824.6159951,19539674.2560775,301302653.345444,608227772.82036,604000426.912139,354122868.253496,128863795.107231,100273408.96635,255351672.181482,161473288.768573,130555540.69913,295223917.959385
11448298.5714861,210222835.827681,63257127.5770646,74797067.2788097,45129909.2307038,207472332.02251,218880335.39406,151372250.359881,120263946.561402,81362059.0587239,360754573.910078,184457808.06772,278399284.626742,128368819.610279,74112748.0457596,270287137.132896,305973705.449666,34878268.4804537,82231824.6159951,19539674.2560775,301302653.345444,454064368.372154,99154465.3387001,220692691.756929,128863795.107231,100273408.96635,255351672.181482,161473288.768573,130555540.69913,241167856.829352
11448298.5714861,40592424.7670878,63257127.5770646,52221686.4024184,45129909.2307038,119956447.506192,107911156.487983,143288483.890753,63362251.0911716,81362059.0587239,360754573.910078,92572741.2615414,46766083.2878672,33195070.9122394,74112748.0457596,74211389.0332735,85899926.486256,34878268.4804537,82231824.6159951,8403908.38732889,301302653.345444,42819699.9187286,29537980.9135725,17733551.5688961,103053966.115119,45985641.3093416,167157126.854472,13026887.7999364,123124577.58066,46996340.3000032
11448298.5714861,40592424.7670878,12802213.5167223,16737817.8194948,6268628.70562026,14162356.1222647,28796182.381726,17007125.1851733,16236011.1238748,4528452.56401507,28058861.8621775,60727349.268198,34840812.4880986,5168613.12961352,3981497.66815104,65906991.8694701,43476615.3644729,3660014.67336355,82231824.6159951,6889715.09781419,56975482.6505485,5886498.79103512,9302785.0080153,17733551.5688961,103053966.115119,8375288.9148048,12172311.0871328,13026887.7999364,28811144.5942845,3623015.31994632
439851.543335554,4172999.2351238,503202.621153603,1046491.89180298,2799524.29810789,1677237.09243495,3078609.22582324,418968.392493754,2955430.4508755,1701126.72615617,651546.185960825,10209654.5898589,8187924.62540248,5168613.12961352,1327617.91931635,12350702.9023725,2350431.89861133,390501.448830067,10573272.6833536,1880689.18411195,9414854.83724936,3046972.26914758,7485888.25326034,2196247.28084937,698107.615577478,8042881.24171767,2039870.01830144,1620239.00818908,727219.634072395,979117.433783021
340528.417098799,365028.851426435,144013.103935479,57384.1123133523,44271.763765617,222854.418833893,424508.201955737,193187.919424364,150923.445828347,193086.287005514,521861.172344279,612475.888381924,387871.223728268,806969.092470961,988767.429360243,8350.63188939658,954511.186854701,175749.576425612,320714.206821646,111263.413485946,2527014.93332216,255233.733941625,50890.0939986809,92010.6676553152,698107.615577478,94423.6366714531,190482.271652603,595644.172053527,472443.606721968,120550.665355215
10496.6162161127,20964.1345534598,702.654666171282,1562.40213695974,9687.07335694047,8305.23242673151,4006.86852262455,6522.22835853117,4121.87218918776,2475.98590783095,10512.6075258034,685.410033298195,7586.83320821024,8346.47722758215,10592.1773611478,8350.63188939658,13303.6291426759,1185.45861482168,19533.2573297329,5249.20050653675,37213.1378028355,3570.87789742905,5068.61594128177,863.873929485896,7923.31540441515,6473.77266222165,8992.67776681814,3406.15382937664,6720.89680005022,3552.71290365957
56.3457627433663,658.120905571565,177.522175645762,77.0429680674565,115.41950811709,108.573904827379,145.102017296997,79.6269061032749,120.20836171615,138.724322152988,117.539101357753,184.22554081591,99.862564811471,95.1617585140523,193.480964087313,161.049671426649,460.529671775755,83.5203424842221,344.141950787817,129.12262197029,199.220821959638,64.6925147168845,68.8160999314391,73.0092033635613,269.188724050152,150.053246027134,93.6251470958712,60.1102160659652,211.19688308921,111.144360386049
1.46282648828219,14.7818730718811,41.2932217346913,20.2369325220125,8.5260363420723,32.9071899980261,36.6013652889469,9.46366015264107,22.5550521005214,12.795613180612,9.92187860216222,42.9492942422735,17.2685332897861,33.1775635624106,57.6867040537506,9.01779236155153,8.68192784634243,7.9520921391927,32.9361347009558,24.8456009792042,18.5167837055008,4.51755694200938,23.677296047942,7.34852605934702,70.483042061795,61.6990552569787,32.6367836279298,1.88227319707426,48.04277308668,58.2648447383895
1.13954162289133,1.16835824136342,9.3971796803919,1.23413597412809,5.07775252306237,5.23703605653395,13.0357996766529,1.22294002754279,9.99990872104058,9.26135600142538,5.20529473643296,17.0289875370074,2.3685155499968,10.0391500332175,17.0992857228048,5.47500433040477,1.10806310379962,4.00940521463258,4.1747714644107,8.11721134008849,5.19241451592529,1.38124232181508,16.3360514779424,5.0178541386199,10.1909668465307,58.6479228982012,0.478642729343392,1.15997214221966,34.2243985007408,13.0542740686205
1.12112117803917,1.13428264612321,9.30672693654105,1.20231104679237,5.05398966088137,5.23703605653395,13.0199606403378,1.17955279565263,9.96391718688642,9.2388909197482,5.1927370846563,16.9874591838407,2.3685155499968,9.98870880779214,17.0545285279584,5.47479025102189,1.06736320136042,3.98520161240572,4.1206220573747,8.07798847870959,5.16930262767301,1.36572435137191,16.3005290362314,5.00794238037679,10.0964398478202,58.6477413537757,0.45613074208859,1.1448797711098,34.2234754692047,12.9680774889935
1.12081301738067,1.13332098334581,9.30432872890697,1.20124771534961,5.05344605545383,5.23703605653395,13.0194616197734,1.17808353175724,9.96341745044538,9.23849423843308,5.19193204178873,16.9867409116957,2.3685155499968,9.98770512101805,17.0534357831832,5.47479024764743,1.06663663971108,3.98477610137138,4.11953654935178,8.07720593322506,5.1687489752419,1.36516564139129,16.2996882909606,5.00754261062752,10.095569329929,58.6477413516184,0.455635806956934,1.1441584697402,34.223475466762,12.9670168205955
1.12081281843052,1.13331803611527,9.30432264544606,1.20124611940469,5.0534432147756,5.23703605653395,13.0194609677208,1.17808079340784,9.96341534372186,9.23849299559174,5.19193048905913,16.9867389874566,2.3685155499968,9.98770287500543,17.05343212403,5.47479024764743,1.06663453346778,3.98477320709958,4.11953471488005,8.07720429086771,5.16874812934429,1.36516459766176,16.299686665654,5.00754087723749,10.0955668482793,58.6477413516184,0.455634263284992,1.14415784698599,34.223475466762,12.9670047767397
1.12081272450268,1.13332227309184,9.3043276676874,1.20124763611011,5.05344312151601,5.29395331000865,13.0194632592975,1.17808051238603,9.96341529302299,9.23849299693302,5.19193037879268,16.9867389737651,2.37400436042526,9.98770292504537,17.0534320753336,5.47479024764743,1.06663572585217,3.98477320481879,4.11953466968271,8.07720977096596,5.16874959895063,1.36516454096659,16.2996866641354,5.00754313805169,10.0955713604262,58.6477413516184,0.455635772374762,1.14415779841329,34.223475466762,12.9670083137376
