211.079333627676
100.315094549887
100.396310361131
217.420797281199
100.31017335959
213.598278184572
100.352797550322
100.319609312871
100.312911406489
100.326022303265
100.286988930882
3.63370464298077
100.300276791855
100.302437525944
218.490491067686
16.0082971774036
100.353827890001
209.482894528331
100.276106042182
100.295811654491
7.84114515131159
215.22969091497
3.69615283325038
100.270807449684
100.355024375435
215.233054543062
100.30468522747
100.309423970561
100.380451143146
100.297544347646
