51.003289031345
13.7721713379772
48.0931678231066
17.0617667298698
41.767808287997
15.2450375246769
14.5328936139626
14.2134173327779
15.0882025765809
52.0273842363297
78.9142133902044
49.9373842279374
98.6976398987417
13.8765884971285
24.2985577103368
34.4092327178444
20.1260725826241
49.0935810652002
61.040950502276
23.0960404075474
14.4643177219305
30.0266647191795
46.80422653504
63.0188996217601
43.341103415371
49.9597666680427
50.3387515269599
33.1526876660428
28.0075412924891
35.9885265107725
