21.3074139472208
21.6191599905865
21.3328751395404
0.312173256564847
0.312173256641927
1.61930556926472
9.41099642659537e-10
19.9846785205934
20.6250785737859
0.312173257314498
21.3080073552449
23.6094195146604
20.3095859116011
1.98991811484916
22.6118815242835
21.5945888846868
20.6213717704811
23.1323745559973
1.61930556958578
1.30713231353525
26.2836640223227
20.3121761223856
22.3021382327693
20.624993468879
20.9952639646851
2.30239161544614
21.6537525991901
21.984427592135
23.2973923566935
20.00056915133
