0.0140160738762916
20.7044010600264
0.994959057406732
1.04518614042399
0.625044270343778
0.624099320574487
2.54453880188521e-09
0.307303963831828
1.61905837903259
1.28466126625426e-10
0.624099321589938
1.61905837982044
21.0303680747679
0.624099320690675
1.91563208065782
1.61905837770428
1.61905837848599
20.0521170061099
0.0436774156785305
20.0000636941704
0.624099321747508
0.62409932095693
0.624099321481708
0.624353163956584
1.61905837823724
20.005735702269
24.6060737022488
2.64500486460815
0.624099321213407
1.00312717354313
