269.163905987535,303.52567418396,282.663546883448,256.681819759318,275.689255588597,256.606146135101,297.211695789827,239.549166931117,249.211558358155,213.767014052185,212.379756276896,236.586148491433,280.12436464455,244.360178500819,293.41925920244,237.322709945858,291.229900763799,276.955134073622,263.822766301889,242.080619255062,233.004354390324,268.156709092101,332.112833106317,219.727623926677,198.561449339997,214.97928612311,349.888435029479,247.191057926076,263.590738804905,256.953419920525
214.299719234603,202.930674499561,206.630252188913,183.72327721629,219.345536616329,181.348047938544,189.396135237779,177.133473879305,202.339089406613,184.844438081837,200.327561475446,199.215303482322,183.811357810973,184.103882057012,229.537952130998,190.557333161713,210.556768720577,215.436435390598,189.398124985382,193.374501225143,184.476301072797,185.761243782006,216.042597418691,198.44527556204,178.905469943353,195.583992107565,262.461551835848,186.062830101799,180.3719504899,205.86789032778
174.393673790762,175.279092355868,176.339007857929,173.671643314976,183.925855074116,172.503302137767,172.476468221751,172.966035287969,175.972784537469,171.066843688414,172.360834581738,185.899581142919,171.039818831244,175.116660762956,176.313418898061,176.331205809768,174.168166371244,179.58062013321,172.464583071373,170.899720788377,173.22674193082,178.343315427632,177.028521905927,181.523606458897,172.511888824638,184.095846422879,233.658138503775,175.039198620797,169.107709062924,176.704781004329
167.035684238125,166.215272457568,165.855058678462,166.504746326548,166.796687803841,165.64360026605,166.371633259736,165.954968032147,165.734550819866,165.302917435812,165.723565476556,176.771876746126,165.396236748974,170.094212860608,165.748325961777,165.989785662327,168.487796430381,168.340845374098,166.991415299435,165.455548719844,165.6113355999,165.566089921153,170.108273086965,171.909961719435,166.304575542352,169.609705584682,170.429439662504,166.870894791743,165.339769093522,165.479048086302
164.931888917071,165.21653310238,164.922911391358,165.218464022802,164.932720232603,164.92285449015,165.217445398922,165.214996172538,164.931512686909,164.931313536817,164.922637701556,175.853959715304,164.932233708502,169.0346473871,164.92294092063,164.931619615073,167.58830651809,164.932158250998,165.218044194253,164.931612990572,164.922239943369,164.932315056485,166.47906885426,170.582157869765,164.932042564354,168.483259011718,166.60947047017,164.922648704588,164.922583810515,164.931818084652
164.931007903827,165.212605784476,164.921941569924,165.212605730653,164.931007905336,164.921941568794,165.212605781463,165.21260573142,164.931007904686,164.93100790345,164.921941569426,175.852593932028,164.931007904704,169.034196017751,164.921941569719,164.931007904584,167.584571709434,164.931007905465,165.212605760824,164.931007903596,164.921941569422,164.93100790569,166.474258848293,170.579830410738,164.931007904672,168.477333600924,166.593785339765,164.921941569773,164.921941569714,164.931007905146
164.931007902907,165.212605597669,164.921941568,165.212605597665,164.931007902907,164.921941568,165.212605597669,165.212605597669,164.931007902907,164.931007902907,164.921941568,175.852593925677,164.931007902907,169.03419601716,164.921941568,164.931007902907,167.584571593707,164.931007902907,165.212605597666,164.931007902907,164.921941568,164.931007902907,166.474258737327,170.579830407843,164.931007902907,168.477333354647,166.593784869257,164.921941568,164.921941568,164.931007902907
164.931007902907,165.212605597661,164.921941568,165.212605597661,164.931007902907,164.921941568,165.212605597661,165.212605597661,164.931007902907,164.931007902907,164.921941568,175.852593925677,164.931007902907,169.03419601716,164.921941568,164.931007902907,167.584571593696,164.931007902907,165.212605597661,164.931007902907,164.921941568,164.931007902907,166.474258737325,170.579830407843,164.931007902907,168.477333354637,166.593784869251,164.921941568,164.921941568,164.931007902907
164.931007902907,165.212605597661,164.921941568,165.212605597661,164.931007902907,164.921941568,165.212605597661,165.212605597661,164.931007902907,164.931007902907,164.921941568,175.852593925677,164.931007902907,169.03419601716,164.921941568,164.931007902907,167.584571593696,164.931007902907,165.212605597661,164.931007902907,164.921941568,164.931007902907,166.474258737325,170.579830407843,164.931007902907,168.477333354637,166.593784869251,164.921941568,164.921941568,164.931007902907
164.931007902907,165.212605597661,164.921941568,165.212605597661,164.931007902907,164.921941568,165.212605597661,165.212605597661,164.931007902907,164.931007902907,164.921941568,175.852593925677,164.931007902907,169.03419601716,164.921941568,164.931007902907,167.584571593696,164.931007902907,165.212605597661,164.931007902907,164.921941568,164.931007902907,166.474258737325,170.579830407843,164.931007902907,168.477333354637,166.593784869251,164.921941568,164.921941568,164.931007902907
164.931007902907,165.212605597661,164.921941568,165.212605597661,164.931007902907,164.921941568,165.212605597661,165.212605597661,164.931007902907,164.931007902907,164.921941568,175.852593925677,164.931007902907,169.03419601716,164.921941568,164.931007902907,167.584571593696,164.931007902907,165.212605597661,164.931007902907,164.921941568,164.931007902907,166.474258737325,170.579830407843,164.931007902907,168.477333354637,166.593784869251,164.921941568,164.921941568,164.931007902907
164.931007902907,165.212605597661,164.921941568,165.212605597661,164.931007902907,164.921941568,165.212605597661,165.212605597661,164.931007902907,164.931007902907,164.921941568,175.852593925677,164.931007902907,169.03419601716,164.921941568,164.931007902907,167.584571593696,164.931007902907,165.212605597661,164.931007902907,164.921941568,164.931007902907,166.474258737325,170.579830407843,164.931007902907,168.477333354637,166.593784869251,164.921941568,164.921941568,164.931007902907
164.931007902907,165.212605597661,164.921941568,165.212605597661,164.931007902907,164.921941568,165.212605597661,165.212605597661,164.931007902907,164.931007902907,164.921941568,175.852593925677,164.931007902907,169.03419601716,164.921941568,164.931007902907,167.584571593696,164.931007902907,165.212605597661,164.931007902907,164.921941568,164.931007902907,166.474258737325,170.579830407843,164.931007902907,168.477333354637,166.593784869251,164.921941568,164.921941568,164.931007902907
164.931007902907,165.212605597661,164.921941568,165.212605597661,164.931007902907,164.921941568,165.212605597661,165.212605597661,164.931007902907,164.931007902907,164.921941568,175.852593925677,164.931007902907,169.03419601716,164.921941568,164.931007902907,167.584571593696,164.931007902907,165.212605597661,164.931007902907,164.921941568,164.931007902907,166.474258737325,170.579830407843,164.931007902907,168.477333354637,166.593784869251,164.921941568,164.921941568,164.931007902907
