363.300301401704,362.257352128195,374.041996873157,369.783228355949,381.298051518288,412.541460327553,329.652780523013,380.281209756177,374.312314148704,343.8188749374,402.472412325198,418.537109579359,329.845306557534,385.364966085775,426.364651221826,372.379152439688,375.108100719868,364.846439279261,379.136710350279,391.395278520192,412.75010366719,454.27355085271,299.52534601767,394.37455510886,351.355958439193,460.030713302316,423.164646214868,397.470182638161,376.528673707069,353.785703965315
267.320428936385,299.721413006232,264.054508688095,275.02876877914,301.500235063045,271.954959004376,255.92025163948,313.542094630953,247.733115846776,260.769553912033,274.140038363795,337.672261343145,248.794937234496,311.314630004955,353.918968341798,285.883201631286,274.934907230179,260.204946598094,265.664551451805,309.543727297638,341.467519420224,282.739064997789,267.227945488012,300.206886817833,262.760458306643,328.330200895206,318.817857034408,307.807631876904,284.297860468043,247.475853063057
237.455292255598,241.830120150257,239.075748449539,236.319575303644,237.174917390728,244.341661334194,236.228646149276,266.113903433938,232.565125158886,237.784183207007,240.636028782254,257.201508510893,231.797908848067,236.061632335825,256.315365828357,236.63898274759,236.607745307995,237.011096030982,239.233003342181,244.894135110912,237.570730436878,242.59257693985,234.63745736448,238.695917340336,236.568647484473,245.309077729764,254.925093382512,243.758420165464,235.113489588898,235.802198113203
230.021980969172,230.366154130121,230.34780538453,230.111643737495,229.869064464485,230.804000290959,230.066777341814,230.927530792018,229.912183562398,229.887857782752,230.220553576237,230.723733873976,229.873795712791,230.394507162259,230.76141345585,230.235647184092,230.087706509305,230.215176976845,230.549723813539,230.136524224255,230.078845199406,231.043484139037,230.145237064241,230.349594136174,230.071866956993,230.699772228047,231.258749565424,230.891889742138,230.16249132349,229.762128687084
229.28950412566,229.292434616493,229.291766877663,229.292126878359,229.295060181033,229.294775406921,229.288529996633,229.293828694194,229.288343947237,229.289590729351,229.293923705393,229.294587364858,229.290400988153,229.292641823849,229.297657655488,229.290483728082,229.288770380963,229.294474585094,229.287882258991,229.290408478526,229.291118202549,229.297095241369,229.289481608615,229.294135308915,229.296302527191,229.296560913411,229.301565313814,229.293406351459,229.296064380602,229.289269589431
229.284383143561,229.284383671759,229.284383252966,229.284383184263,229.284384538478,229.284383969373,229.284383387605,229.284384228234,229.28438319224,229.284383300641,229.284383597748,229.284383916946,229.28438308745,229.284383900913,229.284383745059,229.284383393708,229.284383220027,229.284383878776,229.28438373671,229.284384116614,229.284383583833,229.284383921851,229.284383193229,229.284383288985,229.284383612699,229.284383741291,229.284384153655,229.284384214706,229.284383602771,229.284383059252
229.284382708527,229.28438270863,229.284382708553,229.284382708563,229.284382708638,229.284382708591,229.284382708557,229.284382708627,229.284382708576,229.284382708579,229.284382708612,229.284382708656,229.284382708518,229.284382708545,229.284382708656,229.284382708593,229.284382708558,229.28438270854,229.284382708577,229.284382708662,229.284382708586,229.284382708616,229.284382708516,229.284382708548,229.284382708584,229.284382708641,229.284382708566,229.284382708619,229.284382708609,229.284382708558
229.284382708487,229.284382708487,229.284382708487,229.284382708487,229.284382708487,229.284382708487,229.284382708487,229.284382708487,229.284382708487,229.284382708487,229.284382708487,229.284382708487,229.284382708487,229.284382708487,229.284382708487,229.284382708487,229.284382708487,229.284382708487,229.284382708487,229.284382708487,229.284382708487,229.284382708487,229.284382708487,229.284382708487,229.284382708487,229.284382708487,229.284382708487,229.284382708487,229.284382708487,229.284382708487
229.284382708487,229.284382708487,229.284382708487,229.284382708487,229.284382708487,229.284382708487,229.284382708487,229.284382708487,229.284382708487,229.284382708487,229.284382708487,229.284382708487,229.284382708487,229.284382708487,229.284382708487,229.284382708487,229.284382708487,229.284382708487,229.284382708487,229.284382708487,229.284382708487,229.284382708487,229.284382708487,229.284382708487,229.284382708487,229.284382708487,229.284382708487,229.284382708487,229.284382708487,229.284382708487
229.284382708487,229.284382708487,229.284382708487,229.284382708487,229.284382708487,229.284382708487,229.284382708487,229.284382708487,229.284382708487,229.284382708487,229.284382708487,229.284382708487,229.284382708487,229.284382708487,229.284382708487,229.284382708487,229.284382708487,229.284382708487,229.284382708487,229.284382708487,229.284382708487,229.284382708487,229.284382708487,229.284382708487,229.284382708487,229.284382708487,229.284382708487,229.284382708487,229.284382708487,229.284382708487
229.284382708487,229.284382708487,229.284382708487,229.284382708487,229.284382708487,229.284382708487,229.284382708487,229.284382708487,229.284382708487,229.284382708487,229.284382708487,229.284382708487,229.284382708487,229.284382708487,229.284382708487,229.284382708487,229.284382708487,229.284382708487,229.284382708487,229.284382708487,229.284382708487,229.284382708487,229.284382708487,229.284382708487,229.284382708487,229.284382708487,229.284382708487,229.284382708487,229.284382708487,229.284382708487
229.284382708487,229.284382708487,229.284382708487,229.284382708487,229.284382708487,229.284382708487,229.284382708487,229.284382708487,229.284382708487,229.284382708487,229.284382708487,229.284382708487,229.284382708487,229.284382708487,229.284382708487,229.284382708487,229.284382708487,229.284382708487,229.284382708487,229.284382708487,229.284382708487,229.284382708487,229.284382708487,229.284382708487,229.284382708487,229.284382708487,229.284382708487,229.284382708487,229.284382708487,229.284382708487
229.284382708487,229.284382708487,229.284382708487,229.284382708487,229.284382708487,229.284382708487,229.284382708487,229.284382708487,229.284382708487,229.284382708487,229.284382708487,229.284382708487,229.284382708487,229.284382708487,229.284382708487,229.284382708487,229.284382708487,229.284382708487,229.284382708487,229.284382708487,229.284382708487,229.284382708487,229.284382708487,229.284382708487,229.284382708487,229.284382708487,229.284382708487,229.284382708487,229.284382708487,229.284382708487
229.284382708487,229.284382708487,229.284382708487,229.284382708487,229.284382708487,229.284382708487,229.284382708487,229.284382708487,229.284382708487,229.284382708487,229.284382708487,229.284382708487,229.284382708487,229.284382708487,229.284382708487,229.284382708487,229.284382708487,229.284382708487,229.284382708487,229.284382708487,229.284382708487,229.284382708487,229.284382708487,229.284382708487,229.284382708487,229.284382708487,229.284382708487,229.284382708487,229.284382708487,229.284382708487
