91.2922131272189,107.692179458047,111.917874137813,105.370215000429,104.975725197963,125.396467455208,82.8408362109635,75.365432018657,102.278578476187,111.34344258351,82.4797881813902,95.0505200792149,90.4556901505512,83.7080787544892,100.929785902504,63.2433128117045,58.2171476126473,78.326271853713,92.082130074471,69.9507862238283,77.4264493204141,98.1164753410189,66.4089249774943,74.7618126458806,96.1518099518635,91.9024745066549,84.7423014818214,65.958524074349,62.7376911383249,108.708622003055
91.2922131272189,64.8096570939633,85.5245252151012,98.6712216937713,71.2872181612524,81.628152407578,82.8408362109635,53.6492293494748,96.4047380140728,85.3793007109516,58.7944097942918,63.4557951473184,86.3845249379665,66.5454272258803,78.0214861568024,63.2433128117045,58.2171476126473,58.079982587225,65.4498231037783,50.7150874923627,60.7139870883593,67.6339902229811,63.0411607949759,60.8885802836794,96.1518099518635,39.6248471504384,51.7922542033225,60.0695105388832,48.8104362190857,62.4304135757293
52.1437387420087,64.8096570939633,75.2642098496958,57.4896722361054,51.2411235721706,58.6404255381858,82.8408362109635,53.6492293494748,73.6315069120678,64.1272728321064,49.3877390181487,63.4557951473184,77.6191705793381,66.2159727985636,66.7141386609978,55.649426052601,58.2171476126473,45.9758307816496,59.4309732255306,50.7150874923627,60.7139870883593,57.3832547173001,54.9079753717924,56.965265596084,82.2413517397777,39.5970073705012,51.7922542033225,37.7594819211067,48.8104362190857,62.4304135757293
47.9926082775178,41.1456999819402,59.8837206775656,57.4896722361054,43.663625233635,27.3443758258531,58.3536829278432,29.106457461558,44.5681137524712,38.1874786226806,49.3877390181487,62.7465711759564,39.8091264785874,49.9591365729748,57.1328353173681,39.3485094753014,58.2171476126473,20.5556811335111,51.6388085535141,50.7150874923627,36.773743520683,57.3832547173001,50.51517169719,29.3890930886514,34.2091990017125,28.9686800276113,47.9647668445775,24.172056024664,48.8104362190857,46.5256013919184
20.627078527021,21.3348056347345,38.3445314950302,32.1296188465444,20.187718746638,26.3975240796806,25.3219892086649,13.4634616426006,16.4541749336188,18.0745863936886,14.1173173842064,26.4025922610526,15.7501438649942,17.5439654856318,51.0548730752053,10.3231221073415,25.4988049366264,9.54870553497312,34.2743093947201,37.7835995463097,13.0054268923061,26.4593342203077,22.0050542939621,22.8419113536461,15.4785141895052,28.9686800276113,25.4300283240093,10.62828340497,9.55309779313552,26.9264659411406
2.23446591690413,2.91568273060352,4.65684006618994,24.1926383861407,4.06388661097162,26.3975240796806,22.7734712742981,13.4634616426006,1.69021528618123,0.711085403141624,14.1173173842064,3.05923781272031,0.791153290475222,0.0802144137326195,23.9930448590285,10.3231221073415,0.333628049927711,9.54870553497312,5.20859771662208,4.74643854732949,2.27439347650284,22.2257485057482,11.3729139303823,22.2740710257992,0.112434334978843,28.9686800276113,21.1803785912848,10.62828340497,9.55309779313552,22.6415684312367
1.75465547647605,1.90275272319423,3.16152570950931,22.23360807319,3.28364265938649,26.3975240796806,22.0605922229552,13.4634616426006,1.61920246373575,0.624520650765135,14.1173173842064,0.699291575277584,0.624897510693245,0.000346609252346752,22.0998976725816,10.3231221073415,0.00669577814392142,9.54870553497312,3.41215888352826,2.8580147544651,1.97910360502351,22.129379241401,11.3729139303823,21.1294253226606,0.000256276700838498,28.9686800276113,2.63615438310899,10.62828340497,9.55309779313552,22.1097574436042
0.431696859014664,1.32920962974435,2.78730554431399,21.6702444076168,2.83669101678538,26.3975240796806,21.8183126083736,13.4634616426006,1.61905838724283,0.624099454304996,14.1173173842064,0.624420542420467,0.624100014363648,1.48968183566467e-07,21.4179936540104,10.3231221073415,6.13640622759704e-07,9.54870553497312,2.74467456785237,2.71886709801083,1.32563146289999,21.8050032015205,11.3729139303823,21.0904853161678,3.02236458082916e-08,28.9686800276113,0.976511175151018,10.62828340497,9.55309779313552,9.49970451842387
0.00133343700940713,1.32920962974435,2.02828862548381,21.0512082562602,2.83669101678538,26.3975240796806,21.6398781863581,13.4634616426006,1.61905837949189,0.624099322867551,14.1173173842064,0.624099433027141,0.624099326228134,2.1921096049482e-09,20.7779370887608,10.3231221073415,4.05543687520549e-09,9.54870553497312,2.48111807125247,2.63304357911784,1.23704722156026,21.8050032015205,11.3729139303823,11.1673639607393,1.27397470350843e-09,28.9686800276113,0.64893840507375,10.62828340497,9.55309779313552,1.30747022588253
1.86867259799328e-06,1.32920962974435,1.98995541737872,21.0512082562602,2.83669101678538,21.9113126619559,21.6398781863581,5.13636952364959,1.61905837949189,0.62409932129458,5.00264477320161,0.624099321543781,0.624099321577205,3.75621311832219e-10,20.7107687797802,0.91043756878571,4.04770617024042e-09,0.227153766275705,2.48111807125247,2.57164212191651,1.23704722156026,21.8050032015205,11.3729139303823,11.1673639607393,4.52246240456589e-10,22.6790135547114,0.434506512896633,1.60494362702116,6.31014473792334,1.30226491802068
1.88356352737173e-09,1.32920962974435,1.98991811739461,4.83136610511838,2.63751676530273,21.6030605766157,21.2219817902824,1.75341343582522,1.61905837898075,0.624099321166113,2.11567474046637,0.624099321051517,0.624099321577205,1.25965016195551e-10,20.6783751303867,0.624099338945598,4.04770617024042e-09,1.20674030767987e-08,2.36408836408509,2.57164212191651,1.23704722156026,21.8050032015205,1.61906084445036,11.1673639607393,4.52246240456589e-10,21.1719982012426,0.434506512896633,8.31049578664533e-06,0.9949593538106,1.30226302007873
1.37333699967712e-09,1.32920962974435,1.98991811559267,1.82804962125192,2.63751676530273,20.7051013884252,21.2219817902824,1.08302357836669,1.61905837834342,0.624099320685673,0.637262000496548,0.624099320856885,0.624099320832556,1.25965016195551e-10,20.6783751303867,0.624099321201811,4.04770617024042e-09,2.4845121515682e-09,2.36408836408509,1.99212945022941,1.23704722156026,21.8050032015205,1.61905837949553,11.1673639607393,9.39053279580548e-11,21.1719982012426,0.434506512896633,3.81214704248123e-09,0.994959058533823,1.30226302007873
1.37333699967712e-09,1.1662955225047,1.98991811540532,1.79548029193461,2.63751676530273,20.7051013884252,21.2219817902824,1.08302357836669,1.61905837793461,0.624099320685673,0.624099325522138,0.624099320856885,0.624099320820505,1.25965016195551e-10,20.6783751303867,0.624099321020367,4.04770617024042e-09,2.25577423407231e-09,2.36408836408509,1.9899233680726,1.23704722156026,21.8050032015205,1.6190583780899,11.1673639607393,9.39053279580548e-11,21.1719982012426,0.344410516678863,7.5556272349786e-10,0.994959058533823,1.30226301766697
1.37333699967712e-09,0.628699773556036,1.98991811540532,0.648509724069299,2.02135157736507,20.7049571058787,20.6431766542655,1.08302357836669,1.619058377805,0.624099320569258,0.624099321705444,0.624099320736605,0.624099320820505,1.25965016195551e-10,20.6241345499329,0.624099321020367,4.04770617024042e-09,1.22486198961269e-09,2.04782331196998,1.9899181169535,0.624302836427205,20.9952257910538,1.61905837791755,1.20477954542457,9.39053279580548e-11,21.1719982012426,0.00395118348660617,7.5556272349786e-10,0.994959057751203,0.995903666430195
