0.624099322952588
1.61905837824406
2.33080754696857e-09
7.25094650988467e-10
0.994959057216647
0.994959057325104
0.00863401163041999
21.0080432907685
0.994959058474933
9.68611857388169e-10
0.757077300214405
0.624099321566746
1.98991811509859
0.62409932205901
2.6140174347247
2.64844857156277e-09
0.994959057818278
20.0074342929793
2.48292053584009e-10
22.1018283012565
20.0158382860827
0.994959057762117
0.62409932090145
0.994959058231416
0.647399459772032
5.02041075378656e-10
0.629522236729827
0.624099321925087
20.532323790057
0.994959057528149
