24.0676115566225
1.5496274404868
23.5781760275772
3.29144652734203
0.820804976783165
5.84663300700413
3.04489787385455
0.723887671708781
0.189892692870671
4.68348069899821
4.12446627990857
3.79411180978241
24.7406412628111
22.5456919304538
24.1944364229739
23.5285513981012
4.88768092392274
23.8353827779983
4.66920723022986
2.36510459999772
4.06114316730918
4.47690351127039
3.51453427287515
4.02228617532865
23.676946200861
4.63434698820993
24.1306301819336
23.4761219481657
1.84193256301523
3.47601346889087
