329.167949867528,864.849473014541,1250.8660528032,1630.67731677157,1423.7258065238,1935.02925081199,1156.39207181265,2167.31942589878,904.270785249226,1986.38771543262,2585.20896240828,1294.89001041401,1523.35050153055,733.049461305698,1862.99973300775,3251.57270655573,1462.47269528858,2051.90829326633,1400.24921212799,864.801728763486,1782.30763439716,935.311932870309,772.787962176858,1686.62489212706,1217.26025434879,2004.22794569841,2894.84726185251,1586.08350241106,774.69338237268,1802.85965834239
329.167949867528,864.849473014541,1250.8660528032,1269.51494911349,1423.7258065238,1935.02925081199,1156.39207181265,1479.24726070447,653.135480239521,951.814133850285,1984.22565750705,1294.89001041401,1523.35050153055,733.049461305698,1862.99973300775,2491.86597106287,1462.47269528858,592.965497658102,1246.24672424614,864.801728763486,1782.30763439716,769.674727746309,772.787962176858,1527.59846838598,1217.26025434879,2004.22794569841,1286.44132337968,1586.08350241106,774.69338237268,884.782365899481
329.167949867528,390.031263627597,945.409919387613,1190.86137751118,1423.7258065238,1229.98837748129,1156.39207181265,1001.60800394599,188.249978396196,950.78131179231,785.939842338362,1294.89001041401,1523.35050153055,733.049461305698,287.024953363206,2491.86597106287,1106.3157773323,592.965497658102,562.436393084633,510.307092351951,926.209412215358,769.674727746309,741.192019455229,1116.54016350595,672.693548610117,1606.25194894468,885.865261020054,1062.18734007181,774.69338237268,679.086051572983
329.167949867528,390.031263627597,687.954891201518,960.148184529038,588.273891334047,878.338261722706,1117.23795827857,1001.60800394599,186.827041354298,950.78131179231,665.135996667231,449.692790275323,1290.15038477036,733.049461305698,287.024953363206,2026.546331703,1106.3157773323,592.965497658102,297.698453560015,257.118731147564,564.504318924353,748.556368383217,689.928958166209,730.58562266782,598.097373481467,1046.93593222127,805.237713638639,1014.62207012229,550.417050862368,270.21760648426
329.167949867528,390.031263627597,285.845872858909,386.216869640399,588.273891334047,302.779259555453,802.485733323228,740.52517387548,160.687681270698,288.064959410504,210.876846521706,403.589384453879,346.907136640688,713.266402847225,287.024953363206,755.420750735761,401.209877840754,346.25918046394,123.701088821473,193.362630484149,397.47354808896,474.026372084883,511.938527724164,529.714666448168,383.771045852642,649.194669616025,329.779499328691,1014.62207012229,337.42900227215,270.21760648426
329.167949867528,300.464923014692,179.922122214293,194.446032691474,291.309813614263,175.113110810796,180.972573857574,111.713742015769,112.761664774476,94.0899770111218,153.572943831871,169.678003282338,331.760275619937,323.795050857034,287.024953363206,234.006839894893,85.5538054123869,113.949173768762,123.701088821473,63.6889162173285,251.344569467577,146.357875863261,207.834469600018,102.143154764884,221.537968796022,273.830345211652,150.610234232751,208.409283421582,307.880772721816,128.529920281752
163.455186786384,138.899939008142,91.1912462996409,79.4799045150655,104.250191825914,87.1797256367186,96.6579920275321,36.501786636111,105.76703594806,64.2892182930309,82.8651386644993,90.5491055148096,67.843346046526,120.333827029175,109.155792666028,81.7662492372045,71.8717710154937,87.2198967757309,80.331511234813,63.6889162173285,94.8086954937202,59.9063793969481,128.368921208425,80.0079777993352,100.040955821824,162.226267465506,108.694811489654,110.172503531572,67.5065245010513,79.2339661484149
51.0681543700508,80.7466987131143,54.2074512093007,60.1771869243084,73.5498095657452,63.1428467832656,61.2493823772451,22.3754041785573,55.048778646365,19.0050702694781,71.9176104321775,25.4582364954602,48.0767047279434,52.1999548384613,49.9782282382512,44.7265063213101,17.2552867060656,19.0682791770072,16.7180105048656,18.4307318323503,60.0334581204249,16.9384354538241,37.0244026312874,36.7193394542441,61.7223308421041,95.6461122357193,65.4510875439775,81.5548833149474,62.8832002314978,72.9059213145127
11.6450860389576,6.09965771205344,2.90414661778834,1.45501502549803,2.72589876531924,1.90210234471994,11.6474890222295,0.872510993892149,5.09641715788058,10.491981415085,5.04803455270115,10.0051054295289,16.1874675618074,11.0022610549173,19.4594656601772,5.24547150347962,9.64086762615881,9.81363555731662,9.55145743843792,9.73598025466794,1.53348734247811,9.50416768027338,8.14807977070836,0.356458473954945,6.99265062001905,70.7073067700908,0.707880535816741,22.6507335756575,1.29323309390196,7.85392981608584
0.287265645964681,0.304408820297226,0.0164442693262572,0.259465346549575,0.165668376659653,0.164065749328756,9.00559998184144,0.0881065097401006,4.11470529448241,8.96259896146091,4.03750873953555,8.97379659142871,0.403315805666011,5.27770443667742,0.430786523919778,4.00692533903305,8.95718145782791,8.93540751250055,8.94050639415997,8.93634503883044,0.297875849272032,8.93798375059544,6.09278807678083,0.0164052097281342,4.23027944557265,19.5491971118845,0.22381117114611,0.332859979178636,0.260637698575636,5.07158170291797
0.000545728147869795,0.000420667273829167,2.43905079173601e-05,6.6595138662251e-05,0.000245424117451876,6.44970254484178e-05,8.91626343893512,0.000133793018221695,3.98664670601056,8.91622195078202,3.98666591304698,8.91625049455394,0.00101312263910813,3.98846691545037,0.00574946486511863,3.98664698865593,8.91631203983127,8.91618684535263,8.91641262381012,8.91631771849251,0.000204547049577286,8.91613665212071,3.98926604646891,4.59951173183981e-05,3.98669720355809,0.462673502964833,0.000121385724014544,0.000556243511709908,5.22577571473448e-05,3.9871924604185
3.74719775209087e-08,5.22223899679375e-08,3.37507799486048e-09,9.79002834355924e-09,8.67476046551019e-09,7.00663349562092e-09,8.91610196331681,4.05327682528878e-09,3.98657911534917,8.91610201871686,3.9865791177341,8.91610200572751,4.22501784669294e-08,3.98657916029708,1.81909058483143e-07,3.9865791168445,8.91610204717927,8.91610198235571,8.91610200586172,8.91610195622542,9.87461135082413e-09,8.91610196889189,3.98657916016168,1.60133595272782e-09,3.98657911966029,4.95041649628547e-06,8.37394509289879e-09,2.78791958407965e-08,5.48482148587937e-09,3.98657913903367
0,0,0,0,0,0,8.91610192778148,0,3.98657911234716,8.9161019277816,3.98657911234716,8.91610192778143,0,3.98657911234716,5.6843418860808e-14,3.98657911234716,8.91610192778177,8.91610192778143,8.91610192778154,8.91610192778143,0,8.91610192778137,3.98657911234716,0,3.98657911234716,2.89901436190121e-12,0,0,0,3.98657911234716
0,0,0,0,0,0,8.91610192778131,0,3.98657911234716,8.91610192778131,3.98657911234716,8.91610192778131,0,3.98657911234716,0,3.98657911234716,8.91610192778131,8.91610192778131,8.91610192778131,8.91610192778131,0,8.91610192778131,3.98657911234716,0,3.98657911234716,0,0,0,0,3.98657911234716
0,0,0,0,0,0,8.91610192778131,0,3.98657911234716,8.91610192778131,3.98657911234716,8.91610192778131,0,3.98657911234716,0,3.98657911234716,8.91610192778131,8.91610192778131,8.91610192778131,8.91610192778131,0,8.91610192778131,3.98657911234716,0,3.98657911234716,0,0,0,0,3.98657911234716
0,0,0,0,0,0,8.91610192778131,0,3.98657911234716,8.91610192778131,3.98657911234716,8.91610192778131,0,3.98657911234716,0,3.98657911234716,8.91610192778131,8.91610192778131,8.91610192778131,8.91610192778131,0,8.91610192778131,3.98657911234716,0,3.98657911234716,0,0,0,0,3.98657911234716
