65.9381585958304,83.190839307695,65.2594409589284,69.2775117547224,39.7850646051126,72.9845778839681,60.7306146647981,59.3604911748284,61.22578403706,72.5050515388466,83.7241871324876,62.2505389513137,70.9152825449402,66.6035059609001,73.6703049992275,76.0397546226282,78.1071334147248,50.7154928976386,68.3380960393177,76.0052651716233,71.1223121330431,106.06772900405,83.7437606827141,60.2117875732233,79.5916863365312,78.5800712706634,70.3611549571622,68.246656255744,74.9314738488654,58.3315515873671
55.5018289847942,81.9110098131669,58.6105776067068,65.6051888670606,38.4907041937922,66.6042389212481,59.3222158547945,59.3604911748284,61.22578403706,68.3867480959427,69.3204754631537,46.8073764188185,70.9152825449402,66.6035059609001,46.9823108246404,76.0397546226282,64.9327562154606,50.7154928976386,47.7879372723716,57.7225539323638,71.1223121330431,75.3432669840745,83.7437606827141,48.7871094658952,44.686699663304,68.811069293453,62.172210548532,68.246656255744,49.2042822375192,58.3315515873671
41.0614953846257,65.674742390014,44.0601182987596,51.8016968211663,35.7038561762683,39.9993189926287,46.2207941133103,59.3604911748284,61.22578403706,66.7320328723678,64.5870718652099,30.3157164098478,55.7653540053844,42.5379088867121,45.1907104281443,61.892325717674,58.2196949947646,50.7154928976386,41.6310515508866,54.1964629780284,47.0459390500515,75.3432669840745,59.9867457341194,48.7871094658952,42.3730620153026,68.811069293453,62.172210548532,64.3488364853026,49.0629743559247,55.7607801609396
36.7684532275734,38.4590681378429,40.8348379638126,39.1253649029777,32.3694282035584,26.1582288330864,38.6673056359172,58.3171573520671,50.3689429201129,56.1696548139505,39.3213568229836,28.5948106437643,54.145542573119,34.8675798431833,40.4293104326854,47.6702142590374,31.9633640577316,36.1780514395708,27.0337436143808,42.2190265845907,44.8325243629945,73.38928741141,41.6562893076459,40.3773745101371,30.5568208515283,68.811069293453,33.4671111426885,51.6871816797559,20.266571562122,35.1297162532096
18.8253464953015,23.8477480771189,21.3411995587949,20.9227380299486,19.0340866667608,22.1470174114343,25.2389369536354,36.6505435895108,22.5622340122748,31.4457428194205,24.6458286465123,15.3212404883151,51.3212257117355,12.7146149939822,24.0162317872819,36.7716135723268,21.5418217536383,23.1309693489978,10.9819085850414,17.3095625702987,15.1090770236058,73.38928741141,26.2202650672202,18.385239462747,18.1519443163979,53.7484518193219,33.4671111426885,33.0939601989719,20.266571562122,20.4351979099341
13.1965729819821,16.8171765709616,8.18034461812431,12.4162728107082,11.5076458084975,15.2956468141996,8.68523185474317,18.1693548452142,17.196181735656,10.8008108551958,10.4155591769731,8.58228170799009,33.5561700048136,9.96813852680714,10.079299705745,32.0312959544776,13.2220014322269,11.404915568683,7.50974171677217,10.3833121168973,10.9608348173858,49.6216444916042,9.59230542433841,9.94459696467106,11.8202839516434,37.7447584205833,33.4671111426885,20.3406554067983,12.6639460723035,16.1113081498789
4.35206122209934,6.66538188809091,3.91998810251187,4.31751739409162,4.01929531358337,2.72304209004267,4.10442516610544,6.85714073026747,5.76055045251712,4.33910173760148,4.00562973043259,3.6917263132874,10.1816656910139,3.22516095073797,4.87561738038937,9.00665480841485,5.5842222520638,2.64528492643001,1.99537738136894,2.96528269828116,2.72655697835262,26.5071964314759,1.6809415987592,3.16932831660847,3.5210383894206,25.6497827217997,28.7342729038584,7.01150200907023,4.113644383733,4.56233247307011
1.05399588606792,1.47296247947179,1.14196308610303,1.21070496590335,1.68465532347432,1.13798276498949,0.822229389321478,1.52814962189086,1.25196918003564,0.97722244581098,1.27808677211419,0.543583482885992,7.65947857585456,1.23450933397737,1.3378283134515,5.5950069633476,0.987952274867553,1.22361161827939,0.745675740528782,0.919312484544093,0.96731892591697,9.80446358481549,0.896703822197537,1.4384118242225,1.52791717047648,5.46786392584238,9.96513679652082,1.20984753760774,1.31684115147846,1.99675790218919
0.166125508324058,0.204159452865042,0.155920307553515,0.0967854948788727,0.133083326903034,0.183729954417345,0.202827001436958,0.313694637416916,0.107347666041846,0.191790569385489,0.116567063500725,0.110269274837606,2.74676354754683,0.196496951171412,0.141041723650119,1.73959358759726,0.117471120535583,0.170044302743918,0.171599206720998,0.187256998762336,0.192786894545179,2.57006228921659,0.145340079561265,0.154152561982983,0.350275016989031,1.39231395643412,2.22633378318983,0.218367336119172,0.113520886733681,0.323087070135443
0.0106021099531972,0.00669407330315153,0.00703852503136204,0.00402341280346263,0.00883843986719057,0.0149961072837641,0.0118579386140709,0.00829702276701028,0.0110686918139891,0.0103882238104234,0.00849861457822954,0.0023863434867053,0.322338351462577,0.00759254524530206,0.00771376621435138,0.334968570587193,0.00832105526376381,0.00551176681858578,0.00661468611986038,0.00686924147123591,0.0111911859788734,0.351400997565861,0.00574492517989711,0.00634914571480749,0.0122232127465622,0.3577290134441,0.526347284828375,0.00778234853737558,0.00716577919934025,0.00817402231939468
6.85849751107526e-05,8.89219162445443e-05,3.34530612917661e-05,3.35954659931303e-05,0.000231633174962553,6.79348939911506e-05,0.000109747344367861,6.37197966852909e-05,0.000128069027709898,7.934469203974e-05,4.64128870589775e-05,3.5907455526285e-05,0.0416070486038507,0.000108185031535868,5.0190676006423e-05,0.0348401862354422,6.99069540814889e-05,4.552816199066e-05,0.000107213331375533,0.000105972014466715,5.48664800135157e-05,0.0515535805370746,6.3727708834449e-05,3.26265694639005e-05,0.000167091274306586,0.0341605993066878,0.0396296579759792,0.000124100912103131,7.61759041552068e-05,7.03710866218898e-05
9.26818302104948e-08,4.8328274715459e-08,9.3174662652018e-08,3.98587189920363e-08,1.99688088287076e-07,1.09148686533445e-07,2.2680296751787e-07,4.45375007984694e-08,6.42263557892875e-08,5.61698243473074e-08,5.44375780009432e-08,1.85632416105364e-08,0.00109523445667037,1.41646296469844e-07,6.830589427409e-08,0.000926675762229934,1.05610411083035e-07,5.23510834682384e-08,9.6358007795061e-08,1.02667968349124e-07,6.39389554635272e-08,0.00117058496414302,5.11865891894558e-08,3.61305865226313e-08,1.33785761136096e-07,0.000527172142369636,0.000928216708075524,5.96312474954175e-08,8.99659653441631e-08,6.86227394908201e-08
0,0,1.13686837721616e-13,0,1.13686837721616e-13,0,1.13686837721616e-13,0,0,1.13686837721616e-13,0,0,9.36713354349195e-06,0,0,3.35241736593161e-06,0,0,0,0,0,2.54009188438431e-05,0,0,1.13686837721616e-13,3.23113169997669e-06,4.09584549743158e-06,0,0,0
0,0,0,0,0,0,0,0,0,1.13686837721616e-13,0,0,3.59960040441365e-07,0,0,3.59565433427633e-07,0,0,0,0,0,1.13919221575998e-05,0,0,0,3.60276999344933e-07,1.43089619086822e-06,0,0,0
0,0,0,0,0,0,0,0,0,0,0,0,3.55384258909908e-07,0,0,3.56301825377159e-07,0,0,0,0,0,1.13621806576703e-05,0,0,0,3.55766474058328e-07,1.42128988045442e-06,0,0,0
0,0,0,0,0,0,0,0,0,0,0,0,3.55486804437533e-07,0,0,3.55756469616608e-07,0,0,0,0,0,1.13417225975354e-05,0,0,0,3.55485894942831e-07,1.4214784869182e-06,0,0,0
