103.239390656201,94.6144890961028,82.8566014728625,104.097649140402,101.295905046174,98.5706551227613,70.9773667681535,92.4151735110211,84.1981057707947,49.049869108934,89.3169930591506,71.4589575401581,80.4150809742523,108.529602584256,95.4894373258351,95.5727456311888,91.5121793636292,73.8799753372783,69.2999525910055,83.8103498616149,77.8786693006305,71.096157768037,78.0770788757972,100.563510520065,82.1044771509519,81.8484798519166,81.9028483181046,80.8418811266723,66.6640618790386,83.7574677714273
86.552868179474,93.8620226790066,82.8566014728625,104.097649140402,86.4396367389198,98.5706551227613,70.9773667681535,75.0534324807312,84.1981057707947,49.049869108934,65.8291528851267,71.4589575401581,60.3253983273288,92.8528750957583,95.4894373258351,82.0935230862463,82.3492006128711,71.918650913693,69.2999525910055,54.8760940311179,77.8786693006305,71.096157768037,78.0770788757972,85.6815862125516,82.1044771509519,81.8484798519166,67.660420152229,80.8418811266723,66.6640618790386,76.817651748587
72.124965186276,87.907931868865,62.4096744868559,68.0835544535902,81.1505151885334,98.5706551227613,54.2833873039405,65.0990963571493,56.0432005822876,49.049869108934,65.8291528851267,71.4589575401581,60.3253983273288,78.9779907019399,74.1611695916448,70.1690811769085,82.0755164621546,71.918650913693,69.2999525910055,54.8760940311179,77.8786693006305,71.096157768037,75.760159653224,58.2572122088791,78.9806256233861,80.8625564016215,63.0046602366267,68.867943287363,49.3999973669567,46.5256406746082
40.6670723328031,70.678192248342,56.5284525837686,68.0835544535902,54.5334969266694,68.535657931463,54.2833873039405,63.495446541158,56.0432005822876,46.9730740003504,63.0321357863945,69.9409402913745,60.3253983273288,66.7439006191431,74.1611695916448,68.5432264469388,78.2269972483928,68.8471354505634,60.2297093515566,54.8760940311179,77.8786693006305,71.096157768037,49.4116999554573,58.2572122088791,78.7262358334416,74.9430737325781,61.1537033005964,57.7508756020436,49.3999973669567,43.3749209462592
40.6670723328031,53.297008762449,37.2198774884151,33.6194453381852,54.5334969266694,68.535657931463,54.2833873039405,46.1744816708868,56.0432005822876,46.9730740003504,43.14667850023,52.2249387259523,60.3253983273288,39.1830892365365,74.1611695916448,58.4595985142417,52.2380568370108,50.6811711620156,60.2297093515566,50.3718132935849,67.5460320231504,71.096157768037,49.4116999554573,58.2572122088791,63.7902788115998,61.6637310370215,34.2655527825733,56.9154012232594,49.3999973669567,43.3749209462592
40.6670723328031,43.2368293346054,37.2198774884151,33.6194453381852,54.2725387566865,47.4774930396997,45.7372898988051,46.1744816708868,42.7488661385889,46.9730740003504,43.14667850023,51.8680918233997,42.5698469544966,39.1830892365365,55.2951152017965,53.8357913349538,51.1033449841887,50.6811711620156,51.7651073928338,18.6163480211832,46.5926034930441,62.5204910114725,49.4116999554573,53.6467005207085,61.9947014485342,28.9953493705003,34.2655527825733,42.90040851281,31.5997564926088,43.3749209462592
40.6670723328031,36.759173499542,37.2198774884151,33.6194453381852,43.2708072400497,47.4774930396997,36.8011910786103,43.8465825241569,41.1560114871114,46.9730740003504,43.14667850023,27.2701894224581,42.5698469544966,39.1830892365365,39.5782922473466,50.3165020651913,41.4632444617836,48.3014418688176,34.2384744512123,18.6163480211832,37.785452926576,54.5096828533731,47.7309981468262,43.3164780190067,50.3041792507823,28.9953493705003,34.2655527825733,42.90040851281,31.5997564926088,41.8086806615853
33.0360364811684,28.5566117508383,30.3145232063861,33.6194453381852,43.2708072400497,43.0438613063686,36.8011910786103,39.8467947024074,37.0533345783455,33.0668870553474,43.14667850023,27.2701894224581,42.5698469544966,29.6900698714443,39.5782922473466,31.514216024187,41.4632444617836,23.2881115376858,31.6843849657301,18.6163480211832,37.785452926576,41.0189530754101,46.5048996274844,42.6346138995984,27.2192111704167,28.9953493705003,34.1719820200105,34.2696657132281,31.5997564926088,36.1599279721382
32.2902581493549,28.5566117508383,27.0461450769565,33.6194453381852,30.9710235208437,38.7227467572221,33.7751392794838,29.3343196641339,37.0533345783455,33.0668870553474,34.0400527486489,27.2701894224581,31.4273794164245,29.6900698714443,39.5782922473466,31.514216024187,32.9059266472403,23.2881115376858,31.6843849657301,18.6163480211832,33.8632308098715,41.0189530754101,32.4640696405667,26.276966284765,27.2192111704167,28.9953493705003,34.1719820200105,34.2696657132281,31.5997564926088,24.0649065377968
25.8910616618206,10.1110374437293,27.0461450769565,28.4687105555992,19.9299082183109,38.6210153636067,7.35558833927098,29.3343196641339,34.751203722315,13.4908093654482,32.9655881394185,27.2701894224581,28.5940310472163,26.1005494101955,33.5497694417035,28.8239472293417,27.5383320182411,16.0813820463649,27.5447526276876,18.6163480211832,27.2859950535295,40.9916915793425,15.7031730091315,26.276966284765,27.2192111704167,24.7254873720564,18.2508420182786,29.5623358295284,31.5997564926088,24.0649065377968
2.02319143044451,3.97989197389927,3.00493398370315,7.56176653605849,6.97131808578604,31.7005634824424,1.98994070757055,10.9763478522196,7.28784184798053,6.96475561056616,2.13258320616808,4.98788364472102,25.3476889646137,5.97237334606791,32.1270188247977,2.98823250594387,4.3056143703916,1.99029845224811,2.99894519375925,4.00089748918128,1.08037826531518,25.9272415787526,2.9854080047885,2.98512996811689,27.2192111704167,6.96675002363224,1.98998445273628,14.1190628031079,3.98013446154221,3.99721634713342
1.98991811445239,3.97983622837341,2.98487717131616,3.97983625684913,6.96470836185711,5.69088907217463,1.98991811418693,0.994959069182755,6.96470836778553,6.96471339965319,1.98991811487053,4.97479528555698,1.98991876119203,5.96975434258059,4.28688573695354,2.9848771713132,2.98487717248474,1.98991811419285,2.98487717143121,3.97983622844356,0.994959057673327,22.2439409464989,2.98487717128137,2.98487717128535,5.29152967451978,6.96470836183903,1.98991811418693,1.98991812656641,3.97983622837569,3.97983622844481
1.98991811418659,3.97983622837319,2.98487717127989,3.97983622837319,6.96470836183391,4.97479540807626,1.98991811418659,0.994959057093297,6.96470836183391,6.96471339965308,1.98991811418659,4.97479528546648,1.98991811418659,5.96975434255978,3.97983626367602,2.98487717127989,2.98487717127989,1.98991811418659,2.98487717127989,3.97983622837319,0.994959057093297,2.98488186215366,2.98487717127989,2.98487717127989,2.98487808119728,6.96470836183391,1.98991811418659,1.98991811418659,3.97983622837319,3.97983622837319
1.98991811418659,3.97983622837319,2.98487717127989,3.97983622837319,6.96470836183391,4.97479528546648,1.98991811418659,0.994959057093297,6.96470836183391,6.96471339965308,1.98991811418659,4.97479528546648,1.98991811418659,5.96975434255978,3.97983622837319,2.98487717127989,2.98487717127989,1.98991811418659,2.98487717127989,3.97983622837319,0.994959057093297,2.98487717127989,2.98487717127989,2.98487717127989,2.98487717127989,6.96470836183391,1.98991811418659,1.98991811418659,3.97983622837319,3.97983622837319
1.98991811418659,3.97983622837319,2.98487717127989,3.97983622837319,6.96470836183403,4.97479528546648,1.98991811418659,0.994959057093297,6.96470836183391,6.96471339965308,1.98991811418659,4.97479528546648,1.98991811418659,5.96975434255978,3.97983622837319,2.98487717127989,2.98487717127989,1.98991811418659,2.98487717127989,3.97983622837319,0.994959057093297,2.98487717127989,2.98487717127989,2.98487717127989,2.98487717127989,6.96470836183403,1.98991811418659,1.98991811418659,3.97983622837319,3.97983622837319
1.98991811418659,3.97983622837319,2.98487717127989,3.97983622837319,6.96470836183391,4.97479528546648,1.98991811418659,0.994959057093297,6.96470836183391,6.96471339965308,1.98991811418659,4.97479528546648,1.98991811418659,5.96975434255978,3.97983622837319,2.98487717127989,2.98487717127989,1.98991811418659,2.98487717127989,3.97983622837319,0.994959057093297,2.98487717127989,2.98487717127989,2.98487717127989,2.98487717127989,6.96470836183403,1.98991811418659,1.98991811418659,3.97983622837319,3.97983622837319
