24.5510810008368
20.7379243013206
23.3621080532366
23.5055791478999
2.58164425572932
3.18364436365209
0.196340989148666
23.2625282335089
23.4837343912413
3.70985995307683
3.95606559332509
1.71753257420596
23.4480507379171
23.7670687423633
1.39298632619284
2.5336943998127
22.9117040330671
5.36273581731757
4.37542432922464
3.94622371626338
2.43149126133403
5.38236532339215
4.12851747782088
3.54828369689085
4.15981191447418
23.4173387109481
3.9839506212561
2.68701880733397
4.51423295311861
24.3624791330531
