2096.06899897552,4068.31485018149,2076.2677966737,1237.12476651971,2267.74913101827,2537.81899366192,2091.27708573491,3938.68926170236,2142.62111485973,2055.41972532367,3297.63113753121,2331.97236443667,6887.75261489324,1186.98130332794,10760.4465173614,2441.21541323727,1743.2529129798,12154.4863091622,4496.48543890731,4562.48307653095,2044.40914864791,4397.9791566149,4962.29537056417,3313.15293329872,794.029442897631,265.819952485335,3901.84082270303,696.122007231832,2589.36228394157,6360.74262266222
14.1186829268764,25.7404432040313,6.94978471827017,11.2730621152986,8.77688382587718,12.9766269976975,13.6406566276985,20.4500787488731,50.4712477238559,13.7289538673107,16.3624348950481,20.1625524587012,18.865868173768,14.7688509433787,31.233709711563,15.396950032366,33.0312112628641,44.7347194890325,13.8523515622745,11.9513473424088,20.4202111116614,21.1603512186877,21.7923797980219,11.2032553284523,13.5801951359016,9.02335334752593,25.6767293739169,17.6224233432466,10.0702225350893,12.978049847716
0.209465959195256,1.15740088457585,0.266283967538357,0.279511919013544,0.541051096264766,1.37208929049069,0.131217999107037,0.835675866014867,0.50739442774136,0.383812480883989,0.53138870965364,0.333125127022527,0.149321032540001,0.506909802708208,1.03525818296055,1.25700862443773,0.295018686043079,0.962575575683445,0.602626141179314,1.02023946241763,1.80782591937907,0.933147959013354,0.59743753492512,0.586556453171625,0.755470167229134,0.350069621241005,0.765439933792607,0.116773261861852,0.360737903431698,1.04289783452288
0.000620086428625655,0.00098096548617832,0.000891975127274236,0.000784232170929045,0.000812332446571418,0.00164912451151622,0.00106025044982516,0.00132061681370033,0.00086517947545417,0.00089875361607028,0.000669514906121549,0.000335432908741495,0.00126641580163778,0.00104490630707232,0.00224380260351609,0.00191939495329052,0.000654528933182519,0.00141432653629181,0.000847103421108386,0.000532115941439315,0.00125969370475332,0.00225921634250881,0.00202711445956538,0.0011969839018775,0.000902277912587124,0.000518886151610332,0.000526729406146842,0.000569133858107307,0.00104375128279344,0.000294883866104101
3.97903932025656e-11,8.6743057181593e-11,6.86668499838561e-11,2.9615421226481e-11,2.22826201934367e-11,1.68256519827992e-11,1.05785602499964e-10,1.40175870910753e-10,7.53175299905706e-11,1.54614099301398e-10,2.00316208065487e-10,1.87014848052058e-11,6.28119778411929e-11,1.28466126625426e-10,2.16743956116261e-10,1.57172053150134e-10,3.4049207897624e-11,1.65755409398116e-10,3.51860762748402e-11,2.95585778076202e-11,1.20223830890609e-10,2.3987922759261e-10,3.88865828426788e-10,2.27487362280954e-10,1.07888808997814e-10,8.39577296574134e-11,7.79891706770286e-11,4.9737991503207e-11,6.40625330561306e-11,2.9967850423418e-10
0,0,0,0,0,0,0,0,0,0,0,0,0,0,0,0,0,0,0,0,0,0,0,0,0,0,0,0,0,0
0,0,0,0,0,0,0,0,0,0,0,0,0,0,0,0,0,0,0,0,0,0,0,0,0,0,0,0,0,0
0,0,0,0,0,0,0,0,0,0,0,0,0,0,0,0,0,0,0,0,0,0,0,0,0,0,0,0,0,0
0.250264679181612,0.10182182113823,0.066079124895225,0.0923060014055181,0.0163477339442579,0.743962276605089,0.0615313786214529,0.116396416116288,0.162267522433979,0.205233979028947,0.063604607057016,0.143306286927213,0.314713647151848,0.156122090001645,0.207444491718434,0.24497649496027,0.326227936312534,0.170972429409801,0.284908762677674,0.06479374626565,0.0921938841836436,0.811703208089739,0.295238797945615,0.488202311025475,0.0665757683613606,0.0895766659805872,0.426005845860232,0.083606248031515,0.120334997599002,0.226497047972941
0,0,0,0,0,0,0,0,0,0,0,0,0,0,0,0,0,0,0,0,0,0,0,0,0,0,0,0,0,0
0,0,0,0,0,0,0,0,0,0,0,0,0,0,0,0,0,0,0,0,0,0,0,0,0,0,0,0,0,0
0,0,0,0,0,0,0,0,0,0,0,0,0,0,0,0,0,0,0,0,0,0,0,0,0,0,0,0,0,0
0,0,0,0,0,0,0,0,0,0,0,0,0,0,0,0,0,0,0,0,0,0,0,0,0,0,0,0,0,0
0,0,0,0,0,0,0,0,0,0,0,0,0,0,0,0,0,0,0,0,0,0,0,0,0,0,0,0,0,0
