569.460532400384,179.580509391841,155.763231647831,528.839797731858,156.909389147614,161.858362975741,162.299930534337,157.993276106723,161.729308111278,161.504671127447,158.199860822747,158.366303249904,162.339269723698,162.357075371154,601.988603764378,158.81769011762,162.727368391722,161.853565298553,154.495557555392,544.286630484116,157.914091078655,152.283200408492,562.52886032132,161.100688056498,154.852926951112,158.127585127434,163.931867975755,609.490455276901,156.586935440769,165.903443325715
344.076581579151,28.918393294412,80.001589915928,333.703827063639,22.8315668303039,35.751401851523,64.4050878682979,55.6013537850813,72.3457229152341,88.3558792971303,149.939092863972,40.1035960684526,26.3572717493807,28.434388500747,339.973487885379,43.3599792113182,128.110640388544,106.263216867731,30.8965422299307,338.360758387021,94.2246050348153,137.931469655982,368.766183104835,60.258074360092,13.5959044851061,30.2660763318845,36.260127349758,347.09170178706,111.907656802029,46.5185568757197
308.085341324788,9.58278504831196,8.36620490624227,309.53588383769,4.56383568316505,8.04004282423375,6.35431951191094,5.73991749251718,12.2687085721982,5.9691410133596,14.8656378989826,5.60548544569974,5.5026989457815,5.63394186057758,316.735154559633,6.48304234115903,9.29819804092267,12.7925938348117,7.03194461478961,315.341531423057,7.5043862641669,12.1136429945172,320.675213725091,9.95341777111116,5.67610176083099,5.86439273254837,8.26276461054886,309.396039532601,7.51940488381615,7.5238631301122
300.548960149931,0.646089414047765,0.710493614134521,300.790586268082,0.328058440777113,0.402293640358039,0.587417564224779,0.453547707488269,0.657154541744148,0.46610624484947,0.626867088415565,0.458396776048176,0.455700151651399,0.404274373503995,300.621380331469,0.43209568325392,0.558499260855569,0.600321649332727,0.535633274856991,300.46126710193,0.830382481986362,0.805361782707678,300.984720346412,0.446621983598561,0.358554378538884,0.391754185262016,0.4764347069422,300.44943725184,0.703561209035342,0.472088760094266
300.000635551161,0.000979564866156579,0.000981690443950356,300.001164458029,0.000756307239953458,0.00100022998367422,0.000978857382960996,0.000483710841763241,0.000685006090407114,0.00112167583847622,0.000868061277742527,0.000785804586939776,0.000497207896387408,0.000764508404699882,300.000614243771,0.000920474892154743,0.000824903392640408,0.00077652063282585,0.000830967057481757,300.000750335817,0.000815062158835644,0.000734267056941462,300.001007075289,0.000859247983044042,0.000585795613460505,0.000399421727252047,0.000962843427714688,300.000650834329,0.00132152860078349,0.000608497224675375
300.000000001646,7.97626853454858e-10,1.71257852343842e-09,300.000000003644,7.42147676646709e-10,1.68347469298169e-09,2.91584001388401e-09,1.85536919161677e-09,3.22324922308326e-09,1.7334969015792e-09,2.62343746726401e-09,1.98133420781232e-09,1.51339918375015e-09,2.12457962334156e-09,300.00000000188,2.35468178289011e-09,2.42152964347042e-09,2.36013875110075e-09,2.07774064620025e-09,300.000000001387,1.82308212970383e-09,1.48975232150406e-09,300.000000002834,2.37287167692557e-09,1.80034476215951e-09,1.25237420434132e-09,2.82443579635583e-09,300.000000001897,3.8467078411486e-09,2.34331309911795e-09
300,4.54747350886464e-13,4.54747350886464e-13,300,4.54747350886464e-13,4.54747350886464e-13,4.54747350886464e-13,4.54747350886464e-13,4.54747350886464e-13,4.54747350886464e-13,4.54747350886464e-13,4.54747350886464e-13,4.54747350886464e-13,4.54747350886464e-13,300,4.54747350886464e-13,4.54747350886464e-13,4.54747350886464e-13,4.54747350886464e-13,300,4.54747350886464e-13,4.54747350886464e-13,300,4.54747350886464e-13,4.54747350886464e-13,4.54747350886464e-13,4.54747350886464e-13,300,4.54747350886464e-13,4.54747350886464e-13
300,4.54747350886464e-13,4.54747350886464e-13,300,4.54747350886464e-13,4.54747350886464e-13,4.54747350886464e-13,4.54747350886464e-13,4.54747350886464e-13,4.54747350886464e-13,4.54747350886464e-13,4.54747350886464e-13,4.54747350886464e-13,4.54747350886464e-13,300,4.54747350886464e-13,4.54747350886464e-13,4.54747350886464e-13,4.54747350886464e-13,300,4.54747350886464e-13,4.54747350886464e-13,300,4.54747350886464e-13,4.54747350886464e-13,4.54747350886464e-13,4.54747350886464e-13,300,4.54747350886464e-13,4.54747350886464e-13
300,4.54747350886464e-13,4.54747350886464e-13,300,4.54747350886464e-13,4.54747350886464e-13,4.54747350886464e-13,4.54747350886464e-13,4.54747350886464e-13,4.54747350886464e-13,4.54747350886464e-13,4.54747350886464e-13,4.54747350886464e-13,4.54747350886464e-13,300,4.54747350886464e-13,4.54747350886464e-13,4.54747350886464e-13,4.54747350886464e-13,300,4.54747350886464e-13,4.54747350886464e-13,300,4.54747350886464e-13,4.54747350886464e-13,4.54747350886464e-13,4.54747350886464e-13,300,4.54747350886464e-13,4.54747350886464e-13
300,4.54747350886464e-13,4.54747350886464e-13,300,4.54747350886464e-13,4.54747350886464e-13,4.54747350886464e-13,4.54747350886464e-13,4.54747350886464e-13,4.54747350886464e-13,4.54747350886464e-13,4.54747350886464e-13,4.54747350886464e-13,4.54747350886464e-13,300,4.54747350886464e-13,4.54747350886464e-13,4.54747350886464e-13,4.54747350886464e-13,300,4.54747350886464e-13,4.54747350886464e-13,300,4.54747350886464e-13,4.54747350886464e-13,4.54747350886464e-13,4.54747350886464e-13,300,4.54747350886464e-13,4.54747350886464e-13
300,4.54747350886464e-13,4.54747350886464e-13,300,0,4.54747350886464e-13,4.54747350886464e-13,4.54747350886464e-13,4.54747350886464e-13,4.54747350886464e-13,4.54747350886464e-13,4.54747350886464e-13,4.54747350886464e-13,4.54747350886464e-13,300,4.54747350886464e-13,4.54747350886464e-13,4.54747350886464e-13,4.54747350886464e-13,300,4.54747350886464e-13,4.54747350886464e-13,300,4.54747350886464e-13,4.54747350886464e-13,4.54747350886464e-13,4.54747350886464e-13,300,4.54747350886464e-13,0
300,4.54747350886464e-13,4.54747350886464e-13,300,0,0,4.54747350886464e-13,4.54747350886464e-13,4.54747350886464e-13,4.54747350886464e-13,4.54747350886464e-13,0,4.54747350886464e-13,4.54747350886464e-13,300,4.54747350886464e-13,4.54747350886464e-13,4.54747350886464e-13,0,300,4.54747350886464e-13,4.54747350886464e-13,300,4.54747350886464e-13,4.54747350886464e-13,4.54747350886464e-13,4.54747350886464e-13,300,4.54747350886464e-13,0
300,4.54747350886464e-13,4.54747350886464e-13,300,0,0,4.54747350886464e-13,4.54747350886464e-13,0,4.54747350886464e-13,4.54747350886464e-13,0,4.54747350886464e-13,4.54747350886464e-13,300,4.54747350886464e-13,4.54747350886464e-13,4.54747350886464e-13,0,300,4.54747350886464e-13,0,300,4.54747350886464e-13,4.54747350886464e-13,0,4.54747350886464e-13,300,4.54747350886464e-13,0
300,4.54747350886464e-13,4.54747350886464e-13,300,0,0,4.54747350886464e-13,4.54747350886464e-13,0,4.54747350886464e-13,0,0,4.54747350886464e-13,4.54747350886464e-13,300,4.54747350886464e-13,4.54747350886464e-13,4.54747350886464e-13,0,300,4.54747350886464e-13,0,300,4.54747350886464e-13,4.54747350886464e-13,0,4.54747350886464e-13,300,4.54747350886464e-13,0
