3272.37192089048,1737.00049926694,2210.48425931372,2461.24561117017,3666.31656989011,1318.0138984864,3494.67766433644,1659.2303447096,2357.75104016744,4358.9831417539,1621.48099128112,2233.29326492667,1254.92794610621,5903.24813546989,2184.75011558554,2296.99104255959,4396.44922104493,3125.80703609116,2718.38180540635,3610.46814624592,3185.84474540483,770.628317509259,2454.97665101067,2253.90239934531,3515.06610427483,1914.78082902372,1515.23783630426,870.669059640392,1595.25447539827,2989.70717110427
3028.9677523996,1737.00049926694,2210.48425931372,2461.24561117017,3666.31656989011,1318.0138984864,3494.67766433644,1659.2303447096,2357.75104016744,4358.9831417539,1621.48099128112,2049.2006773705,1154.64986546275,3397.06778004646,2184.75011558554,2296.99104255959,4396.44922104493,3125.80703609116,2718.38180540635,3610.46814624592,3185.84474540483,770.628317509259,2454.97665101067,2253.90239934531,2643.08340785986,1914.78082902372,1515.23783630426,870.669059640392,1595.25447539827,2989.70717110427
1360.53334932041,1737.00049926694,2210.48425931372,717.058700837262,2782.66685427372,1318.0138984864,1992.99259386433,1659.2303447096,1458.67629751248,1900.41300421469,1613.680537329,1088.07210362227,1122.76311683343,2168.96926732788,2184.75011558554,2296.99104255959,3260.03691618729,1477.45859798064,1844.72901465649,3610.46814624592,3176.45877741121,770.628317509259,2454.97665101067,2253.90239934531,1855.14873818739,1914.78082902372,1515.23783630426,870.669059640392,1595.25447539827,2618.99015069484
1360.53334932041,1737.00049926694,1846.7147172097,717.058700837262,1488.07028968292,918.124579576468,1787.64236419944,679.969146633095,1458.67629751248,1900.41300421469,1397.41641690525,1088.07210362227,1122.76311683343,1537.29214232978,1886.67263757006,2271.82921850597,2150.62781844906,1277.43862384362,880.00245613508,1523.83381418641,2107.46215858007,770.628317509259,1741.10722434787,1718.16263071634,1449.27755598799,1254.94134661206,808.748750993015,858.54323321499,1595.25447539827,1188.56633239212
809.750924761201,1481.54623289298,1221.94197122996,717.058700837262,1257.49715379604,567.855972810395,932.937696419648,473.992366633168,973.369260284644,1228.71253100169,996.427495372587,834.301745638314,733.832454490989,1537.29214232978,953.967850496415,702.764182408353,715.370233731962,1196.60229575966,880.00245613508,1032.29652963869,948.237185935136,770.628317509259,1110.03154166694,1252.55191629333,410.144242822697,981.067031278034,808.748750993015,729.25995564542,1219.61472562596,1004.295402257
397.170506653806,448.780686977422,439.656052450839,368.666264402758,626.351846749176,366.103507338455,437.104853086496,210.306805454515,578.472609371564,328.878229119479,539.357786990662,473.843421252245,319.223051823917,427.062107364775,595.865364361722,370.748032643482,459.28848038119,508.693010455362,432.490035069148,409.822058149538,222.320934229034,507.441376804462,396.132111082595,508.900825208306,353.43118186197,453.25402602278,443.428621702948,304.979738744718,238.115103228241,338.658682946823
130.949106346424,141.229421575565,163.442545843921,137.621192622803,158.898882891161,124.566842401748,197.624095189901,127.139772291679,126.799294761383,156.117662243491,152.226065655474,200.678946011073,122.615846643056,168.522017508208,313.282489136345,192.68965338907,165.354118117407,183.99258419846,162.574234569289,127.747571447811,125.486209098218,170.014753461992,144.297113773034,191.340013370282,134.629165656413,182.894527877443,185.906598672988,155.529758709875,154.735422188951,157.642314848384
61.6049572681725,68.9304836667049,72.6695193909705,59.1750518306505,67.2334899526638,64.042563929609,66.6298056742159,67.6156331122907,61.8600457146113,71.7869597468278,64.1754068164386,65.0154699486992,60.4978957954697,72.2532116964222,92.3749164524602,62.7026684461359,69.5539776677601,70.3398567620624,63.1616948265971,59.1519741881296,63.519134029459,60.8587286798921,64.7923058038957,68.8078873093338,63.1890037720194,68.9315799278883,68.2383036788502,62.9862966896104,62.2493008674264,64.6459878603528
49.6928058978182,49.3751019941906,49.5433949489373,49.6393695679876,49.9132999044576,49.6680375698926,49.6884867658829,49.636104589693,49.6190508807857,49.822759286665,49.4777643781648,49.7441114301187,45.8311333339322,46.3368187682255,74.177781612752,49.6579031854039,49.6881150553182,49.9128559015315,49.6916607014975,49.6331525260437,49.5649532278372,49.4629735821168,49.5882086258562,49.7943874147509,49.6507098155574,46.5264080661743,49.550445383229,49.7360371852695,49.7222799134612,49.5777759008506
49.0961265968219,44.9218771694166,49.0988329160065,49.0975657648548,49.0991800178651,49.1003808368362,49.0960458892467,49.0976522035454,49.0995630722331,49.1000504487776,49.0916917277881,49.1005646861934,44.9121251137802,44.917080803085,65.6106674700212,49.0985989321108,49.0993384200654,49.0972142040728,49.0952248759914,49.0960576704082,49.0928566296083,49.0909285211117,49.1004607563602,49.0990763473076,49.1010771647727,44.9227370083438,44.9212047545502,49.1002083653244,49.0951316626674,49.0993601948832
49.0844934996335,44.895486167048,49.084488456184,49.0844899780648,49.0844943796122,49.0844879281208,49.0844877721163,49.0844968652156,49.0844907787689,49.0844864157653,49.0844841169416,49.0844879538575,44.8954801248649,44.8954786566169,0.000437361334491015,49.0844885559806,49.0844885357889,49.0844894357724,49.0844839021491,49.0844905879545,49.084484952621,49.0844901340026,49.0844950475912,49.0844941270535,49.0844894309263,44.8954799383525,44.895486396629,49.0844925924184,49.0844892314486,49.0844890613484
49.0844789794833,44.8954693174558,49.0844789794825,49.0844789794829,49.0844789794831,49.0844789794828,49.0844789794837,49.0844789794834,49.0844789794834,49.084478979483,49.0844789794823,49.0844789794838,44.895469317454,44.8954693174543,1.85934823093703e-10,49.0844789794832,49.0844789794835,49.084478979483,49.0844789794823,49.0844789794831,49.0844789794826,49.0844789794844,49.0844789794835,49.0844789794843,49.0844789794832,44.8954693174547,44.8954693174559,49.0844789794849,49.084478979484,49.0844789794841
49.0844789794812,44.8954693174513,49.0844789794812,49.0844789794812,49.0844789794812,49.0844789794812,49.0844789794813,49.0844789794812,49.0844789794812,49.0844789794812,49.0844789794812,49.0844789794812,44.8954693174513,44.8954693174513,0,49.0844789794812,49.0844789794812,49.0844789794812,49.0844789794812,49.0844789794812,49.0844789794812,49.0844789794812,49.0844789794812,49.0844789794812,49.0844789794812,44.8954693174513,44.8954693174513,49.0844789794812,49.0844789794812,49.0844789794812
49.0844789794812,44.8954693174513,49.0844789794812,49.0844789794812,49.0844789794812,49.0844789794812,49.0844789794812,49.0844789794812,49.0844789794812,49.0844789794812,49.0844789794812,49.0844789794812,44.8954693174513,44.8954693174513,0,49.0844789794812,49.0844789794812,49.0844789794812,49.0844789794812,49.0844789794812,49.0844789794812,49.0844789794812,49.0844789794812,49.0844789794812,49.0844789794812,44.8954693174513,44.8954693174513,49.0844789794812,49.0844789794812,49.0844789794812
49.0844789794812,44.8954693174513,49.0844789794812,49.0844789794812,49.0844789794812,49.0844789794812,49.0844789794812,49.0844789794812,49.0844789794812,49.0844789794812,49.0844789794812,49.0844789794812,44.8954693174513,44.8954693174513,0,49.0844789794812,49.0844789794812,49.0844789794812,49.0844789794812,49.0844789794812,49.0844789794812,49.0844789794812,49.0844789794812,49.0844789794812,49.0844789794812,44.8954693174513,44.8954693174513,49.0844789794812,49.0844789794812,49.0844789794812
49.0844789794812,44.8954693174513,49.0844789794812,49.0844789794812,49.0844789794812,49.0844789794812,49.0844789794812,49.0844789794812,49.0844789794812,49.0844789794812,49.0844789794812,49.0844789794812,44.8954693174513,44.8954693174513,0,49.0844789794812,49.0844789794812,49.0844789794812,49.0844789794812,49.0844789794812,49.0844789794812,49.0844789794812,49.0844789794812,49.0844789794812,49.0844789794812,44.8954693174513,44.8954693174513,49.0844789794812,49.0844789794812,49.0844789794812
