8.62037816361249,10.8211271090065,10.1277923956608,33.6156223847089,29.7279215229848,27.8249296729271,11.954392873035,18.8619978022714,21.7522950540927,9.18416139457781,10.4026870797994,8.08715974610493,12.8123654187093,22.1525124955742,19.5346705127008,28.7448815339779,16.1014412843653,35.9171393706179,11.4824804912649,14.4163366441346,16.7098312910381,19.8477670371271,8.60839858833765,13.9234023096365,12.8797098153058,23.8379043673947,29.7998150916803,27.8034316305983,23.3480847017128,14.3780954432195
1.88687799861202,2.1842273284152,2.48498685152242,6.39720232694367,7.47849061506656,5.07747416391624,1.69602035764262,5.51958899392832,5.74274418678283,1.20412271162058,1.91284250631168,2.05770138242292,3.39976276110599,3.5871200597885,6.92059006768523,5.20298117851098,7.133387922054,5.35560746704994,3.25705401110986,1.80870118556368,5.48439535253704,4.22960315447767,1.71416130931425,2.34102623699778,1.49679521492976,9.90481316521937,12.3799963022885,6.74059816859267,1.91265829049723,3.13114371608833
0.353779153057303,0.391293792534839,0.533056547354477,3.70945870827074,2.18143469501206,3.11094957537466,0.766036047540751,1.89012320792062,3.23314533026985,0.509401737129451,0.497377456953586,0.441176383468473,0.575539097714227,0.938411951608259,2.30376697380518,3.59053153442574,2.96249084315889,2.59999893589702,0.597493943874611,0.407852480087058,0.775219818474625,3.07881989151315,0.402978977810449,0.521152017628538,0.592043836578341,3.94310951205773,3.92365775322321,2.38480268151898,0.723237728456297,0.344347495513375
0.0342582595919794,0.0319219545452825,0.0338001008815354,0.568261528782159,0.600213623907166,0.72019142071747,0.0237999445199648,0.73838849424294,0.569545587091966,0.0233620569890718,0.0175308091971829,0.0398551395202276,0.0732446738160206,0.059685304873824,0.533532565934024,0.457577070120692,0.618476468109407,0.720394265651635,0.0560152308762554,0.0234994012008656,0.0454045221096067,0.70512557985785,0.0456069705688833,0.0517817021026303,0.0674459396395832,0.467966167005329,0.567095576455358,0.592722767774262,0.0451483755243771,0.0477260572845353
0.000129859193407356,4.60719764987516e-05,2.850372550256e-05,0.0170846096980313,0.0109674913906019,0.0178567960221017,7.12773338591433e-05,0.00826394588284529,0.0120786692929187,3.30643302959288e-05,2.77856129287102e-05,3.69205467904976e-05,5.12538495058834e-05,0.000114627562425085,0.00612490229252671,0.00799619105737293,0.00724167612406745,0.0124996373540398,7.45915886000148e-05,0.000101417678592952,0.000158873323698572,0.00667101947988158,6.72474238854193e-05,6.80851052266007e-05,0.000106694013766173,0.0156257186246194,0.0114091415554185,0.00711662652656742,7.66305835213643e-05,6.8503391730701e-05
3.6565563732438e-07,3.58124793820025e-07,2.94448909698986e-11,7.9379138924196e-06,7.0280786985677e-06,2.55452778219478e-06,7.92397258919664e-11,4.56790905900561e-06,8.58347198118281e-06,3.59782688974519e-07,2.18278728425503e-11,3.93356458516791e-11,3.63837784789212e-07,1.84172677109018e-11,2.22356379708799e-06,6.45791362785531e-06,9.29454142806208e-06,1.10671335278312e-05,2.89901436190121e-11,9.42463884712197e-11,6.46878106635995e-11,8.83430345766101e-06,3.97903932025656e-11,8.64019966684282e-11,4.18367562815547e-11,1.35374930323451e-05,1.15293831868257e-05,1.0668530762814e-05,1.26192389870994e-11,3.56976670445874e-11
3.55378119820671e-07,3.55406655216939e-07,0,1.02943431556923e-09,6.62339516566135e-10,4.07112565881107e-10,0,2.01680450118147e-10,1.49361767398659e-09,3.55452243638865e-07,0,0,3.56479290530842e-07,0,3.63456820196006e-10,9.74637259787414e-10,7.37145455786958e-10,8.95056473382283e-10,0,0,0,5.51040102436673e-10,0,0,0,1.63322511070874e-09,2.70301825366914e-09,7.90919330029283e-10,0,0
3.55378119820671e-07,3.55394490725303e-07,0,0,0,0,0,0,1.13686837721616e-13,3.55452243638865e-07,0,0,3.56479290530842e-07,0,0,1.13686837721616e-13,1.13686837721616e-13,0,0,0,0,0,0,0,0,1.13686837721616e-13,1.13686837721616e-13,1.13686837721616e-13,0,0
0.0831788410232548,0.110396466385509,0.0574783533592154,0,0,0,0.0559606881258787,0,0,0.153493425503029,0.124558038525151,0.16838466052377,0.115690863952636,0.0579201447629885,0,0,0,0,0.156908871536643,0.0937562604383402,0.0656432742886182,0,0.091961178742622,0.0935784894780909,0.132646273385944,0,0,0,0.123341734745964,0.0887281899739492
0,1.13686837721616e-13,1.13686837721616e-13,0,0,0,1.13686837721616e-13,0,0,1.13686837721616e-13,0,1.13686837721616e-13,1.13686837721616e-13,1.13686837721616e-13,0,0,0,0,0,0,1.13686837721616e-13,0,1.13686837721616e-13,1.13686837721616e-13,1.13686837721616e-13,0,0,0,0,1.13686837721616e-13
0,1.13686837721616e-13,1.13686837721616e-13,0,0,0,1.13686837721616e-13,0,0,0,0,0,1.13686837721616e-13,1.13686837721616e-13,0,0,0,0,0,0,0,0,0,0,1.13686837721616e-13,0,0,0,0,0
0,0,1.13686837721616e-13,0,0,0,1.13686837721616e-13,0,0,0,0,0,0,1.13686837721616e-13,0,0,0,0,0,0,0,0,0,0,1.13686837721616e-13,0,0,0,0,0
0,0,0,3.66340475466131e-06,1.42934857194632e-06,2.83913016119186e-06,0,1.46312811466487e-06,5.84478812015732e-07,0,0,0,0,1.13686837721616e-13,3.20735773584602e-06,2.84587690657645e-06,1.13901771783276e-05,3.58349211637687e-07,0,0,0,1.42934311497811e-06,0,0,0,5.66514722777356e-06,3.69888653040107e-07,3.56311375071527e-07,0,0
0,0,0,3.42245402862318e-06,1.42857493301562e-06,2.83700865111314e-06,0,1.46154150115763e-06,3.55387555828202e-07,0,0,0,0,0,3.19786909130926e-06,2.84307111542148e-06,1.13888146415775e-05,3.5555729027692e-07,0,0,0,1.4217608850231e-06,0,0,0,5.31197258624161e-06,3.56404029844271e-07,3.56126292899717e-07,0,0
