250.642912532451,224.410974044643,269.645489969359,275.738831406476,231.001839187286,254.869666895463,283.871033085924,244.297256313691,262.203326607848,272.756509907327,230.709794768258,251.513270011947,276.562441759035,254.67923638941,245.275020944472,238.366853424133,276.868636748936,263.642139262836,247.560732197395,232.852531287927,269.469080072616,278.655029554337,258.665579566558,277.322002436197,215.581954152537,226.130847738129,257.461026032227,183.671792141454,209.08735517417,243.229819280589
250.642912532451,224.410974044643,219.706714854831,263.217451235381,211.742585147875,254.869666895463,192.527356330237,244.297256313691,248.347121709578,272.756509907327,230.709794768258,251.513270011947,242.432814691404,254.67923638941,245.275020944472,238.366853424133,276.868636748936,175.758302586641,175.726741176872,232.852531287927,246.11388623724,256.665670163843,258.665579566558,277.322002436197,215.581954152537,216.274688344244,257.461026032227,183.671792141454,209.08735517417,234.514791183112
196.697071221566,224.410974044643,219.706714854831,226.017916215084,199.971791872514,178.778941530892,192.527356330237,195.667930273235,204.046647392795,243.952132083062,230.709794768258,242.354764862439,192.266736918801,226.973577470779,215.076515600664,211.94805378901,218.62812892796,175.758302586641,175.726741176872,232.852531287927,228.997352676528,235.94627102161,203.241438763126,258.209888976445,199.869077365921,216.274688344244,219.861358713586,183.671792141454,209.08735517417,206.77561471235
187.172089102926,224.410974044643,211.555108846658,214.26064317444,190.307908445005,178.778941530892,192.527356330237,170.512027931995,200.596560512389,210.112204622904,209.720274950202,192.526602458477,192.266736918801,203.96528901198,205.871577876992,211.94805378901,218.62812892796,175.758302586641,175.726741176872,191.174913267318,179.888419442885,200.605211349278,203.241438763126,202.389926766241,199.869077365921,216.274688344244,219.861358713586,183.671792141454,209.08735517417,175.636780220419
172.601380877317,187.747926348093,181.207843825433,214.225303352739,170.775866498263,176.418529224085,192.527356330237,170.512027931995,200.596560512389,190.504799990666,209.01782395264,169.60820587121,192.266736918801,187.096164776547,205.871577876992,195.400796427511,218.62812892796,175.758302586641,174.243003673979,176.705604647541,179.888419442885,200.605211349278,203.241438763126,165.568735578935,197.180363556965,181.074105872746,181.341311107665,156.82490525028,196.797829067973,175.636780220419
139.89866066134,138.539731780441,176.203223883547,166.975759521514,160.60955532549,109.556649375975,158.630816934215,140.662869659928,180.500070858862,157.421607401707,160.868757930787,169.60820587121,177.472725023583,174.2483967908,182.475913998941,153.564898234306,156.042409698044,172.374777338485,157.689158219728,151.527443675571,165.969511517861,179.444561833049,167.638277102782,139.709917976351,174.477175606064,174.418652381614,157.171759017436,156.82490525028,150.126206305255,169.282188294376
138.368596248642,112.286320251883,147.437126593272,138.707297705988,141.920929614247,109.556649375975,115.513855036921,140.662869659928,117.1404045938,132.249153683231,138.742780215956,143.255159685779,131.092915856609,162.532220465449,145.343210246545,134.668048877131,130.553757716395,157.652334048902,148.34621188419,131.802474599095,142.551475500391,131.666344000759,145.762667720076,130.978810920615,131.426659575916,122.296451555448,113.100088711509,120.488667173804,133.249490399264,151.379286108271
120.622487336698,112.286320251883,115.47726142094,127.144500732244,112.885154697264,109.556649375975,115.513855036921,104.731897729457,117.1404045938,121.368579469304,110.653241373224,115.025626745094,114.22183946603,134.729363031551,112.489558591464,86.9091891438177,114.505006809032,106.577019654128,120.889204076612,111.779114288379,116.638018504504,109.124112551169,114.252664537452,120.680585167488,118.210085740908,101.851368240325,106.638261982061,120.236820952287,129.73352267346,121.333345632549
102.988315399626,94.8899233997035,103.520486236141,98.0451449058032,103.541347124117,92.5982566643255,107.330030037029,104.731897729457,100.429659119211,103.521312823218,101.921225542668,108.327590543813,98.2631155121201,108.521286302418,108.769207562771,86.9091891438177,111.829841315782,93.7543294500472,97.5549261990357,106.522072044022,95.8957273721819,88.692117407798,114.252664537452,89.287840747208,112.295043097288,101.851368240325,96.5806103951604,110.640719292053,76.624216613142,106.555926636179
101.606376384472,94.8899233997035,100.2315232233,96.0159676626186,83.5891838740348,92.5982566643255,99.0328775669464,85.5302928231357,97.4291488407118,100.702001346092,98.90192207588,93.9796948648747,98.2631155121201,88.0422091117,104.926193263893,86.9091891438177,94.989285303361,93.7543294500472,83.0309815565806,87.2326386533138,95.8957273721819,88.692117407798,92.1021432699176,72.9775576010481,84.4901630344094,91.8543604455641,93.4120958607177,92.8316230131031,76.624216613142,73.305693868555
5.22121572657943,19.1839731656738,26.3951955355127,5.17071347094463,4.19754315297757,6.26673118335691,84.8244737828543,3.68924018094094,8.09166708872101,19.5620021636981,6.48389821731348,16.6386446011987,4.99683142252172,5.8408456334605,84.0884327418275,4.62256404041341,58.3997137065305,72.6268169351513,4.36928107197195,3.59736549276124,4.60312293278832,13.9974802416306,8.76742102694709,6.3551551539,79.7039164753993,7.46527667129317,9.5471439884675,6.13818688297579,5.4609877425637,62.4587329249365
3.97983646013427,3.97983666446498,6.96471433288445,4.97479531572276,3.97983626085136,5.96975440978906,6.96471281176036,1.98991820074764,3.97983628998554,4.97479613460791,5.96975448446642,6.96471402781981,3.97983633017338,4.97479545073566,5.96975719312127,2.9848773446638,5.96975535485967,4.97479798707616,3.97983631307443,2.98487721713195,3.9798362850654,4.97479585171311,7.95967252604362,5.96975440029451,3.97983981744062,6.96471343375561,5.96975481988704,5.96975436950481,3.97983634504124,4.97479673887813
3.97983622837319,3.97983622837319,6.96471339965308,4.97479528546648,3.97983622837319,5.96975434255978,6.96470836183403,1.98991811418659,3.97983622837319,4.97479528546648,5.96975434255978,6.96471339965308,3.97983622837319,4.97479528546648,5.96975434255978,2.98487717127989,5.96975434255978,4.97479528546648,3.97983622837319,2.98487717127989,3.97983622837319,4.97479528546648,7.95967245674638,5.96975434255978,3.97983622837319,6.96471339965308,5.96975434255978,5.96975434255978,3.97983622837319,4.97479528546648
3.97983622837319,3.97983622837319,6.96471339965308,4.97479528546648,3.97983622837319,5.96975434255978,6.96470836183403,1.98991811418659,3.97983622837319,4.97479528546648,5.96975434255978,6.96471339965308,3.97983622837319,4.97479528546648,5.96975434255978,2.98487717127989,5.96975434255978,4.97479528546648,3.97983622837319,2.98487717127989,3.97983622837319,4.97479528546648,7.95967245674638,5.96975434255978,3.97983622837319,6.96471339965308,5.96975434255978,5.96975434255978,3.97983622837319,4.97479528546648
3.97983622837319,3.97983622837319,6.96471339965308,4.97479528546648,3.97983622837319,5.96975434255978,6.96470836183403,1.98991811418659,3.97983622837319,4.97479528546648,5.96975434255978,6.96471339965308,3.97983622837319,4.97479528546648,5.96975434255978,2.98487717127989,5.96975434255978,4.97479528546648,3.97983622837319,2.98487717127989,3.97983622837319,4.97479528546648,7.95967245674638,5.96975434255978,3.97983622837319,6.96471339965308,5.96975434255978,5.96975434255978,3.97983622837319,4.97479528546648
3.97983622837319,3.97983622837319,6.96471339965308,4.97479528546648,3.97983622837319,5.96975434255978,6.96470836183403,1.98991811418659,3.97983622837319,4.97479528546648,5.96975434255978,6.96471339965308,3.97983622837319,4.97479528546648,5.96975434255978,2.98487717127989,5.96975434255978,4.97479528546648,3.97983622837319,2.98487717127989,3.97983622837319,4.97479528546648,7.95967245674638,5.96975434255978,3.97983622837319,6.96471339965308,5.96975434255978,5.96975434255978,3.97983622837319,4.97479528546648
