53.0660409651558,58.6327233063772,87.1451106555763,112.904317414083,61.4169402818272,72.9802752295832,109.18369895671,81.2446906048326,94.4766889441731,77.4826694796882,89.1941508104265,65.1021807565593,90.9300075067071,97.4495766708501,98.0944831328036,73.5335995936923,102.724181420866,85.6332610126576,95.5262204367282,88.5539045971569,82.3947975826414,76.1609029592337,90.4849260054905,68.0021438214807,93.6380020743024,97.7030627944451,86.2477850146884,84.652907067746,52.5475394377041,90.9516650275564
53.0660409651558,58.6327233063772,87.1451106555763,88.7176698794881,61.4169402818272,72.9802752295832,89.508961078513,80.7664744867002,81.5542072960454,76.454900591697,63.4211855419957,65.1021807565593,90.9300075067071,73.7282502297165,72.9374121908481,73.5335995936923,78.6854743050054,60.3590998832631,95.5262204367282,88.5539045971569,82.3947975826414,76.1609029592337,62.1658378188037,44.7276810048961,84.244034438751,71.0686858698335,61.6251948419808,60.5348390035092,52.5475394377041,90.9516650275564
53.0660409651558,58.6327233063772,79.758477769725,66.1160305556484,58.7541104282459,72.9802752295832,69.355542145175,76.0519302704084,77.4378935415995,52.0303894047282,62.1845309293955,65.1021807565593,45.4528071114042,68.9735383652074,70.8194004216621,73.5335995936923,78.6854743050054,53.4747363194717,74.6537349147025,61.6729198935675,80.1776144620271,76.1609029592337,62.1658378188037,44.7276810048961,62.117041563163,65.1320301606905,61.6251948419808,60.5348390035092,52.5475394377041,90.9516650275564
45.3788924919434,58.1593809439324,62.8405792837814,59.2730597682513,58.6833189357523,60.7728421740858,59.530777276176,61.9629731629745,60.7513992866478,52.0303894047282,62.1845309293955,53.9501615363765,45.4528071114042,65.7078378800027,67.4979621830161,58.4852941441407,69.5933194800347,53.4747363194717,69.3270888203043,61.6729198935675,65.6498232162804,54.0376225688104,62.1658378188037,44.7276810048961,53.2746629834838,65.1320301606905,49.1207884809542,60.5348390035092,52.5475394377041,86.9090917413033
45.3788924919434,45.0979039691561,49.8798019440061,41.0229404647223,58.6833189357523,60.7728421740858,47.7688224402186,50.5770198402566,56.588968362825,52.0303894047282,53.3617823612333,53.9501615363765,45.4528071114042,55.0429514287574,54.5009824111372,58.4852941441407,32.5953019681144,53.4747363194717,64.2344425412722,46.1102072291905,60.4419921957362,54.0376225688104,58.0314936003938,44.7276810048961,53.2746629834838,55.3939371718603,43.0934475832704,60.5348390035092,52.5475394377041,59.4817129997208
42.474944257485,45.0979039691561,41.8992469939132,28.3867390754897,11.184485125665,52.2655822907566,46.2885218253372,50.5770198402566,49.0548609597101,52.0303894047282,53.3617823612333,43.9239786787416,45.4528071114042,50.4512256748447,48.0146495541512,51.7946238633854,32.5953019681144,46.5505805812734,48.6120268072301,46.1102072291905,58.4137965691709,43.0543941304655,40.7909082812956,44.7276810048961,49.9603677361464,46.7684628523523,43.0934475832704,38.6584479044702,34.0712579825172,29.8997818791684
42.474944257485,45.0979039691561,41.8992469939132,28.3867390754897,11.184485125665,44.3681718450059,33.0686511720018,50.506928763154,49.0548609597101,30.4290935711367,38.9962420393617,43.9239786787416,40.4822742237528,47.6860085819827,42.0947681606333,37.0586536162392,32.5953019681144,46.5505805812734,42.1743490868045,44.5193462719828,33.4875586350558,35.9367379144361,40.7909082812956,41.3819827232834,45.3831604327229,46.7684628523523,39.8457028198183,38.6584479044702,30.1095769354703,23.9242989705748
42.474944257485,41.5801971865003,37.2324722638079,28.3867390754897,11.184485125665,37.8238288827417,33.0686511720018,40.7458849040023,43.3679878299007,30.4290935711367,33.5250772822847,38.1561358620762,35.4474807799959,36.6003817616556,42.0947681606333,37.0586536162392,28.4642635234007,30.4538482137373,37.7137801430484,33.7977253035942,30.2565910630952,30.3367325267378,33.5609673880142,41.3819827232834,34.4692145763578,43.0502600044433,32.7024052923169,38.6584479044702,18.7329651059135,23.9242989705748
28.5512083650725,33.7972312855246,29.6619995311262,28.3867390754897,11.184485125665,37.8238288827417,18.7538851171483,30.9686349350998,19.0907947126647,30.1330911279065,33.5250772822847,33.2051420214789,32.8690455094502,30.624555052851,33.043511441134,18.3586020460427,28.4642635234007,27.1738633827904,31.9694101966644,30.7894143810836,30.2565910630952,25.6029343430092,30.6280891620124,36.9157703145933,34.4692145763578,34.3516009960044,32.7024052923169,37.2017930718691,18.7329651059135,23.9242989705748
11.0762016751911,21.7617724371438,23.5249667054608,28.3867390754897,11.184485125665,22.8286118570751,6.25736379251794,15.3045057334615,19.0907947126647,30.1330911279065,17.5452094591428,33.2051420214789,23.0037036474052,24.6989605779082,26.8953322802467,18.3586020460427,9.28854850002517,27.1738633827904,18.6363738204554,30.0670746402511,28.0360421587749,25.6029343430092,27.5481347331164,31.7568293056114,20.164438195077,27.9942961269517,26.0476180086974,31.9059063203848,18.7329651059135,23.9242989705748
3.98000442040154,2.99738570332806,0.996292007885359,3.09114543616147,3.98702491802112,2.98555884542395,3.97999253708338,2.99196946605286,2.01693069223506,24.2843653663506,3.9803420943723,3.32017511268214,3.98959097163265,4.97671617127412,24.1795779443868,5.17983319123562,3.98012985977834,2.03879503382609,4.97549504168353,6.01586005817262,2.05519184576121,3.9806915257991,4.6377228513154,1.2672087091396,3.980696766748,4.97962309556146,3.98875057015516,31.9059063203848,2.99866598328924,18.1077849044688
3.97983622848642,2.984877174075,0.994959057342498,1.98991832560978,3.97983622959066,2.98487717169132,3.97983622838478,2.98487717373496,1.98991812042459,6.96470975345653,3.97983622853633,2.98487729973567,3.97983622922095,4.97479528631607,2.9849904941525,2.98487745317414,3.97983622839513,1.98991812755287,4.97479528566691,5.96975435601996,1.98991813853274,3.97983622881793,3.97983632567059,0.994959112331117,3.97983622848358,4.97479528637314,3.97983623244022,4.97484041842779,2.98487717546448,5.9697694245034
3.97983622837319,2.98487717127989,0.994959057093297,1.98991811418659,3.97983622837319,2.98487717127989,3.97983622837319,2.98487717127989,1.98991811418659,6.96470836183403,3.97983622837319,2.98487717127989,3.97983622837319,4.97479528546648,2.98487717127989,2.98487717127989,3.97983622837319,1.98991811418659,4.97479528546648,5.96975434255978,1.98991811418659,3.97983622837319,3.97983622837319,0.994959057093297,3.97983622837319,4.97479528546648,3.97983622837319,4.97479528546648,2.98487717127989,5.96975434255978
3.97983622837319,2.98487717127989,0.994959057093297,1.98991811418659,3.97983622837319,2.98487717127989,3.97983622837319,2.98487717127989,1.98991811418659,6.96470836183403,3.97983622837319,2.98487717127989,3.97983622837319,4.97479528546648,2.98487717127989,2.98487717127989,3.97983622837319,1.98991811418659,4.97479528546648,5.96975434255978,1.98991811418659,3.97983622837319,3.97983622837319,0.994959057093297,3.97983622837319,4.97479528546648,3.97983622837319,4.97479528546648,2.98487717127989,5.96975434255978
3.97983622837319,2.98487717127989,0.994959057093297,1.98991811418659,3.97983622837319,2.98487717127989,3.97983622837319,2.98487717127989,1.98991811418659,6.96470836183403,3.97983622837319,2.98487717127989,3.97983622837319,4.97479528546648,2.98487717127989,2.98487717127989,3.97983622837319,1.98991811418659,4.97479528546648,5.96975434255978,1.98991811418659,3.97983622837319,3.97983622837319,0.994959057093297,3.97983622837319,4.97479528546648,3.97983622837319,4.97479528546648,2.98487717127989,5.96975434255978
3.97983622837319,2.98487717127989,0.994959057093297,1.98991811418659,3.97983622837319,2.98487717127989,3.97983622837319,2.98487717127989,1.98991811418659,6.96470836183391,3.97983622837319,2.98487717127989,3.97983622837319,4.97479528546648,2.98487717127989,2.98487717127989,3.97983622837319,1.98991811418659,4.97479528546648,5.96975434255978,1.98991811418659,3.97983622837319,3.97983622837319,0.994959057093297,3.97983622837319,4.97479528546648,3.97983622837319,4.97479528546648,2.98487717127989,5.96975434255978
