1089.63590856903,745.801637225997,620.226093639257,1145.30696150007,768.766651350241,866.990935626551,1350.42413336048,1319.10177456376,2386.4376950073,1499.37349881296,1376.58908670452,744.712682619216,1376.97263744608,1158.20306877887,1050.84564146728,490.485496672129,907.074910140044,1241.77700244009,1273.96017924527,885.098487060803,348.468854512258,541.953688008937,875.314993577254,1135.81409078829,2045.29438497306,985.116236904896,890.52048125287,1275.23359815507,2505.35725475694,2079.2103259061
1013.47805975447,691.936011017044,620.226093639257,286.852447766388,591.44005369128,137.192665753841,489.360353086385,1238.23538367085,1470.30218149444,1440.11009865515,739.773864474228,443.09834750797,1341.08154729842,1158.20306877887,571.042818133295,490.485496672129,422.512661682381,1046.41822866256,1132.16914768455,769.979355167808,348.468854512258,541.953688008937,645.585049026073,1135.81409078829,1205.39700506402,607.631624755871,890.52048125287,858.415849468214,780.574521770473,632.073019054095
670.085637153683,575.383604462921,468.372291110154,201.464716251931,225.519569651929,137.192665753841,489.360353086385,602.515546947669,1130.70117394921,977.404145650399,285.317278093547,347.000418534396,1341.08154729842,347.651005765671,395.777536477071,478.803781163082,312.145390856172,749.629381569554,511.257428841038,333.926570068538,348.468854512258,415.837609192226,480.811498372403,1135.81409078829,345.179102550956,498.585057085301,697.385283913032,564.641938318284,780.574521770473,632.073019054095
213.392478673128,184.335469276424,259.485439538441,81.7991118592139,225.519569651929,137.192665753841,264.271482962235,310.358881750338,776.488118190573,394.782323647499,188.50467004135,328.001235237125,554.610520790462,131.4170208089,184.228538572355,301.802014515621,312.145390856172,749.629381569554,366.352945068597,188.24484115678,348.468854512258,199.103397232654,257.292075690283,441.291883142527,293.219695393106,255.226943432033,405.86111972776,188.819436266305,544.153185665154,173.142322488387
192.601375501401,102.178663939082,221.733917893148,81.7991118592139,66.7452118018916,109.971678373142,96.7401659567132,116.77108926301,268.020653773125,176.56116176027,100.010008295462,207.574090365423,201.389706414272,131.4170208089,36.4861849849767,77.8678218001691,153.100333543396,116.267650416557,78.541815818931,188.24484115678,113.268083790649,80.5623440269674,57.7984446826797,237.425334292232,154.073623186657,94.5729868292842,198.293188555687,75.3089802886068,114.073112851334,48.1586259805991
14.5904146844466,17.6393792427742,72.7073106493046,27.9301101483086,22.9529096289613,29.3829450906102,86.682327340064,14.2403654951377,24.1619226100395,60.5455900678018,24.0726041142774,57.7403815683299,38.5571730959895,30.5738697197144,28.7307199003228,29.4561325931281,6.57870357268484,21.4249161261856,27.9303306641731,53.3032587711482,28.3660180181145,43.9937377963317,12.6146694365864,94.3069980632094,25.3030915602525,48.2623342493537,60.7240302759556,15.4853351996203,101.951416009985,14.955487857733
3.73502581546302,0.791801165048469,29.4187634099574,3.3683645335874,5.55903679220171,9.91412125627494,8.017585020242,6.07791146269017,2.53831980756786,2.80275255817332,3.14007696442889,4.25427164713278,6.24082737544177,8.80984749113304,6.4861884329548,9.23008290158009,6.57870357268484,12.7832896437056,4.07953217110128,3.20071996929983,3.04968387902181,6.66386221775372,6.11296533928567,5.50210160060522,3.41139830174507,3.48850073963411,3.81054643083644,3.21792843316939,5.09035289092549,4.45952448664002
0.306802091110399,0.14693879187746,0.486353491144882,1.14064838663001,1.08116445917551,0.396726470302383,1.26608201169734,0.897593184448169,0.636693004651192,0.402236261893677,1.41337598405153,0.413020113448511,0.819163649010079,0.824241805951488,1.20898247121852,1.4471311957592,0.811687144329312,0.549915203446744,1.14649005858769,0.213798626247012,0.299904617993548,1.01575201111598,0.484146996064283,0.440117975401108,0.378088285485546,0.911138998975161,0.750119778057638,0.251861596577555,0.902838691071565,0.669898652383381
0.00360148597985699,0.00484624978980719,0.014896367788424,0.0085370030917602,0.0234741631213637,0.0102901318258546,0.0127771353754724,0.0296655664097898,0.0169287752933087,0.00842893731794447,0.0199268018195653,0.0177913039792656,0.010430869142283,0.00878317326248634,0.00748630343969126,0.0121430262049671,0.0172724594175406,0.0417669018170272,0.00519752931825224,0.00597769135492854,0.0114814914934414,0.0296462500795087,0.0182097172697695,0.0111952816570238,0.0127094971282986,0.0206027411554714,0.0141839617546111,0.00310510531176078,0.0330554276218891,0.00594495112113691
1.86784859579348e-06,2.55964346251858e-06,4.62594266537053e-06,2.96154746592947e-06,7.18897490514792e-06,4.21065294631262e-06,5.36656136773672e-06,5.4408714049714e-06,1.18849746968408e-05,2.73689511232078e-06,9.12594282453938e-06,3.51666437836684e-06,7.12639450739516e-06,2.24579525820445e-06,1.01427349363803e-05,6.23857545178907e-06,7.80491825480567e-06,9.50552828271611e-06,3.48541254879819e-06,3.44391730777716e-06,4.79975449252379e-06,4.79104585338064e-06,5.53166330519161e-06,3.84395502806001e-06,4.65096877633187e-06,6.30795148026664e-06,7.36725894512347e-06,9.89286263575195e-07,9.88379633781733e-06,8.63104605741682e-06
6.13908923696727e-12,3.97903932025656e-11,9.32232069317251e-12,8.18545231595635e-12,3.87672116630711e-11,1.69393388205208e-11,6.50288711767644e-11,1.5688783605583e-11,2.92175172944553e-11,3.63797880709171e-11,5.47970557818189e-11,2.78532752417959e-11,2.27373675443232e-11,3.30828697769903e-11,4.77484718430787e-11,2.41016095969826e-11,4.91127138957381e-11,6.94626578479074e-11,1.87583282240666e-11,1.17097442853265e-11,1.53477230924182e-11,1.20508047984913e-11,4.82032191939652e-11,3.16049408866093e-11,5.9230842452962e-11,3.4333424991928e-11,4.12683220929466e-11,2.50111042987555e-12,2.91038304567337e-11,3.94493326894008e-11
0,0,0,0,0,0,0,0,0,0,0,0,0,0,0,0,0,0,0,0,0,0,0,0,0,0,0,0,0,0
0,0,0,0,0,0,0,0,0,0,0,0,0,0,0,0,0,0,0,0,0,0,0,0,0,0,0,0,0,0
0,0,0,0,0,0,0,0,0,0,0,0,0,0,0,0,0,0,0,0,0,0,0,0,0,0,0,0,0,0
0,0,0,0,0,0,0,0,0,0,0,0,0,0,0,0,0,0,0,0,0,0,0,0,0,0,0,0,0,0
0,0,0,0,0,0,0,0,0,0,0,0,0,0,0,0,0,0,0,0,0,0,0,0,0,0,0,0,0,0
