15458671.7498579,18422391.9923908,17830246.6763526,45081021.4393988,27643244.2599166,11554047.7850182,17257250.5562013,10546749.0546509,4564735.87931038,17642736.0729266,9057649.62653089,34753611.743196,43353749.335816,18779768.422512,1605121.69718132,14412044.3070222,13443990.7953033,18722510.08133,20718124.8571281,12963188.5687784,12380002.9759095,24204538.9041295,16035848.3041269,16804271.687807,10778413.9856871,13364894.416069,4054084.48586112,26964838.5221719,46540007.0734444,63262288.7426696
281059.939379145,370584.105557894,485067.993277213,441071.417663073,356496.539206595,867275.883558183,731737.901665965,413661.786848165,373006.833294523,764687.020177238,361459.0094808,678306.180818246,502033.259856419,764982.909841293,429428.717750715,607842.509160249,352712.02033997,813137.500786882,306758.910149779,951358.81510005,297151.753904725,359228.742124517,691083.179717933,816370.640552489,542473.507843192,397202.194491904,223645.135926324,229583.784168166,854852.279137258,1541937.51760567
18052.7091165508,45824.6312022561,36202.467728075,25961.8175949923,49945.4883106785,53170.0495017181,51577.6781532098,49710.326703059,29423.887130251,56584.8537129955,18538.080409589,64406.7340188932,58585.8347326827,39029.012393587,34831.5279353627,32294.002338971,32899.2032702118,39484.7362074166,31175.0954079072,47344.2671969385,13382.8351606317,46297.8404128298,41714.3175742706,69501.0034320356,33243.3862026663,30042.7517033893,30946.8034368821,22521.1576488918,58885.1785352719,105220.544407551
518.638429200551,405.709147756964,669.972613861379,392.105041640126,591.450102074618,379.063084783056,1113.97414071978,1225.28179627464,362.775300926869,1002.08012020423,393.002855987794,604.118049810063,411.276185611511,1180.04105381842,830.864448086541,567.030621407208,306.397651359197,612.363558177251,341.473680944892,2520.0127983022,952.577353354653,303.539487684294,595.318582972287,374.346019463114,509.52357197151,925.256589485722,517.429088642006,516.756298967073,480.000729693527,797.403944288555
42.4037854157186,35.2680472088159,57.6155629067259,45.4414581110079,80.9144219956545,66.6268896500878,67.3667267950386,44.3554234078147,37.0312350901345,72.3968671426817,71.283930220711,85.2778035699712,31.3165989359516,58.8224879820109,45.0572408147148,77.6703148125703,42.1904450817731,44.5909568726725,47.3414214865829,102.706637679738,12.4335514420613,76.542121380756,78.0625881817714,14.0930593865839,39.4150725656716,67.767987550317,45.3565751154376,56.105594460576,49.6026398814604,32.6352104947946
41.8677686029303,33.9797330966044,43.027929907184,43.6657764107565,80.2585122293067,64.8077572963662,62.8226939942767,36.0234974679586,35.5105018972747,70.8114524739412,69.8283569058603,80.7340822529313,28.0450725146147,56.840700014332,42.0410143151976,73.801103870479,38.0530443705616,38.0838868697765,42.0163644841703,100.596490194061,11.1693200027075,74.859851211738,71.7873241411714,13.6033061796654,37.5667503349334,58.8722503266854,43.3995469140921,54.0059346541689,44.9539275514289,31.7870193941033
41.8655711654205,33.970988105666,43.0108498983172,43.6409904215689,80.2562401628363,64.8037833227008,62.8143526886834,36.008228593628,35.5064881773239,70.8049524327953,69.8257928549287,80.7171376578026,28.0391991050026,56.8352748120569,42.0324905100326,73.794273578163,38.0474216933189,38.0721875568056,42.0109726463727,100.591270856348,11.1653736020289,74.8538792372717,71.7748586998496,13.5936621197104,37.5609734294312,58.8553688548409,43.3958577573449,53.9981475653431,44.9390060083019,31.7820434403945
41.8652822511849,33.9700222677179,43.0099946100256,43.6406833447356,80.256208859686,64.8036161734553,62.8139533052993,36.0074634667508,35.5064276334849,70.8047137842386,69.8256384680681,80.7159201178897,28.0389759412067,56.8351305683955,42.0318037066259,73.7941389723751,38.0471637518649,38.0716983580432,42.0106854088283,100.591053355962,11.1651586076848,74.8535052951795,71.774441358762,13.5934246938514,37.5608520377762,58.8548051451517,43.3957574387575,53.9976352636033,44.9381780702884,31.7819754159343
41.865270781957,33.9699794717746,43.0099587932334,43.6406806440486,80.2562082662696,64.8036102810813,62.8139334819457,36.0073984335295,35.5064264753094,70.8046959859653,69.8256303769492,80.7158814012105,28.0389663673752,56.835123761648,42.0317684402098,73.7941287898807,38.0471511485634,38.0716828563254,42.0106723167078,100.591041704154,11.1651521036702,74.8534916285175,71.7744352886136,13.5934198886002,37.5608507653931,58.8547664245775,43.395755624905,53.9976170660821,44.938115681105,31.7819740178861
41.8652700940213,33.9699769344913,43.0099572442543,43.6406801899757,80.2562078943197,64.803610081115,62.8139321138863,36.0073948236761,35.5064259783851,70.8046952208961,69.8256301684296,80.71587840505,28.0389657726637,56.8351233074779,42.0317662622726,73.7941284099038,38.0471504847396,38.0716824417614,42.0106715240922,100.591041225631,11.1651517993919,74.8534909981011,71.7744345675642,13.5934195025482,37.5608503125791,58.8547648299227,43.3957552267843,53.9976165719745,44.9381134426758,31.7819732461885
41.8652700292705,33.9699768635292,43.0099571376663,43.6406796187791,80.2562076814233,64.8036100425436,62.813932036375,36.0073946414459,35.5064254730155,70.8046951238855,69.8256300503481,80.7158782539846,28.0389656977247,56.835123269467,42.0317661126205,73.7941283006498,38.0471502681901,38.0716824166411,42.0106713760306,100.591041192601,11.1651516812726,74.8534908328631,71.7744338720242,13.5934190225491,37.5608497803451,58.8547647710113,43.3957547619088,53.9976165515054,44.9381133413103,31.7819723577129
41.8652699647018,33.9699767578416,43.0099569899253,43.6406792184544,80.2562075867349,64.8036100092306,62.8139319063753,36.0073944962576,35.5064250821615,70.8046949701509,69.8256298905123,80.7158781827688,28.0389654564758,56.8351231520689,42.0317658954186,73.7941281564072,38.0471499891005,38.0716824063875,42.0106711044637,100.59104111793,11.1651515686156,74.853490602238,71.7744331527806,13.5934186070256,37.5608492028916,58.8547646674019,43.3957542902049,53.9976165490416,44.9381132249871,31.7819715995606
41.8652698551145,33.9699766267088,43.0099568267199,43.6406788884681,80.2562075614362,64.8036099456228,62.8139317356502,36.0073943140599,35.5064248508461,70.8046947353325,69.8256297586747,80.7158780653144,28.0389652459776,56.8351230374005,42.0317656349371,73.7941280306409,38.0471497470728,38.0716824014248,42.0106708346511,100.591041021993,11.1651514413313,74.8534903401087,71.7744325065046,13.5934181028615,37.5608489026963,58.8547645748538,43.3957539104777,53.9976165475869,44.9381130946731,31.7819708029178
41.8652697184066,33.9699764977115,43.0087938960673,43.6406787351857,80.2551381501146,64.7984082031178,62.8139315733281,36.0073941526668,35.5059610907965,70.7951220295377,69.8254041507273,80.7158779214419,28.0321369958276,56.8306035652015,42.0317653472657,73.7816128637864,38.0443555811244,38.0708528399737,42.0068659705246,100.589078464319,11.1570177929552,74.8534901017306,71.7744318678833,13.5934178806872,37.5608486612939,58.8508258005438,43.3806847499056,53.9976165472542,44.9381129643182,31.767924947713
