181.691012004424,238.068654855482,170.663575091034,342.573111337026,82.5898814919137,140.163084179423,185.830747859302,140.55928968392,182.019304941824,214.494612008181,224.759154239392,243.899470412336,284.401741512927,238.882711715978,217.884521597612,150.088888038882,230.152440728386,209.841296391682,169.471923741767,178.348033068351,138.172130156552,155.41198179674,357.81089124906,251.125155101948,175.607475952694,164.601106055881,240.042996688721,134.251582461942,257.040611099199,126.157778012232
181.691012004424,238.068654855482,170.663575091034,337.526936608848,82.5898814919137,140.163084179423,183.265885240597,140.55928968392,182.019304941824,170.477703070221,224.759154239392,170.460806500607,284.401741512927,238.882711715978,196.080926585714,150.088888038882,150.299160222793,144.45290066147,169.471923741767,178.348033068351,138.172130156552,155.41198179674,252.676172411082,251.125155101948,174.524762456597,156.544077994336,240.042996688721,134.251582461942,257.040611099199,126.157778012232
110.794511530464,238.068654855482,170.663575091034,192.779126658916,82.5898814919137,106.646843226856,183.265885240597,140.262228846653,182.019304941824,120.560189948199,224.130109898127,101.846629555898,284.401741512927,238.882711715978,178.61418933614,150.088888038882,139.387411052997,144.45290066147,169.471923741767,178.348033068351,138.172130156552,155.41198179674,205.549644488543,183.252122800834,174.524762456597,146.914919143733,237.917597193276,134.251582461942,257.040611099199,126.157778012232
110.794511530464,222.881293628248,119.930105011513,159.4540755889,82.5898814919137,106.646843226856,151.342951810208,128.193451184187,182.019304941824,120.560189948199,113.702323453827,101.846629555898,180.776788703803,103.323910198771,178.61418933614,150.088888038882,139.387411052997,144.45290066147,169.471923741767,178.348033068351,138.172130156552,90.421074663449,205.549644488543,183.252122800834,174.524762456597,146.914919143733,202.940125388959,134.251582461942,152.183199132257,126.157778012232
110.794511530464,114.56554139667,119.930105011513,93.8450455607085,82.5898814919137,106.646843226856,119.77971540104,128.193451184187,96.523337869563,120.560189948199,90.5086995872894,101.846629555898,122.547468187048,103.323910198771,130.447942649293,140.782354321313,123.002333986372,144.45290066147,146.524628924179,103.663557501952,138.172130156552,90.421074663449,132.298276532453,87.930003524747,131.959132705615,108.03352597402,132.644535650395,104.450145512556,119.685813698653,126.157778012232
110.794511530464,108.147319628666,90.0410497002067,93.8450455607085,82.5898814919137,74.086019258265,102.222138212996,128.193451184187,96.523337869563,110.3042389541,90.5086995872894,101.846629555898,118.104350279183,87.8697223953059,113.30006958108,90.9057342016235,123.002333986372,102.68574861203,115.778864548589,55.6272060052411,102.973003647041,90.421074663449,121.874206840639,63.961625507161,124.551703572101,108.03352597402,98.1225641333208,65.5954156511439,91.6631143443706,95.0145145545421
88.5501902993838,91.6027521352676,60.9141716516115,59.5897469324495,82.5898814919137,74.086019258265,96.0748652949169,107.32666996787,93.3907812692537,78.0571197248419,62.6857972064827,94.0058792161776,52.4261441419599,87.8697223953059,93.6898775151371,81.584076853796,100.984382972197,102.68574861203,102.592484568081,55.6272060052411,81.6260494214448,81.3554702767706,89.7395334182602,63.961625507161,111.483585186183,86.537876395093,92.7612969286192,65.5954156511439,72.6613748909031,66.3759443456743
61.7452473379931,88.1760650457668,60.9141716516115,59.5897469324495,71.9456946262512,60.6993520068559,75.3653589826158,65.9118814509629,56.4570454236318,78.0571197248419,62.6857972064827,80.2543635139832,52.4261441419599,87.8697223953059,58.6124200842755,56.223214019743,79.0735386690867,71.7545956390995,72.2045717323495,55.6272060052411,71.476015484558,69.3337082835124,86.5475784173905,63.961625507161,82.207980912714,74.6791518704754,75.360944373469,65.5954156511439,58.2544183608661,62.9448742359868
61.7452473379931,71.6795252714528,47.4448583431783,59.5897469324495,66.0161890288346,60.6993520068559,64.0787941225503,56.6882643147492,52.8311036841683,58.1710229347718,62.0150460338441,64.2067503769708,36.5107335377643,75.6175193357258,58.6124200842755,56.223214019743,61.8695598977415,57.3775752630763,67.5517774206792,54.1154120598094,47.3514762406658,52.2945532310855,48.1544186968345,59.9316368705172,54.0271213364554,48.4208078537795,58.7823481761352,58.4725714149249,58.2544183608661,49.663437168083
32.3860453476339,57.7855492042136,44.7381162748534,34.8050055707783,54.1142414128922,59.6692467728349,58.1579431512168,51.7776496952497,46.0323643150498,31.6233529494416,32.0344977484147,60.6887989526299,35.4428601888014,51.7923812819408,54.8126636696556,42.1214782091583,40.1706563445853,42.4138426804166,45.9121358090679,49.8474607248886,35.0901567364065,31.1050267929329,36.757374294843,59.9316368705172,33.2563839315428,48.4208078537795,36.1454752297914,52.3359498907716,32.4014883022542,29.3729501840623
21.9271003831375,35.4347471517199,27.2411520973926,27.7303243615413,47.6321989846936,33.6253864151226,45.7862456167684,31.7872241226244,29.7760771137685,12.4355357890786,13.3822343685199,47.3624401415047,21.2214760824897,38.4557333958203,52.3209617973166,29.724111753098,27.8868938593528,14.0321286045514,28.8792161623671,20.2808994572324,23.4566007576555,26.7526255451307,23.5633159308438,52.4614249121801,12.211094811878,47.2472944334463,14.2324695063578,34.2908315640532,27.0130009414056,11.1354055832624
4.28989683873397,26.5557495881851,23.109007950884,23.1704642431155,29.0233487135972,23.0574532958146,13.110669418209,23.2874835134567,9.20085105755243,3.6592444077512,2.71258979765366,8.1105235856362,5.34011014551925,21.4736954123382,13.7039627735962,9.18625792920079,24.0216381145674,3.58120336556522,20.7775965523597,2.60257246561332,21.3626179930889,21.7759538553848,22.8484948965229,12.0675164624408,3.12266313647046,16.610300265043,2.93309914537213,23.0347191987216,21.2667962335588,3.21876822424588
2.32482722822238,25.6387751614125,21.2419953467102,21.7248507285979,1.63468093455344,21.3615499751984,0.629064600536367,20.7274025524703,3.02454692896686,0.624977844437581,1.3873036864934,3.98171753012161,0.625629482580052,21.4399027206455,1.22404263473823,1.6221779055104,21.602069968955,1.22616184540379,3.91701674676892,0.000396553417431278,21.3626179930889,20.9916198762953,21.9649276705795,1.25027366536665,0.0497222760557179,1.06299939283736,1.29710344061618,22.2145552707834,2.54789576263329,1.68191919180799
1.69281676486685,24.1386778978433,20.4686595539656,1.61906825152528,1.61905843165619,21.3615499751984,0.624099337036796,20.7274025524703,2.83278753198874,0.624099328797456,0.812304230220889,3.97983119673722,0.624099323024666,21.1915642610466,0.624100490440242,1.61905838418602,21.533567507088,0.000473445079251178,0.996001686185309,2.39219843933824e-09,20.8150010774432,20.7952079718311,21.5732204496699,1.0956570484741,2.86468775811954e-07,0.994959364641318,0.00295205322936454,20.7244643347171,0.921281075754678,1.56708458946832
1.29198321502872,24.0254484255322,20.4686595539656,1.61905837871336,1.61905838102143,21.3220936414068,0.624099321515814,20.7274025524703,1.63128540317302,0.624099321432368,0.0143662972186576,3.97983119276091,0.624099323024666,20.9023600657838,0.624099321685435,1.61905838006669,21.4247006645892,2.48064679908566e-09,0.994959060431938,6.34372554486617e-10,20.8150010774432,20.5971323270676,21.5732204496699,0.435093295232491,2.5718236429384e-09,0.994959058613858,2.28851604333613e-09,20.6738292682649,0.560292671237903,1.36982104713593
0.62445704765787,23.9790477213032,19.998559116422,1.61933149635638,1.61920820457317,20.6242379235989,0.626249282136769,20.0000430187768,1.61958945926517,0.625472591250173,4.26065701049083e-05,3.98118255068266,0.624242347515292,20.0013689215364,0.624442400970565,1.61917210078695,20.6241929348801,2.88021587948606e-05,0.995352891194216,0.000300202942526084,19.9999350512223,20.0001062836075,20.6241488903984,0.000147032212225895,0.000243989930822863,0.995086001333902,6.20377950326656e-05,20.624273613472,0.00107071031857231,0.997230387245509
