264.990013382404,193.779240934033,95.8116056431527,192.921307711802,128.25453325128,486.600935370112,197.849581097326,123.491029846226,609.329853132983,403.081643407695,430.236175394834,223.235201038177,150.933354708259,281.093494738118,158.40198195097,459.924221548054,134.673529783492,440.477660311592,303.412823927686,551.694824437822,405.188142726205,345.309451426604,55.1112440487236,108.885306873952,239.101465510836,518.040931286471,169.175927479552,318.225330138323,62.9770718683753,804.697807447743
218.490952764036,183.82330614081,95.8116056431527,192.921307711802,128.25453325128,298.132221510979,197.849581097326,101.818173067732,585.966518438477,403.081643407695,171.638477968443,223.235201038177,135.043029980163,85.6544505098641,158.40198195097,459.924221548054,83.5416941953235,245.633841492491,303.412823927686,161.40679258269,69.8242796713366,187.682115670104,55.1112440487236,102.740619933286,239.101465510836,121.949061905992,169.175927479552,318.225330138323,62.9770718683753,481.687329133633
218.490952764036,183.82330614081,45.0855834865251,86.7754566789449,128.25453325128,298.132221510979,197.849581097326,101.818173067732,155.080369357327,81.3793282523939,59.1544281701763,223.235201038177,135.043029980163,85.6544505098641,158.40198195097,85.9363977794651,83.5416941953235,238.838503517315,91.6288632170599,161.40679258269,69.8242796713366,154.406102267153,55.1112440487236,51.5521980858216,239.101465510836,121.949061905992,129.083023098531,318.225330138323,50.85472801982,187.370450482319
104.346961927966,95.873341835862,45.0855834865251,86.7754566789449,54.9412277792826,167.096302842504,192.437890778685,58.3948739496868,155.080369357327,81.3793282523939,59.1544281701763,73.8580836224824,135.043029980163,85.6544505098641,77.9209158723529,81.1550751989812,54.8938702754172,59.1097692955473,91.6288632170599,161.40679258269,69.8242796713366,58.4362855286067,55.1112440487236,51.5521980858216,161.334101424093,106.784373652007,57.2592548854768,244.339136212685,50.85472801982,58.8624551725652
82.2703585892446,65.6794756588861,40.4125401947717,74.7329338555442,45.4910450179223,61.5538911787007,76.3903981257236,54.5476786741074,67.2963296562311,81.3793282523939,40.4914903662102,73.8580836224824,135.043029980163,42.5660068497418,77.9209158723529,68.6683762790394,54.7362208405175,59.1097692955473,91.6288632170599,159.281702683788,52.5592640869231,58.4362855286067,47.5731593914393,51.5521980858216,60.3272440707574,40.5433781560769,56.4972918746371,197.791663083926,50.85472801982,52.062085815292
34.6050467946811,52.2746086543157,40.4125401947717,54.0080362248518,45.4910450179223,61.5538911787007,75.7215306654261,29.8222151979326,49.098635346988,47.3304629554209,40.4914903662102,44.2039045777774,41.2310444699178,42.5660068497418,57.772655087681,48.8882544431058,43.2921744931468,33.9739828049173,47.6272214929359,51.8766687387397,42.480567655567,45.0179137529085,39.9440331672272,51.5521980858216,52.5762184677474,40.5433781560769,56.4972918746371,38.640695123574,40.258542512825,45.5884170852
34.6050467946811,48.7937242568532,39.6666862938328,35.9940611156858,43.295683297179,50.0465440337034,44.3670105784777,29.8222151979326,35.8786939834395,40.8780399707739,40.4914903662102,28.9102754533033,38.9992022292454,42.5660068497418,41.1953576928249,29.7038314868369,43.2921744931468,33.9739828049173,41.1377014922109,36.5225818999365,38.5928520390435,44.2145693014209,38.9172679195453,38.4702852009632,40.4648232137588,34.9784389318761,33.6168437015031,38.640695123574,36.4551393790625,41.5841604980842
34.0362599927284,35.7547864264443,28.525012979534,35.9940611156858,35.7394300635742,36.1208537144539,37.4688729372597,29.8222151979326,28.6104183808434,31.3776409188695,33.3377758885131,28.9102754533033,36.0700874518266,36.9084482045128,37.4445472629513,29.7038314868369,33.685784815274,27.6833042707558,32.7279102350867,34.7949074721982,33.9527554910792,26.3031939687094,36.5560623806236,28.2129433647956,31.1707331468806,34.9784389318761,33.6168437015031,36.7792567435977,30.2674605731718,30.4416784894665
32.3052221796024,34.729732790935,28.525012979534,32.6518793560331,32.5515889827548,32.9393432025404,30.8279462750588,29.7312162626322,28.6104183808434,31.3776409188695,33.3377758885131,28.9102754533033,36.0700874518266,30.1913313704003,37.4445472629513,29.7038314868369,31.4544885098526,27.6833042707558,32.3453359066434,32.9172337456653,33.4195352651486,26.3031939687094,31.1074591760525,28.2129433647956,31.1707331468806,34.9784389318761,33.6168437015031,30.8110122111966,27.7355337175586,28.5263780897981
28.3366017250191,29.2831762446294,25.0505106189921,32.6518793560331,32.5515889827548,17.653369118013,26.9743796905409,29.7312162626322,28.5661085547094,29.2021156009828,25.8731652082301,28.9102754533033,32.4954999986167,30.1913313704003,32.3384279640227,28.9344070711672,25.2732237249875,27.6833042707558,30.7428363198605,29.0708111207814,31.5827480100138,26.3031939687094,31.1074591760525,28.2129433647956,31.1707331468806,26.806192854488,26.7877629073964,23.9926799279765,27.7355337175586,25.8662973654159
24.5323583691988,18.9398829770485,11.7413157808419,27.9770606019547,26.7173872142466,10.188035660065,16.4562300607799,25.283542588435,25.936632245377,25.8805701810761,12.8998699181593,27.9942862798607,28.5572981662935,28.0433245846766,18.149321375683,25.4902336545119,24.0562199600377,27.6833042707558,30.5786008218915,28.367653442745,26.7180898030861,24.9598181174301,30.5978334675797,26.0379206891675,30.1090993331086,26.1077277670443,26.2540273509967,12.4798083842697,27.7355337175586,25.8662973654159
24.5323583691988,18.9398829770485,9.59576059964911,27.9664365646636,9.20128739305301,7.61282706387146,8.88695386452537,17.8851426654392,25.936632245377,24.8362725586398,9.42725938552258,25.2877379730157,25.6894991811955,25.4076091152851,10.3188456301727,24.3970866897143,24.0562199600377,24.9960353844508,25.9278446218937,27.891261754145,25.4645073172442,24.5825740815571,25.4845147479059,24.8442979122588,30.0115125923362,14.0311762361653,25.6329226609728,9.81048160252794,26.8905326404542,14.1363887685393
24.5278097589762,18.9398829770485,4.50060438984065,26.0841266647785,7.18707176079988,6.8041003244798,5.6825409400326,4.80102562227012,24.6014738634044,23.9887255649141,4.64707492094703,25.196660926701,25.3386706635733,25.4076091152851,6.28743661420003,24.3970866897143,8.25224808872781,24.8585888856423,24.3386349397624,26.3417818720741,25.4645073172442,24.44630096317,24.8549537602571,23.725128157133,24.4070170034738,6.01231285761423,25.0626785751783,6.1788515215826,25.0715518171896,5.88808149637634
22.899486145393,18.9398829770485,4.50060438984065,19.3623745728419,6.22334201198282,6.09966473600343,5.14904537392886,4.80102562227012,24.6014738634044,23.8088414360755,4.45832206335581,23.5007104106503,22.2919121707664,24.3151120304096,4.44123121620623,24.3970866897143,7.60830497401275,24.8585888856423,5.21918018933366,25.1000828657116,24.609967846397,24.184651870793,23.9181058626527,7.41805627438862,24.2653206166738,5.85989273686755,25.0626785751783,4.42831408356187,24.5137873799035,5.33986854644672
22.899486145393,8.42806859405482,3.17428822843613,15.4147971779148,5.14505300431574,5.29734689135148,4.89197928883777,4.80102562227012,23.1769369296862,23.8088414360755,4.21366490287483,22.7686407491292,21.9623709371804,24.3151120304096,4.44123121620623,24.3838288735051,4.96451586955709,24.8585888856423,5.21918018933366,24.5823391523581,24.36703098934,24.0195317440939,7.74400843169451,4.97521547015185,2.37831495378214,5.54473909952821,23.689543215015,3.65939062395864,19.8457519298445,0.178691772784077
20.1591612010234,0.862983601872656,0.17223694518907,0.63111967563691,1.96542866509162,0.303586000698033,0.00649100355485643,0.0123362382273626,0.836452434945841,20.7385428342345,0.0270957112311407,20.1973913682555,20.0528748273227,20.7813616896324,0.181132979167614,20.0765083854867,0.242943814526825,20.7287807731682,0.182752638323564,20.8133265679376,21.5571990265566,20.9368192946254,0.00573338509502719,0.693124521538266,0.192532894598116,0.776905400591659,20.7377016800133,0.142992939866872,1.81934233489164,0.184901870923568
