56.7610476392215,37.4324656633694,43.8677700795147,39.0493967809325,52.7803590416675,62.5121621046046,46.199095456464,51.6948409294391,38.7323309941025,87.0995231745705,161.703707784467,53.7466989956379,41.9158906311495,53.8737543446891,45.2549321580859,69.4668023856225,72.2788215930141,51.2839981128809,41.0531183562871,33.3176866610843,45.2088408540931,55.1328477571624,63.3363062186509,67.7171286557468,44.346998719539,41.1420198661776,37.0723884460067,81.9294123606983,46.0560190563883,47.3277821064867
38.9637184212611,35.1969750374265,32.4598671676335,34.6705116129624,31.1471033011608,36.9839591817422,37.3747688222429,26.01683009525,36.4476549686483,87.0995231745705,114.161516347126,41.2552981628428,41.9158906311495,35.1131195506837,40.1227471874345,48.7959913533214,26.4121554359886,34.7133040843373,28.4802415941972,32.3255907036018,29.7193571359699,33.4747544433035,27.2818546063531,56.2266234178146,35.0848935353652,35.9398906990205,34.1731357008539,38.2306130031188,30.1945322266397,36.4062347231802
38.9637184212611,34.0044719312232,32.4598671676335,34.6705116129624,29.8518444179217,29.9354640232464,33.6938852479288,26.01683009525,36.3612637513861,87.0995231745705,32.3875412664934,38.9496715693654,37.9931469959079,33.0085878978493,36.5403620646621,37.363052954086,26.4121554359886,34.7133040843373,28.4802415941972,32.3255907036018,29.7193571359699,33.4747544433035,25.1541720906475,37.044303872367,34.0795850309414,35.9398906990205,32.6870469877613,37.3495002375771,30.1945322266397,29.5087181508411
33.6328020787937,33.5407813961383,29.4049891569553,27.768495793769,29.8518444179217,27.6462417944003,28.0876422902456,26.01683009525,25.5301872741775,87.0995231745705,30.0578833990876,33.5336360622755,31.4534808768685,29.3629639595661,26.5579414377153,35.7067706956818,26.4121554359886,34.7133040843373,28.4802415941972,32.3255907036018,25.3963160012459,33.4747544433035,25.1541720906475,28.633703607351,33.0372605955763,29.6238536444434,31.2101463381555,30.6949067309029,30.0142284916933,29.4735540565448
27.0925626115627,23.7656422641408,28.568431578648,25.0050937656024,26.4226557046081,25.6097442452719,24.5642267850044,9.79132597692751,12.9179127097877,87.0995231745705,26.4748547934064,24.8025331719045,28.3267440960453,21.5957943030307,13.1456986886292,12.9722095069292,26.4121554359886,25.7860906170968,28.4802415941972,25.0671975738428,24.0446479915836,27.980503924523,11.0346910318171,20.3269267751925,29.4629158254911,9.45066645545876,25.6511347711435,24.2856705174127,29.6529485232327,14.3688750392766
5.95284671801301,23.7656422641408,26.0308847911342,24.4313318275686,24.6265191133816,25.6097442452719,24.5642267850044,6.93845866256834,8.14557048822417,87.0995231745705,24.650582975079,11.6779219759178,12.4402194545264,10.4965042634126,7.29638917180591,7.44257256500532,9.83981793049134,24.2825683638916,12.528305819656,24.5615259325632,24.0446479915836,23.987829833713,7.59106669551829,7.02477320340222,29.4629158254911,8.71750293401328,24.6033149410696,24.2856705174127,25.3736856214159,8.64165096086344
5.95284671801301,23.7656422641408,25.5449004571919,24.4313318275686,11.2590592597062,25.4841404147869,17.486742686815,4.59097012776738,7.95545814135357,87.0995231745705,10.9729847170638,4.2061640000029,5.07881283074448,7.37310218788753,4.33933840790405,6.06644580656439,6.52919398532958,23.9769759434512,4.88557338207283,24.5615259325632,23.8430789153294,23.987829833713,6.51189866231516,4.68189331677058,24.9599191536558,6.89941909226536,24.6033149410696,24.2856705174127,24.6969011131218,6.11660793324472
5.95284671801301,23.7656422641408,25.4212073669714,24.3075070067548,4.36729856871989,25.4841404147869,9.4493334912504,4.59097012776738,5.81268589533875,87.0995231745705,6.58149446632615,4.10156876703786,4.45065495082827,6.83371434801529,4.33933840790405,6.06644580656439,5.54450970809239,23.9769759434512,4.88557338207283,24.0089256633378,23.8430789153294,23.987829833713,6.26926672328227,4.68189331677058,24.5066815128248,6.59056292423111,22.8936589001241,24.2856705174127,24.2244845057739,5.08813027716405
3.41031167113033,23.7656422641408,25.3134703498167,22.6692477851352,3.9633497983541,25.4841404147869,5.46113811624218,4.38127529686199,5.64090801448856,87.0995231745705,6.58149446632615,4.10156876703786,4.45065495082827,4.00730298563712,4.33933840790405,5.79595856032347,5.54450970809239,17.1163575407109,4.88557338207283,24.0089256633378,23.8430789153294,23.987829833713,6.23683376291592,4.03176178038575,22.6652596038011,5.42806793516775,11.5743832916733,23.296983335516,24.2244845057739,4.45669592569448
3.41031167113033,23.7656422641408,24.8349401332048,22.6692477851352,3.66771560851794,23.2568376135359,3.87021855477678,4.38127529686199,4.70985287507892,87.0995231745705,5.34455439119256,4.10156876703786,4.20961132135517,4.00730298563712,4.33933840790405,5.71033031040315,5.53996033295516,7.58749001091519,4.88557338207283,24.0089256633378,23.8430789153294,23.987829833713,5.81875565563041,4.03176178038575,22.6652596038011,4.8986699332072,7.2535715495892,11.4577953758831,24.2244845057739,4.45669592569448
3.41031167113033,23.7656422641408,23.6626004964432,22.6692477851352,3.66771560851794,23.2568376135359,3.16493975456478,4.38127529686199,4.54240381407817,87.0995231745705,5.34455439119256,4.10156876703786,4.20961132135517,4.00730298563712,4.33933840790405,4.4536553435205,5.472255423364,5.24727210574019,4.88557338207283,24.0089256633378,23.8430789153294,23.5476294082164,5.335186860058,4.03176178038575,22.6652596038011,4.8986699332072,6.29129289524917,6.96998686215829,24.2244845057739,4.08489453814263
3.41031167113033,23.7656422641408,23.6626004964432,22.6692477851352,3.51651410419754,23.2568376135359,2.88213756595178,3.04829849864609,4.54240381407817,87.0995231745705,5.34455439119256,3.80332773354485,2.19387512252706,4.00730298563712,4.33933840790405,4.4536553435205,5.472255423364,5.24727210574019,4.88557338207283,23.8899787295563,23.7771014620448,23.5476294082164,5.335186860058,4.03176178038575,22.6652596038011,3.72822722192632,6.29129289524917,5.33635339376906,23.8839579638311,4.08489453814263
3.41031167113033,21.2108453622377,21.7593704989104,5.34259010519963,2.89187211570788,22.8569233234812,0.926958769359317,3.04829849864609,4.54240381407817,28.2671721914821,2.17125198835811,1.48674937604665,1.02374791567263,4.00730298563712,3.32674761812859,3.97085706948246,3.72094291695339,4.64923849062006,0.99619741488641,22.0399070991903,23.010095182085,22.346837286259,4.85940950856093,3.64475081803721,22.6652596038011,3.72822722192632,1.81621648580085,5.33635339376906,21.5164937539753,3.88358240759771
0.00799286094479612,20.0803419521631,20.7876514026393,0.558131146130108,0.958235256571243,20.8283270949005,0.676709799498894,0.835504312569356,0.806322922702748,20.1557765439475,0.904012129399689,0.044168712543069,0.965453761883509,0.766140674346843,0.30892920653514,0.823762976132457,0.743700352550604,1.3477827239908,0.0816728368731674,20.3292736756675,20.9636078241292,20.1865182539132,0.798894207315698,0.338454440660371,20.1524985089718,0.737996892520641,0.219866192321206,0.415094414555824,20.1487523102019,0.76791869968838
