1151.47530763144,1011.61242328548,239.950117524304,1347.7474589365,940.418899245541,867.5663351096,2413.07631697838,1228.6585097782,876.247687077056,586.779767333858,760.779852076368,926.246235063431,357.852304951777,2026.42798966033,1558.98269681093,3175.29829889448,3323.32630097786,1932.02391539087,778.306758979337,1838.34478576368,1323.37472561159,2367.93624766124,1447.89067053285,655.436199737544,466.087476098222,613.546625226771,1040.76746400388,405.436816973093,1234.58547819153,548.670969800502
598.398979690657,764.671561905972,239.950117524304,1054.38350129282,940.418899245541,867.5663351096,1230.48632861401,650.724727907973,256.108780267877,373.045021697447,760.779852076368,655.606323532008,357.852304951777,2026.42798966033,991.055380781931,1605.12431632577,1614.47131410809,860.001767094921,778.306758979337,1145.89480696409,1018.51804773061,1579.07797221652,722.427141337852,655.436199737544,466.087476098222,333.094069532113,1040.76746400388,367.506359492911,1234.58547819153,548.670969800502
532.32440183827,754.457941572994,216.941007998208,661.518351553731,303.244230815347,249.193047740078,1029.43786774446,232.373814945111,256.108780267877,224.359697066693,336.621871825936,254.973215951457,305.876581515946,1603.23460094682,327.709510225444,1000.99542922117,1014.43274738861,441.172597191052,778.306758979337,793.847323243825,1018.51804773061,977.800483491345,722.427141337852,569.518274167854,421.633248667729,155.957749864172,439.152333812657,288.854092426829,1014.71735670799,548.670969800502
162.889594373198,307.225803698251,137.75393724906,292.581163642628,303.244230815347,247.641902994754,453.239699936147,92.5239220556396,256.108780267877,158.670434533441,181.693353090449,132.117693032118,279.147542573985,854.545624621675,123.234937378975,242.831124988653,1014.43274738861,163.156370883449,628.289544619948,608.069928253925,313.279192890936,598.038549508899,154.959816498765,341.15466413889,265.778711057105,108.792939909653,303.534873668078,124.155201171571,208.422238176052,515.40059416815
119.610320359306,127.528122525343,88.8788713650107,89.8553660322248,104.542188849594,140.755344409723,165.565859215623,92.5239220556396,191.982662411913,135.204371069142,90.9750508059229,94.3111638821962,112.951373755257,387.980594042464,93.1024192116657,99.5422551513848,391.540254001718,91.734531755725,211.791563823799,128.248854478251,103.640126254579,156.663903189493,95.9549722685007,111.850007709185,40.2168502444298,108.792939909653,99.0480918417318,119.417870471409,121.203014637957,252.038430150984
59.2175504868344,98.7171328171285,81.4723081534482,71.5866587119963,71.8920299267539,85.4188764299608,51.1565265910114,92.5239220556396,51.1364356764565,68.471202155474,49.5541589978671,58.177779701282,42.5421920547534,54.5708567548421,66.6821863348169,30.0091109859025,60.4377588437525,70.5073456410433,80.7389515322906,118.635248041399,73.1908591602673,72.5079197008149,77.6963372781544,40.2004448547305,40.2168502444298,89.533288079144,69.254206657766,85.2963972184946,92.2933627150435,95.5730179015039
16.8644721902132,38.1971647544997,17.8173516489448,67.1480566488786,9.23864386732618,45.5155823954508,16.1682150219522,56.6619211133381,11.7629823434808,2.75337370182712,15.4138655087625,17.7473807612662,2.87312876361358,19.6306770673827,23.9654219195597,12.2501562757959,10.3746189496571,29.6349559000387,66.4122095025093,50.0320833515222,11.980855597469,17.0706449676557,21.6422087706242,6.0530737054047,5.09362498238261,4.75053847283573,20.8549712416618,61.6031420594514,63.8475760284205,72.5499842206726
9.55145285601816,4.44558606003,0.443600556419142,4.39247289176495,4.54354640784163,4.64987603906854,9.58742079438616,4.24075173186577,4.15612717773013,0.238936941730287,9.72860806537869,9.50831140601179,0.103965124350623,5.07824667641023,0.751796680262999,9.39261338375297,0.436422266388774,0.733209470961469,7.18017135285669,0.37655426654004,5.43612716747924,5.97677467812707,0.436214214496204,0.399055551933827,0.378168563607005,0.101302038026517,0.214377325453484,0.401319992810727,0.109796721590214,3.01470318649751
8.92684962453643,3.99464574636795,0.0248748213613226,3.99068289910633,4.00702851179307,4.02073562087088,8.93544924944121,4.09014715958392,3.98944191811427,0.00454881136874974,8.93152933322273,8.92603165591538,0.0272118815553881,4.05506324602129,0.2725992548975,8.93171841855411,0.0349315728319084,0.0661059593685991,4.3247775709263,0.110856775787227,4.04816724078478,4.1673096847465,0.020041706091888,0.00152125276343895,0.0314761553272547,0.0029490994033381,0.0189345736516771,0.0319109316532149,0.00604381739486826,0.0238627965613887
8.91613769537526,3.98658308371114,2.63921862142524e-06,3.98657991996652,3.9865796973956,3.98658130164046,8.91619417841986,3.9865813342908,3.98657932818918,5.50337517779553e-08,8.91613576351091,8.91613208148732,3.42755242854764e-07,3.98658145896303,1.23486227607827e-05,8.91615537602968,2.77954387684076e-06,3.37629865043709e-06,3.98658595195519,1.1583514378799e-06,3.98658399051891,3.98658853854675,1.40753894584122e-06,8.34499132906785e-07,1.85512914185892e-06,1.49934919591033e-07,1.56077004476174e-06,4.42922925003586e-06,1.09155195104904e-06,4.45910251301029e-06
8.9161019320062,3.98657911236165,1.02886588138063e-11,3.98657911235608,3.98657911235171,3.98657911239911,8.91610194718879,3.98657911235836,3.98657911234938,1.19371179607697e-12,8.91610193822333,8.9161019336342,7.90123522165231e-12,3.98657911236347,4.86011231259909e-11,8.91610193276034,1.76214598468505e-11,1.30739863379858e-11,3.98657911237234,9.77706804405898e-12,3.98657911237689,3.98657911248398,6.59383658785373e-12,4.88853402202949e-12,7.61701812734827e-12,4.09272615797818e-12,9.37916411203332e-12,2.56363819062244e-11,3.97903932025656e-12,9.72022462519817e-12
8.91610192778131,3.98657911234716,0,3.98657911234716,3.98657911234716,3.98657911234716,8.91610192778131,3.98657911234716,3.98657911234716,0,8.91610192778131,8.91610192778131,0,3.98657911234716,0,8.91610192778131,0,0,3.98657911234716,0,3.98657911234716,3.98657911234716,0,0,0,0,0,0,0,0
8.91610192778131,3.98657911234716,0,3.98657911234716,3.98657911234716,3.98657911234716,8.91610192778131,3.98657911234716,3.98657911234716,0,8.91610192778131,8.91610192778131,0,3.98657911234716,0,8.91610192778131,0,0,3.98657911234716,0,3.98657911234716,3.98657911234716,0,0,0,0,0,0,0,0
8.91610192778131,3.98657911234716,0,3.98657911234716,3.98657911234716,3.98657911234716,8.91610192778131,3.98657911234716,3.98657911234716,0,8.91610192778131,8.91610192778131,0,3.98657911234716,0,8.91610192778131,0,0,3.98657911234716,0,3.98657911234716,3.98657911234716,0,0,0,0,0,0,0,0
8.91610192778131,3.98657911234716,0,3.98657911234716,3.98657911234716,3.98657911234716,8.91610192778131,3.98657911234716,3.98657911234716,0,8.91610192778131,8.91610192778131,0,3.98657911234716,0,8.91610192778131,0,0,3.98657911234716,0,3.98657911234716,3.98657911234716,0,0,0,0,0,0,0,0
8.91610192778131,3.98657911234716,0,3.98657911234716,3.98657911234716,3.98657911234716,8.91610192778131,3.98657911234716,3.98657911234716,0,8.91610192778131,8.91610192778131,0,3.98657911234716,0,8.91610192778131,0,0,3.98657911234716,0,3.98657911234716,3.98657911234716,0,0,0,0,0,0,0,0
