50.2966757409367,56.7389387763039,65.6739427792743,100.67106510554,68.3372250108072,89.9259544656892,69.7625745140118,79.6676713933858,76.7050532161404,76.990825487724,66.7519675882887,55.5353636851477,64.8946809672566,66.7207822326365,78.2181382859312,66.9380011378922,59.0603314668258,66.4270696231373,71.9361025032126,96.7073742390945,84.0157798190806,85.4033007003468,69.1079359151076,52.4254039977874,67.740510564784,65.9079366058697,45.2027058421855,46.5067174517344,70.7626665824821,80.112124045669
50.2966757409367,56.7389387763039,65.6532799863262,71.331545528192,48.5828656051026,78.2467543263813,53.108217644066,72.7225431617093,50.9967003403628,76.990825487724,61.9507655495502,55.5353636851477,59.8907697279375,57.776489186006,78.2181382859312,66.9380011378922,54.6185721531452,66.4270696231373,44.3483407878745,79.8068919295272,69.7984989451755,43.4938792671294,69.1079359151076,52.4254039977874,57.8007845637663,65.9079366058697,45.2027058421855,46.5067174517344,47.2630002403275,80.112124045669
50.0524551723836,56.7389387763039,65.6532799863262,54.9084435566746,48.5828656051026,69.5560275619704,47.9622950941019,72.7225431617093,50.9967003403628,40.1741620056409,61.9507655495502,55.5353636851477,56.1087486993002,53.9102566674273,63.2805237285012,66.9380011378922,54.1596189313282,66.4270696231373,40.7707618921638,63.7393179173878,61.6410351274207,43.4938792671294,47.3872772923066,34.8703038335974,32.0069371744067,63.0437230094193,45.2027058421855,46.5067174517344,47.2630002403275,65.6111680454054
50.0524551723836,45.9927246677991,49.7678211656751,36.328767721631,48.5828656051026,52.4507216739634,41.7914657541869,47.7378168801984,40.9861800529627,39.7449789024654,39.9098546979269,44.3609725377305,38.97033928736,42.1103301450125,43.9729442621086,38.402175256329,43.9106282516359,42.0616106246048,40.7707618921638,51.1967001587187,33.6250180486244,43.4938792671294,22.1513353214326,34.8703038335974,32.0069371744067,63.0437230094193,40.8711373956614,46.5067174517344,41.739457271342,48.4764111885831
30.2431981797029,42.5640810181918,43.1252886736801,13.3750068399452,28.6508747150442,52.4507216739634,22.926417480998,33.1577092375687,38.2501754992838,23.2017183113398,27.0459424850949,29.5249586427304,22.4979711011939,22.4054810949183,31.5191332530119,32.908526907692,26.5811998576434,33.0629980913928,27.9111405897279,21.5837931337186,30.0436696039944,22.3221729215536,19.8537453579668,26.8831956548401,31.3086076468529,49.5895617238178,22.2222228006558,33.2732780830845,26.4923576011848,45.5222339275874
11.6135280033004,27.0197398298286,28.3249108979977,8.05861271132892,15.9126722545546,36.8129709597881,6.60045417769493,11.7334623465813,27.0207238263393,7.00108293942253,12.9032114622781,6.37512646145763,16.1131978188662,13.8340853753168,21.2022150272943,15.3346357202662,16.9260539066472,11.5161852867083,10.2479683278532,11.5660387019393,11.8191181465403,20.6987047019318,10.9793150386771,11.953584175697,13.385392808632,36.0272520913097,12.7300803564757,12.525516970319,14.1531234806316,30.7697023226543
7.23079957314758,10.4903140471183,15.4299768182982,3.24050625272275,4.13049671499527,14.6955995447959,3.41185299656513,3.95283342807795,14.493212597711,3.45369945252173,5.47344882895356,4.36767159145256,4.78981952342838,4.34855309383158,7.66067133366244,3.03342528011149,7.9321928708531,3.92264642438477,3.5878158180426,5.54893480059445,3.02669940006751,7.37230661393733,3.74187251245269,3.52259158767595,2.55453045742854,13.4682625136126,3.49166196218221,4.90779638009712,3.66030589256468,14.1461661036366
1.10940872650133,5.35231535653736,7.4781025198082,0.822279163130816,1.38079435916472,5.45855977651865,0.462151793870703,0.655908509030496,5.66501493563726,0.920304306845196,1.41153844767314,1.10768724702518,1.31621899233505,0.898821095656672,3.23225750436563,1.3165182307232,1.57986317838993,1.56749218027437,0.896130092935095,0.895451411187082,1.07774391554165,1.05308802249863,0.757770638895977,0.868319221942329,1.10813620216743,3.83763791333388,0.967088642202611,1.01252824171149,1.22954950141389,3.83239914470516
0.299099908490803,1.61909167826911,2.23762318517549,0.113906175601073,0.184369824536134,1.73583046295209,0.161409372949834,0.15136481088814,1.74040463663687,0.129415335649924,0.134404419590965,0.050871665527211,0.135678130472684,0.144007527159488,1.21181679191795,0.34901245298488,0.175117184963256,0.101315525133487,0.109735395998882,0.241147330329682,0.160982424720146,0.227726367502896,0.100839086211636,0.0796784983916723,0.227213329883966,2.12504196032273,0.098037232258207,0.166869727570429,0.157250499055976,1.44405665837678
0.0104817180688315,0.218774289029852,0.450784340023461,0.00333835556966733,0.005852755814999,0.201614794574084,0.00612927769100224,0.00746369016906101,0.270966608327171,0.00404235443613743,0.00669617347796247,0.0062434670822995,0.00486805221862596,0.00891041137049342,0.120001896852159,0.0113994263562063,0.0200716810616086,0.0053397331269025,0.00977227681880777,0.00530529743400621,0.00893857780010876,0.00668614501751108,0.00700475381563592,0.00730328384497625,0.00561827864521547,0.22608687469733,0.00809095716363117,0.00684877984645027,0.00968210238931988,0.187804278791077
4.8674603362997e-05,0.0141594124513631,0.0231049574000508,3.04092382066301e-05,4.0649399124959e-05,0.00639738423149083,4.76565326152922e-05,6.25293542952932e-05,0.0131620556556982,3.39111865059749e-05,0.000116070343437968,4.59995387700474e-05,6.12257553029849e-05,0.000100793983278891,0.00626872240002285,7.44975728821373e-05,0.000109591910018025,3.4857334753724e-05,0.000110932161760502,0.000130302282173034,0.000139770147825402,0.000107374368326418,5.01831980272982e-05,5.55351554112349e-05,5.51489496274371e-05,0.0200708388410931,6.36888059943885e-05,8.95286349305024e-05,0.00015100251084732,0.0140610402377206
6.66982373331848e-07,0.000133218302607929,0.000226523622245622,3.80454139303765e-08,1.5899104255368e-08,5.10882030084758e-05,3.82274265575688e-08,5.15921101396088e-08,0.000179020525592932,5.47490117241978e-07,5.57712382942555e-08,8.3792087934853e-08,8.64738467498682e-08,7.99171971266333e-07,7.68511495152779e-05,5.71624241274549e-08,5.57570274395403e-08,3.54265239366214e-08,9.63102593232179e-08,1.82940539161791e-07,1.2738314580929e-07,1.03277670859825e-07,8.93886635822128e-08,4.89623062094324e-08,4.33356035500765e-08,0.000210227570278221,7.26182634025463e-08,3.15070565193309e-08,7.44061026125564e-08,0.000169558050970409
3.55502606907976e-07,3.99590135202743e-07,2.50278515068203e-06,1.13686837721616e-13,0,1.86574425242725e-07,1.13686837721616e-13,0,1.64949710779183e-07,3.55460542778019e-07,0,1.13686837721616e-13,0,3.55471001967089e-07,1.50695655065647e-07,0,0,0,0,1.13686837721616e-13,0,0,0,0,0,1.38539576255425e-07,0,0,0,1.79054154614278e-07
3.55432348442264e-07,4.54747350886464e-13,1.42145324844023e-06,1.13686837721616e-13,0,1.13686837721616e-13,1.13686837721616e-13,0,1.13686837721616e-13,3.55425868292514e-07,0,1.13686837721616e-13,0,3.55400516127702e-07,0,0,0,0,0,0,0,0,0,0,0,1.13686837721616e-13,0,0,0,1.13686837721616e-13
1.13686837721616e-13,0,1.42130988933786e-06,1.13686837721616e-13,1.13686837721616e-13,0,1.13686837721616e-13,1.13686837721616e-13,0,1.13686837721616e-13,0,1.13686837721616e-13,0,1.13686837721616e-13,0,0,0,1.13686837721616e-13,1.13686837721616e-13,0,0,1.13686837721616e-13,0,0,0,0,1.13686837721616e-13,0,1.13686837721616e-13,0
0,1.13604055513861e-05,1.43445106459694e-06,0,0,3.56290911440738e-07,0,0,3.63008894055383e-07,0,0,0,0,0,3.57091835212486e-07,0,0,0,0,0,0,1.13686837721616e-13,0,0,0,3.56177338289854e-07,0,0,0,1.57358274464059e-05
