45391778.8666274,40945111.0451889,23146199.5939177,22658545.6024948,47148844.6006518,30036802.7868146,26536582.1361668,9341992.50410059,6657371.83576858,17202388.5156591,3578421.2814671,2976070.42633735,17393404.5724443,10262372.3261527,25469559.5813325,28256735.6084441,52113703.5051308,22706306.8890534,22237523.6213613,45636798.9483975,13094305.4992972,21023714.1171008,11198533.2747371,18921266.8917584,17970386.9304371,41297999.9851944,21849312.1067767,7517363.78047708,38013809.4028727,8625490.7174769
308737.545956609,974904.699893592,549402.265802171,629592.633934915,1849797.21676469,140391.189815908,1954031.33529668,174421.164039366,318889.740389228,118701.328649545,813364.733055318,949711.443479145,597054.845078583,758451.994027533,307168.046315706,2093312.52248669,655542.204538035,3528137.2467945,253170.620253944,558939.01213894,48868.0575583238,737679.278406722,428140.959618007,281816.915581665,2505077.43903349,902929.424338547,1255296.37186018,164344.580918917,1933766.80184643,198050.164957441
7699.76026476825,1943.4943638987,7318.57311116759,14935.254152759,38276.6544525441,21626.0136755821,9708.32329783236,8915.89927794161,10069.4513461235,3826.14211012401,35818.1711919772,22896.2891430624,22437.2363704271,26816.7721529104,21450.057677586,22868.3529581219,123927.912515758,171169.669158483,11835.2305830274,90600.8881888004,48868.0575583238,48782.1657697283,11473.301390609,5068.59620520264,74830.3431412164,60942.6531142221,18739.2264322073,41946.3491982704,57363.1257559904,14343.8507341785
982.793927431545,209.883753858601,163.505600887895,143.285222594774,796.728198508651,325.862499661658,520.429887886742,256.934089409624,143.290714305689,85.7232478611181,225.582369239711,310.79204072229,924.607018083801,225.574269495041,377.716047303506,1115.17928212386,932.421139621829,852.925297828029,456.187617243294,228.458010261552,255.475388889991,572.919842167353,217.479955709857,80.0712200456992,1017.62671027237,327.537749183698,577.633208807823,351.83727563495,319.762271766473,414.800586583091
5.03692937046844,9.24796111816045,1.43542512452859,2.45339426395572,19.1077934441141,14.0673536065938,19.5805302236267,4.64672799563255,20.9710591217138,1.66144454247751,9.34520543804638,10.5076794138693,5.52853240862191,4.37001763291164,37.8339283935229,47.8691389686114,13.4885847386622,12.9414638156627,1.90196370858894,42.4280206416884,4.71542401258944,10.9590494891875,15.729529503855,2.31141011947534,12.9330076726949,11.4287989012378,4.77596181675949,17.8208621026859,15.6276282379122,13.7706607352088
2.12359349225699,7.99801481178361,1.1888448641696,2.28744717124391,2.22250892987654,13.1603725953919,2.48619162508817,4.15512560286425,2.09514005856113,1.49385911766399,4.04545808383091,10.2051702182596,5.09129189193413,4.02178607598057,2.42939861220407,17.2013177984577,13.177478074495,1.22614694855952,1.49495920191657,9.27879592279737,1.21502269049574,1.18363730958799,2.36534969454215,1.20121069654601,2.15611646584875,1.16690295111539,2.03284149880028,9.02213497174876,13.1176874141606,5.04952503829986
2.12051278348349,7.99546710167374,1.1865341202963,2.28570670180125,2.21260195283958,13.1582497946126,2.48572874629394,4.15367355991225,2.09009624594614,1.49372134941086,4.04336918153695,10.2036479941703,5.08882234031012,4.02043534205109,2.42401596409923,17.1920961610836,13.1759286970951,1.22237341586447,1.49495905709341,9.27546962202496,1.21298106335757,1.17811506839507,2.36534969454215,1.19556358369141,2.15368384116255,1.16292427473559,2.03218225207934,9.01669578160545,13.1155814043748,5.04750723656389
2.12049285833018,7.99542090364616,1.18649188752806,2.2856916394278,2.21253362913967,13.1582136443246,2.48572559447553,4.15365974387237,2.09007513024926,1.49372012721142,4.04335327029162,10.2036406050308,5.08879366033011,4.02041014939869,2.42398364870519,17.1920461427524,13.1759167242774,1.22235097087582,1.49495905709341,9.2754518878628,1.21295874235943,1.1780683550578,2.36534969454215,1.19553945167331,2.15364495517906,1.16289747165115,2.03216915478743,9.01663965496573,13.1155642318727,5.04749357189849
2.12049270871762,7.99542057338817,1.18649141063497,2.28569132793905,2.21253264184361,13.1582133921313,2.48572553442409,4.15365963240333,2.09007466941648,1.49372010322895,4.04335256213744,10.2036405241934,5.08879351117093,4.02040982997232,2.42398346346067,17.1920453523378,13.1759165120611,1.22235080280393,1.49495905709341,9.27545171144857,1.21295861761587,1.17806742298876,2.36534969454215,1.19553911735852,2.15364477646449,1.16289723885097,2.03216898420533,9.01663934543535,13.1155641082194,5.04749331840958
2.12049266892768,7.99542056953214,1.18649137704278,2.28569119888562,2.21253260496701,13.1582133664767,2.4857255240413,4.15365959122437,2.09007465140257,1.49372009007084,4.04335252809301,10.2036405071135,5.08879347138463,4.02040982468407,2.4239833945569,17.1920452560018,13.1759163654281,1.22235077362188,1.49495905709318,9.27545161064313,1.21295858511235,1.17806737183423,2.36534969454215,1.19553905561975,2.15364476147283,1.16289723186355,2.03216897388279,9.01663933410714,13.1155640862585,5.04749330346681
2.12049260964704,7.99542056122027,1.18649136050976,2.28569112237346,2.21253255577517,13.1582133436057,2.48572552280507,4.15365954398885,2.09007464138381,1.49372008409296,4.04335250598024,10.2036404871621,5.08879341030365,4.02040982468407,2.42398327928595,17.1920451863784,13.175916198926,1.22235074835658,1.49495905709318,9.27545152586936,1.21295856199708,1.17806736446528,2.36534969454215,1.19553897928404,2.15364475290903,1.16289721369162,2.03216897109382,9.01663932613315,13.1155640578725,5.04749329743822
2.12049257248577,7.99542055830466,1.18649134939778,2.28569101993162,2.21253252684141,13.1582133059676,2.48572552254586,4.15365949754801,2.09007463454304,1.49372008175988,4.04335246734377,10.203640470399,5.08879335816187,4.02040982468407,2.4239831477505,17.1920451345443,13.1759160994552,1.22235071255591,1.49495905709318,9.27545147344767,1.21295852014691,1.1780673540236,2.36534969454215,1.19553893287343,2.15364474127045,1.16289720136774,2.03216896984418,9.01663932032329,13.115564028541,5.04749329000128
308.763265806198,359150.828617255,16065.3526524937,7.4884160435563,1333.97174173215,361.662273257321,6440.7058393845,5.48219517692883,2.09007462969771,4440.24925296991,4.04335243204923,508.360118293823,5062.86622601035,4.02040982468407,392.321883973951,1314.71104973537,8139.94890178006,12.5475632482242,11.0601749926429,30.163221202484,8090.52683479096,7886.5823942393,147.335475103169,1335.8921603153,155.193932839371,119.10591791085,187.435684440014,9.0166393118252,25.7099805648313,7.57971141307371
2.1210316057502,7.99293443886722,1.19700437891584,2.27645856639447,2.2180841538036,13.1971516301576,2.48691951765932,4.14804481104647,2.07638314880251,1.49920627390725,4.04077620350199,10.224650530118,5.08438043938145,4.02100350472483,2.42840742251633,17.167862840158,13.1756186572572,1.22602335311217,1.49438301012856,9.27683823569623,1.23082556444047,1.18805723586615,2.38312568541687,1.19031117317536,2.1619579108401,1.15550073674558,2.02484138043042,9.02911364823126,13.1234333099198,5.0460567752541
