34224.2813251077,36093.0683268976,32189.62984892,28224.3300768991,21874.7553177946,31926.3131612435,29517.1460503958,29128.0519702908,30551.9370083627,20899.4169034538,32174.2490766954,23654.1914626407,39823.3340307037,30496.8180218367,26712.5831280821,26315.3309326898,27745.7122652395,26535.3877517118,29927.3825060926,23093.2478354373,16510.8421543466,33693.3398549207,27599.5972980115,30076.4508995551,37899.4774552819,34592.8244661834,35917.9131087267,16729.0432385041,30393.5440371567,19565.3745884279
1148.33243826716,272.069016282452,361.083626095278,373.710236461262,621.279479659752,793.492892961123,434.772876052442,3353.54360172087,988.07324290159,569.990407737203,2844.65290877754,1438.40583790567,3109.73253363415,778.991404023582,383.894884076151,1050.14603024855,380.725809383416,433.008244388236,376.938786809928,636.188437899547,445.238710893397,1405.87460716049,283.362656673696,1113.14606444211,1231.93462005753,850.215237258769,1873.50756015522,250.180883125177,577.050501754433,424.056987983483
29.1456188292765,33.6643930826334,16.9081784183377,34.9017118618677,25.6596784762124,20.2308749057626,20.5459927044033,43.7695368866276,20.6524497506868,30.3812302445178,43.6001625986604,32.3751172249994,28.6752342470066,27.4943403915267,22.353880088136,46.2279359371589,14.6076522773458,18.2527702202546,16.3995248018676,45.7439526107525,16.848780966008,37.0007419648576,13.9675403888062,24.5829672515526,29.7366126988161,29.5739178852538,27.4984219174408,33.3569478939561,19.624214922305,23.7007533930629
0.209568489533638,0.450252929163355,0.246025089448722,0.127407754424951,0.120252302371966,0.159191256971496,0.273906877706111,0.307814366967932,0.301193649858874,0.2237521475069,0.473558217361131,0.152274278792618,0.304778630651299,0.276337030565401,0.164533042283267,0.174713029117413,0.128688520650201,0.141217622882323,0.117400213280462,0.166733987363955,0.138502896636339,0.224865923323591,0.221507448755744,0.177856643426367,0.139722335424551,0.300685564398975,0.19587181286937,0.195929112700924,0.377343003087788,0.338114557694041
4.06385180440338e-06,1.54088502313243e-06,1.10658464791413e-06,8.47259343572659e-07,1.79928451871092e-06,1.20467387887402e-06,1.03512212490386e-06,7.38949472633976e-06,2.6625073132891e-06,1.2089661254322e-06,2.8478640956564e-06,2.13545854421682e-06,5.57246710286563e-06,2.35980280649528e-06,1.22961466786364e-06,1.69809993622039e-06,1.49013783357077e-06,1.55872419327352e-06,2.12414312272813e-06,4.12930813808998e-06,2.27931201379761e-06,2.34594619996642e-06,1.71416490957199e-06,1.86459146789275e-06,1.29705495055532e-06,2.2291150116871e-06,2.31230012559536e-06,2.62472713075113e-06,2.6203702532257e-06,4.14965023765035e-06
0,0,0,0,0,0,0,0,0,0,0,0,0,0,0,0,0,0,0,0,0,0,0,0,0,0,0,0,0,0
0,0,0,0,0,0,0,0,0,0,0,0,0,0,0,0,0,0,0,0,0,0,0,0,0,0,0,0,0,0
0,0,0,0,0,0,0,0,0,0,0,0,0,0,0,0,0,0,0,0,0,0,0,0,0,0,0,0,0,0
0,0,0,0,0,0,0,0,0,0,0,0,0,0,0,0,0,0,0,0,0,0,0,0,0,0,0,0,0,0
0,0,0,0,0,0,0,0,0,0,0,0,0,0,0,0,0,0,0,0,0,0,0,0,0,0,0,0,0,0
0,0,0,0,0,0,0,0,0,0,0,0,0,0,0,0,0,0,0,0,0,0,0,0,0,0,0,0,0,0
0,0,0,0,0,0,0,0,0,0,0,0,0,0,0,0,0,0,0,0,0,0,0,0,0,0,0,0,0,0
0,0,0,0,0,0,0,0,0,0,0,0,0,0,0,0,0,0,0,0,0,0,0,0,0,0,0,0,0,0
0,0,0,0,0,0,0,0,0,0,0,0,0,0,0,0,0,0,0,0,0,0,0,0,0,0,0,0,0,0
