111.084971306233,316.393711160801,171.827532450489,271.574391469881,151.306127766571,144.753645381737,201.04602142834,91.1368442708283,263.693153863049,310.372360282058,161.529636997649,209.858057666147,520.061744529639,105.949847486928,141.498684871516,115.42598735761,229.756458681449,186.035762502037,366.367706197914,193.416057722942,104.21907170785,269.977891333132,204.190881035741,223.112663176555,430.017119832736,207.887344888765,174.588772089116,272.634412724797,221.006816563074,101.831380565589
27.2510557654421,90.2881764100242,40.752508720025,77.0184423962584,57.7456323866799,39.3904247560772,42.8545913592528,30.2377183599871,83.2620472870034,49.6929543584704,78.3392246583351,72.3508682609386,61.5963256813354,97.0354343196105,88.2249286809741,78.5549840534954,52.2904338184256,82.6258495902869,98.8962057243226,69.2502531703153,29.2845023013248,87.0397857164758,81.4175578114296,88.4316205839177,112.602873213062,73.8048929923426,93.8423696858538,71.3249239201385,93.0145757256737,42.0840696891954
13.1217697237154,72.2520408359553,15.1132650050374,16.2857365320064,13.6344755221124,3.28769630708388,22.7924559847144,12.2934421114996,32.5291865530141,16.9415487487376,7.83226869024935,21.0319647032127,22.5724451875483,76.3825095745254,54.484611562103,68.5579168801287,17.0431028438705,33.2248050334584,37.4815170709069,1.64121514758506,13.8042594479447,66.5498003721629,32.5850360516751,40.3614023007962,30.1007517243805,63.5321007968615,23.2381729464893,19.7398886559745,25.6348702580809,13.4639130679098
9.05459731980483,4.26684203004334,9.0184308333711,4.46235382087531,0.258476479844774,0.133779308871283,0.528867443366778,9.16852069262552,0.277582825177433,9.14899952087774,5.24900419918504,4.94720610992579,0.722126546845629,0.441492323745138,0.759899409439754,0.261975106502007,9.15459284011501,2.42883319010519,0.339954272850548,0.298807551220193,9.05817140993088,4.92314245243858,0.300183529777883,0.534423700917955,0.708467946596443,0.582906868151554,0.098551527749521,0.581941573525228,0.480241077403548,9.11581164243188
8.91625942490793,3.98668065257402,8.91621168749168,3.98665510320228,4.92120744866043e-05,2.06327981118193e-05,0.000138850613495833,8.91621120431802,8.35327705317468e-05,8.91626804813677,3.98672788495304,3.98670633891328,0.000259954602086054,0.000229079383245789,0.000270578594097515,0.00197290412677376,8.91625914562445,0.00224784321790139,0.000482983239578516,2.94408111471967e-05,8.91624643090825,3.98664970497896,0.000148236231154897,7.52954825884444e-05,0.00208805385005917,0.00051874268984875,0.000107774014963979,0.000263397643436747,0.000173699746255807,8.91625364725951
8.91610192795667,3.98657911236631,8.91610192795508,3.98657911235506,1.46087586472277e-11,3.58113538823090e-12,3.12638803734444e-12,8.91610192795196,1.08570930024143e-11,8.91610192794883,3.9865791123716,3.98657911235784,8.29913915367797e-12,9.72022462519817e-12,2.30784280574881e-11,4.1438852349529e-11,8.91610192793848,2.60911292571109e-11,1.81330506165978e-11,2.38742359215394e-12,8.91610192788164,3.98657911236234,2.31352714763489e-11,3.12638803734444e-12,7.08837433194276e-11,5.5365489970427e-11,6.19593265582807e-12,1.65982783073559e-11,2.10889083973598e-11,8.91610192793928
8.91610192778131,3.98657911234716,8.91610192778131,3.98657911234716,0,0,0,8.91610192778131,0,8.91610192778131,3.98657911234716,3.98657911234716,0,0,0,0,8.91610192778131,0,0,0,8.91610192778131,3.98657911234716,0,0,0,0,0,0,0,8.91610192778131
8.91610192778131,3.98657911234716,8.91610192778131,3.98657911234716,0,0,0,8.91610192778131,0,8.91610192778131,3.98657911234716,3.98657911234716,0,0,0,0,8.91610192778131,0,0,0,8.91610192778131,3.98657911234716,0,0,0,0,0,0,0,8.91610192778131
8.91610192778131,3.98657911234716,8.91610192778131,3.98657911234716,0,0,0,8.91610192778131,0,8.91610192778131,3.98657911234716,3.98657911234716,0,0,0,0,8.91610192778131,0,0,0,8.91610192778131,3.98657911234716,0,0,0,0,0,0,0,8.91610192778131
8.91610192778131,3.98657911234716,8.91610192778131,3.98657911234716,0,0,0,8.91610192778131,0,8.91610192778131,3.98657911234716,3.98657911234716,0,0,0,0,8.91610192778131,0,0,0,8.91610192778131,3.98657911234716,0,0,0,0,0,0,0,8.91610192778131
8.91610192778131,3.98657911234716,8.91610192778131,3.98657911234716,0,0,0,8.91610192778131,0,8.91610192778131,3.98657911234716,3.98657911234716,0,0,0,0,8.91610192778131,0,0,0,8.91610192778131,3.98657911234716,0,0,0,0,0,0,0,8.91610192778131
8.91610192778131,3.98657911234716,8.91610192778131,3.98657911234716,0,0,0,8.91610192778131,0,8.91610192778131,3.98657911234716,3.98657911234716,0,0,0,0,8.91610192778131,0,0,0,8.91610192778131,3.98657911234716,0,0,0,0,0,0,0,8.91610192778131
8.91610192778131,3.98657911234716,8.91610192778131,3.98657911234716,0,0,0,8.91610192778131,0,8.91610192778131,3.98657911234716,3.98657911234716,0,0,0,0,8.91610192778131,0,0,0,8.91610192778131,3.98657911234716,0,0,0,0,0,0,0,8.91610192778131
8.91610192778131,3.98657911234716,8.91610192778131,3.98657911234716,0,0,0,8.91610192778131,0,8.91610192778131,3.98657911234716,3.98657911234716,0,0,0,0,8.91610192778131,0,0,0,8.91610192778131,3.98657911234716,0,0,0,0,0,0,0,8.91610192778131
