3173.12498297462,3052.61339773129,4418.92700667143,2978.00601720424,1897.95041546832,1515.56308243772,4677.67421443671,2269.64881405123,4869.14810351488,3686.06374468096,3253.00664385962,1046.07023194125,4269.735816023,2718.95401412422,5111.2401925891,3967.8630778899,1750.6822839032,1192.16882025439,4313.75922010052,3109.1026526103,2201.16601151456,3319.08964131297,1281.28130885414,4709.48796717275,1870.63336317835,2926.78243884494,3482.34170462482,1584.23563310768,3147.58101230639,2870.66281811009
3173.12498297462,3052.61339773129,4418.92700667143,2978.00601720424,1392.51885167848,1231.60800841936,3346.59180073908,2269.64881405123,4272.91843320981,3686.06374468096,3253.00664385962,1046.07023194125,2119.15449176742,2042.05202798367,5111.2401925891,2636.40846670294,1750.6822839032,1128.34393870415,4313.75922010052,2196.84489628748,2201.16601151456,3319.08964131297,1281.28130885414,2047.08840262281,1870.63336317835,1313.86124790273,3482.34170462482,1353.02896222174,2806.47753978132,2870.66281811009
2795.28803303715,3052.61339773129,2513.46224011486,2978.00601720424,1392.51885167848,1231.60800841936,2183.54343944223,2269.64881405123,2032.5261242499,3489.89819537766,3253.00664385962,1046.07023194125,2119.15449176742,2042.05202798367,1344.54552441367,2636.40846670294,1608.98550358859,1128.34393870415,4313.75922010052,1777.00298155764,2201.16601151456,2186.50539165047,1196.43255246638,2047.08840262281,1870.63336317835,1313.86124790273,2371.20744655853,1353.02896222174,2806.47753978132,2870.66281811009
2795.28803303715,1811.00986332683,1746.21273716423,1500.5293301284,1392.51885167848,1231.60800841936,2071.14176066539,2269.64881405123,2032.5261242499,2013.10368195204,3253.00664385962,1046.07023194125,2119.15449176742,2042.05202798367,1344.54552441367,1908.3196548216,1608.98550358859,1128.34393870415,2173.01754168601,1171.50482713455,2201.16601151456,2122.23812860569,1196.43255246638,2047.08840262281,1870.63336317835,1313.86124790273,2371.20744655853,1353.02896222174,2421.47326064848,953.90180337802
1248.12596594864,457.514144705485,1192.68232578947,811.047204309102,1251.7756819888,1231.60800841936,1658.74938756287,1393.679369453,1444.64296276859,1591.51136360133,1825.59128933169,1046.07023194125,1041.36619300505,1624.95028160237,749.552825055876,1908.3196548216,1361.44745275392,1128.34393870415,1665.39927194044,1171.50482713455,2201.16601151456,995.566020992549,1196.43255246638,1041.28359293658,1012.67170074772,972.308754651886,1049.90025519917,647.735574486809,1895.40435565357,503.932559031724
862.203461704358,457.514144705485,701.48715646111,811.047204309102,522.971467198472,710.550465301469,1198.20777721415,1236.29491222724,651.820480920627,751.561494741318,1664.7287598404,1046.07023194125,710.716678235742,621.829689187732,594.630458895448,815.669210315237,874.215018664766,981.992022534323,1121.90021891611,581.876157884659,626.347681421938,905.754289729399,669.680534782236,535.273163901191,818.18753550668,793.881957175062,647.855688873309,647.735574486809,923.477839279531,444.812429876421
390.275660834221,277.581937465443,282.222319135725,574.643563591068,331.073019291147,247.356490610517,305.841947852658,390.735275228257,420.158619790963,377.588433124088,430.669763487313,431.394752013739,391.253960129503,265.799040396591,253.438317301538,392.829649257333,238.597941659312,473.008253491594,471.173466351932,286.14742916086,291.669546334091,330.753844629607,297.352990920038,394.443402045988,362.794662879679,389.949530792798,300.099986455437,250.097820212689,400.530904787804,236.305535968364
148.639182835563,175.62991295372,123.852124608913,183.450459252912,136.762725585666,117.344058322519,140.177617415505,164.452527506061,184.008933625066,137.809737601169,120.7723361355,146.828567532518,161.347891502478,106.177624677714,100.415196770357,115.234206475278,129.021689889174,144.893905913626,215.755921408424,131.310468084317,137.634326985608,159.915784912116,131.313118487345,142.465715170291,145.861782577674,135.302479535628,110.472509928782,102.920164084967,135.289417840689,118.162911257683
56.765957678888,57.7329128452254,56.9290919083493,56.831438356276,54.5419913120393,56.7988403520702,56.649085085942,60.7933794477683,56.8150614377951,61.4546814231257,65.3609613867267,57.7571340897243,57.2694630020295,59.3072657032276,57.1898062925681,57.0176611310881,54.3955746509431,55.7906126070524,56.987822385793,54.5821797050015,58.7182617310667,56.4545555599036,58.9414305088403,57.7258418248472,58.7319429751342,55.5187627759478,56.2443987966599,61.8667265685344,57.854159508323,54.7347069600607
49.3796623417365,49.3317120107731,49.3469897964061,49.3301390614814,45.233479436951,49.3288257058985,49.2575235939638,49.4574716540008,45.2030425552248,49.3272740636742,49.3933749192066,45.3454606694752,49.3843093787015,49.3908927075154,49.2931704986824,49.3228646444035,46.1827503269397,45.249720303757,49.3444231232767,45.9894731816682,49.2790343488684,49.2492558387544,49.2603101599084,49.4422898137918,49.2765226263754,49.401855273214,49.2102286170797,49.3826651028641,49.3051679801288,49.2218768447185
49.0849966940181,49.0849882903834,49.0849240326272,49.0849005347255,44.8961846132224,49.0850493082933,49.0846674202755,49.0854567115671,44.896164264984,49.0849991147745,49.0852484042884,44.8962539627144,49.0848731665475,44.9025926649092,49.0848315431884,49.0849288928513,44.896833912645,44.8962012147986,49.084951387251,44.8965369061424,49.0849282232932,49.0850015292571,49.0847917413546,44.8974600893528,49.0849899891279,49.0851411255306,49.0849184405488,49.0849383897693,49.0849427236342,49.0846881433678
49.0844789840692,49.0844789843312,49.0844789854139,49.084478984313,44.8954693261445,49.0844789828056,49.0844789832394,49.0844789866457,44.8954693232772,49.0844789866198,49.0844789875583,44.8954693239631,49.0844789835121,44.8954693644648,49.0844789841852,49.0844789860422,44.8954693310335,44.8954693242882,49.0844789857387,44.8954693369925,49.0844789833486,49.084478983768,49.0844789847852,44.8954693377357,49.0844789854813,49.0844789839632,49.0844789829203,49.0844789845382,49.0844789831497,49.0844789830381
49.0844789794812,49.0844789794813,49.0844789794813,49.0844789794812,44.8954693174514,49.0844789794812,49.0844789794812,49.0844789794813,44.8954693174513,49.0844789794813,49.0844789794813,44.8954693174513,49.0844789794812,44.8954693174514,49.0844789794812,49.0844789794812,44.8954693174513,44.8954693174513,49.0844789794812,44.8954693174513,49.0844789794813,49.0844789794812,49.0844789794812,44.8954693174514,49.0844789794813,49.0844789794813,49.0844789794812,49.0844789794812,49.0844789794812,49.0844789794812
49.0844789794812,49.0844789794812,49.0844789794812,49.0844789794812,44.8954693174513,49.0844789794812,49.0844789794812,49.0844789794812,44.8954693174513,49.0844789794813,49.0844789794812,44.8954693174513,49.0844789794812,44.8954693174513,49.0844789794812,49.0844789794812,44.8954693174513,44.8954693174513,49.0844789794812,44.8954693174513,49.0844789794812,49.0844789794812,49.0844789794812,44.8954693174513,49.0844789794812,49.0844789794812,49.0844789794812,49.0844789794812,49.0844789794812,49.0844789794812
49.0844789794812,49.0844789794812,49.0844789794812,49.0844789794812,44.8954693174513,49.0844789794812,49.0844789794812,49.0844789794812,44.8954693174513,49.0844789794812,49.0844789794812,44.8954693174513,49.0844789794812,44.8954693174513,49.0844789794812,49.0844789794812,44.8954693174513,44.8954693174513,49.0844789794812,44.8954693174513,49.0844789794812,49.0844789794812,49.0844789794812,44.8954693174513,49.0844789794812,49.0844789794812,49.0844789794812,49.0844789794812,49.0844789794812,49.0844789794812
49.0844789794812,49.0844789794812,49.0844789794812,49.0844789794812,44.8954693174513,49.0844789794812,49.0844789794812,49.0844789794812,44.8954693174513,49.0844789794812,49.0844789794812,44.8954693174513,49.0844789794812,44.8954693174513,49.0844789794812,49.0844789794812,44.8954693174513,44.8954693174513,49.0844789794812,44.8954693174513,49.0844789794812,49.0844789794812,49.0844789794812,44.8954693174513,49.0844789794812,49.0844789794812,49.0844789794812,49.0844789794812,49.0844789794812,49.0844789794812
