14.475803746126,9.80784927924856,19.3730535276326,9.28887098389305,20.4170945189829,24.5345572432897,11.8935388725629,11.6843034016706,21.060818438232,13.7662630893766,11.6358727494985,11.3125275400135,15.041519251654,11.2108352946404,49.3079029960401,12.9833670255668,11.1038148041669,12.6893523410483,7.24022410025668,14.750438729555,9.08071266910019,18.8579195341209,16.9468017338663,6.4319538023833,12.0639956970402,9.79684038557991,12.6469177884239,11.797431934378,18.7952995903011,8.71618329113255
2.5859774087703,2.48912339945446,8.02736936737097,3.14364050583833,3.64920232120937,5.24719573713674,1.47659261555509,2.14463609180962,3.04769621013509,1.65222610482829,2.45388672804734,3.32795506652315,2.60891338250099,1.8908290275275,28.1210935595504,2.0524574009288,1.93912045656498,1.52032804944247,1.73624699822471,3.29561731367346,2.2876453163567,2.2799511805141,2.49868574232119,2.85605240139489,2.69865095754676,1.9947754792264,1.80812237671466,2.9411991986633,3.37944983319358,1.6384183401409
0.549077798622875,0.835691683739924,4.38646053019272,0.710942979273341,0.952856699580025,0.963083620711359,0.359753319401534,0.5006068853329,0.536287383859531,0.690971453259863,0.618180807160456,1.05132884108991,0.645083837036168,0.509773319901683,21.7135067287145,0.678740630486573,0.537629888351148,0.740612855214181,0.539011668561557,0.624422143517222,0.792448941837733,0.469976214315579,0.682453272788393,0.169629639072355,0.338580115993182,0.793726690430617,0.56730611513467,0.389927592697973,0.339516036730402,0.564580669787915
0.0495890503708551,0.0503527984976699,1.07790074939044,0.0618079228602255,0.0432740405109371,0.0788933613181371,0.0531304310422911,0.0448529585614779,0.0579572737486842,0.053182471185778,0.0519747818359519,0.0772842677159815,0.0597855218419454,0.0192405402877966,11.0515065552199,0.0425720948589969,0.0516655476401411,0.0361907699303856,0.0436878890831167,0.0708607497507501,0.0636133419534417,0.0336701254187801,0.0322380797555297,0.0524812195114919,0.0270114239967825,0.0627013409933852,0.0358229233742122,0.0342417791355274,0.0440015592673717,0.0343827644255725
8.58157333141207e-05,6.3060229194889e-05,0.0261603542013518,9.60980692070734e-05,0.000125257910667642,5.74554345575962e-05,5.030147974594e-05,9.76766681333174e-05,0.000130533368064789,0.000128264701515945,8.62059022210815e-05,0.000129386328012515,6.12232348657926e-05,3.41253263513863e-05,2.57606836783339,7.81136808427618e-05,0.000137861145276474,0.000120154675414597,8.69786666726213e-05,6.77498931054288e-05,4.15378373190833e-05,6.32037845207378e-05,7.21343599252577e-05,0.000167598740404173,4.45559810486884e-05,9.54730120383829e-05,0.000171738439121327,5.11603906261371e-05,5.33107844375991e-05,5.9566585491666e-05
8.03765942691825e-11,5.62749846721999e-11,6.73591010809105e-05,9.03810359886847e-11,3.30828697769903e-11,2.06910044653341e-11,5.16138243256137e-11,6.91215973347425e-11,7.36690708436072e-11,4.97948349220678e-11,1.25055521493778e-11,1.39152689371258e-10,6.10498318565078e-11,3.70619090972468e-11,1.81372101957106,4.00177668780088e-11,1.51317181007471e-10,2.28055796469562e-10,8.58335624798201e-11,1.37333699967712e-10,2.80806489172392e-11,5.21822585142218e-11,9.83391146291979e-11,2.21803020394873e-10,3.89945853385143e-11,1.46087586472277e-10,5.50244294572622e-11,2.73985278909095e-11,8.10587152955122e-11,1.98838279175106e-10
0,0,9.56147800934559e-07,0,0,0,0,0,1.13686837721616e-13,0,0,0,0,0,1.78049317887621,0,0,0,1.13686837721616e-13,0,0,0,0,0,0,0,0,0,0,0
0,0,3.62177161150612e-07,0,0,0,0,0,1.13686837721616e-13,0,0,0,0,0,1.77881409266229,0,0,0,1.13686837721616e-13,0,0,0,0,0,0,0,0,0,0,0
0,0,3.55473844138032e-07,0,0,0,0,0,1.13686837721616e-13,0,0,0,0,0,1.77707439974188,0,0,0,1.13686837721616e-13,0,0,0,0,0,0,0,0,0,0,0
0,0,3.55421889253194e-07,0,0,0,0,0,0,0,0,0,0,0,1.77701480051576,0,0,0,0,0,0,0,0,0,0,0,0,0,0,0
0,0,3.55393240170088e-07,0,0,0,0,0,0,0,0,0,0,0,1.7770145476519,0,0,0,0,0,0,0,0,0,0,0,0,0,0,0
0,0,3.55393240170088e-07,0,0,0,0,0,0,0,0,0,0,0,1.77701193491305,0,0,0,0,0,0,0,0,0,0,0,0,0,0,0
0,0,3.55393240170088e-07,0,0,0,0,0,0,0,0,0,0,0,1.77698488440603,0,0,0,0,0,0,0,0,0,0,0,0,0,0,0
0,0,3.55407905772154e-07,0,0,0,0,0,0,0,0,0,0,0,1.77698448141177,0,0,0,0,0,0,0,0,0,0,0,0,0,0,0
