27.6209172384267,64.1180228189892,20.1941814412743,43.3238021414702,147.873558223907,162.045643929185,84.0682739815657,24.0433024745137,21.7589472998067,198.308373629663,222.647877942246,48.1386137647422,244.201552158984,43.6003530055268,287.14113760475,40.3239472290904,221.499375202454,174.967645967381,173.321357144112,264.069224109341,75.8082520528123,136.77535632216,448.339922107308,406.502555962302,99.3854663044874,265.027725299295,149.356695089223,52.076927661627,226.936230671398,167.364737838956
2.48880622273941,14.3064140386379,1.416113567656,2.86783137235182,32.2399702150126,60.2427946871594,21.0432051244231,0.886483480241054,1.52230994596289,40.1562473374573,22.3724523468543,1.47212259393825,15.3556290689822,0.951251966999052,41.7124766187818,2.34838266249255,71.0859102613144,54.9735161358687,26.5009281993212,60.2883811857766,2.57167807428289,26.4898444668943,101.212189198225,25.245396879804,32.5821391016677,50.0792990484076,39.1013751181227,1.9398325415026,29.0403082066612,27.1583789241668
0.250222504730232,9.70865970841851,0.268718794661595,0.391618007048578,5.38475252284309,13.0864677068613,1.87906308126435,0.239751272348371,0.118843874778918,2.5647996475667,5.00032484716155,0.0850428028845727,4.10749564927744,0.230538602452384,6.43787346565352,0.235160684713605,11.0860344459941,19.7701432571097,3.38746271323305,9.91804929392708,0.201284754026346,3.5571192870666,47.8896045803302,5.93918740064612,3.45439389720798,4.5891073532747,4.06863211055952,0.271994842233426,3.04275626224216,9.59510992784999
0.000333788521061251,0.298534758871824,0.000228876290634616,0.000172082260291972,0.295179945791915,1.42160908579433,0.771127832611114,0.000159020360342765,8.54182308103191e-05,0.80786480908796,0.688077368888571,0.000596346912402623,0.319693431002179,0.000165301137599272,0.262929582043171,0.00131107330298619,1.03400296467987,0.458722623958124,0.875045389266688,0.539166725451537,0.000508922576727855,0.664720919286538,1.03381138751115,0.516643718219711,0.335083091271258,0.256916919119817,0.587705913188188,0.000336281370891811,0.314125456402508,0.605420602871618
1.02886588138063e-10,0.000290119030523783,1.64845914696343e-11,1.62685864779633e-10,0.000227817845825484,0.000318646669143163,0.000281475949577725,1.15960574476048e-11,1.25055521493778e-11,0.000158230397914849,0.000252403931767731,7.53743734094314e-11,0.000250193812235011,2.11457518162206e-11,0.000260582183386759,7.71933628129773e-11,0.000535328229261722,0.000105003255157499,0.00041937614150811,0.000299860155450915,2.51247911364771e-11,0.000243366955260171,0.000758908803391023,0.000139109016345174,0.000371358261872956,0.000188666651752101,0.000363561377980659,5.46833689440973e-11,0.000450634515118509,0.000523450761193089
0,1.65982783073559e-11,0,0,2.96722646453418e-11,8.06039679446258e-11,5.63886715099216e-11,0,0,1.02886588138063e-10,1.26192389870994e-11,0,3.16049408866093e-11,0,3.56976670445874e-11,0,6.45741238258779e-11,1.92130755749531e-11,2.36468622460961e-11,3.1377567211166e-11,0,1.94518179341685e-10,1.89402271644212e-10,1.58024704433046e-11,1.09935172076803e-10,2.17141860048287e-11,2.45563569478691e-11,0,7.33280103304423e-11,1.05615072243381e-10
0,0,0,0,0,0,0,0,0,0,0,0,0,0,0,0,0,0,0,0,0,0,0,0,0,0,0,0,0,0
0,0,0,0,0,0,0,0,0,0,0,0,0,0,0,0,0,0,0,0,0,0,0,0,0,0,0,0,0,0
0,0,0,0,0,0,0,0,0,0,0,0,0,0,0,0,0,0,0,0,0,0,0,0,0,0,0,0,0,0
0,0,0,0,0,0,0,0,0,0,0,0,0,0,0,0,0,0,0,0,0,0,0,0,0,0,0,0,0,0
0,0,0,0,0,0,0,0,0,0,0,0,0,0,0,0,0,0,0,0,0,0,0,0,0,0,0,0,0,0
0,0,0,0,0,0,0,0,0,0,0,0,0,0,0,0,0,0,0,0,0,0,0,0,0,0,0,0,0,0
0,0,0,0,0,0,0,0,0,0,0,0,0,0,0,0,0,0,0,0,0,0,0,0,0,0,0,0,0,0
0,0,0,0,0,0,0,0,0,0,0,0,0,0,0,0,0,0,0,0,0,0,0,0,0,0,0,0,0,0
