752.175360660872,900.068663507309,1993.55906080586,1348.247471024,905.042713072601,1211.08695897323,2082.94808229302,1827.27980680544,1561.40405348281,1509.02680084518,2382.54695509375,1023.54411383055,3019.62388253357,2207.33054900841,1526.91279552034,1813.16204987469,2066.39581785017,2042.987833412,1360.10837256598,2127.63908922358,2334.94998092877,668.835997475775,1481.04881440704,2592.98099908784,2823.40165806618,1531.48558403482,489.64511497014,1174.15421216058,495.183154470844,2570.51852607778
752.175360660872,900.068663507309,1218.27125560312,1348.247471024,905.042713072601,1211.08695897323,2082.94808229302,1519.78061391861,660.682923069384,1404.15382804966,2382.54695509375,579.29335479639,1899.04465610889,1720.80190505582,1243.69745951504,1813.16204987469,2066.39581785017,2042.987833412,914.161558296712,2054.73449707037,1844.0542355374,668.835997475775,1481.04881440704,2266.25002605316,1815.13812019547,1030.29552458114,489.64511497014,1143.10110268065,495.183154470844,1883.7581359977
744.76695665942,900.068663507309,1218.27125560312,1348.247471024,219.480573602123,1211.08695897323,1316.67139224148,1519.78061391861,455.787248100867,583.278671025988,1532.85980277983,345.013081044701,1492.43535404266,1243.96931445304,260.770051587875,997.347598902113,1403.36690713765,853.892736674617,507.196246202055,967.019271625257,996.804605584928,92.2185862052704,1434.31244908424,2094.12963448084,786.645748768365,687.803935556637,489.64511497014,920.784347395321,495.183154470844,1717.36228484766
247.010863015126,900.068663507309,1002.35077503377,605.043061822919,219.480573602123,891.254072682072,1185.76869923708,910.861362684593,233.369771002775,228.801548458835,1442.58852243896,261.244612588127,1363.85564343295,1243.96931445304,260.770051587875,456.301199554644,891.757907858612,853.892736674617,507.196246202055,965.695664515696,968.199226249102,92.2185862052704,862.31298752679,1422.03709923909,437.890360220004,687.803935556637,489.64511497014,793.495398230101,495.183154470844,1162.05703309507
247.010863015126,465.679763887567,475.892178001084,287.043813546471,219.480573602123,389.264067425549,961.034464054724,910.861362684593,128.913727704229,28.5269231671606,754.908106782506,95.2451239214845,557.974063937377,938.110218514591,120.867273301459,166.188894748135,583.992518792797,298.179796560592,215.845293998093,327.346593156799,415.650165929775,92.2185862052704,862.31298752679,787.16610328054,240.475874055171,639.724276122122,390.289727251977,136.25562307757,242.187012625421,582.859735924366
204.599550775021,373.647118799908,383.096038742227,156.906259531216,219.480573602123,84.3336326948411,356.513859501782,198.5547047837,46.2367779967761,18.3593451335649,278.626269795187,15.7076116760488,276.50256133612,611.464981213286,18.3622868587823,28.0896608085396,176.942826404186,87.0732764660627,215.845293998093,112.767438270756,377.038759748753,54.0709769151902,181.399488457864,240.441856914085,98.5359354450532,245.878675819762,238.891903048657,14.2446504811961,65.0086915118831,125.846443792066
29.8508589562283,78.4787385175781,42.816054020538,37.6730438996419,59.8269533004708,16.8668182620696,224.247715720551,68.6008067177354,9.83671936756025,4.30596978823905,95.413280758221,2.30790248674691,94.0730192581808,107.406605726509,3.86465905760303,3.81762652668374,83.0715074689235,83.6140731881122,71.3659756827826,33.9894598888631,141.579472279166,7.50744765290688,72.9612095428226,31.3979600374912,50.2548600036679,41.5788441029371,99.6496181317794,3.23245329772601,21.2959942933177,80.7706889018669
14.5948302241825,14.9692456352487,29.1978402174061,6.10619845235942,9.5132627424706,3.47577233395566,49.5907641714584,21.9862014395811,0.431119972077454,0.482101330574778,5.62877130950994,0.418787486041538,39.7066423583215,9.13160422050237,0.700486159310799,0.321865284526325,21.659806922742,7.01866367485741,6.95188211973561,20.7357331690571,17.6576819531309,0.634405111879687,15.0858672132305,31.3979600374912,11.1545173577075,10.6012142046916,6.39031410662028,1.00414167063752,17.5364898160543,18.2344297694858
1.75553918903188,0.450743306942854,1.69188516595466,0.977787803228921,4.34746740405808,1.85704008576727,1.97810367886746,1.48856441926512,0.0263056183007393,0.00813775934705063,4.26213163657144,0.00401548516833827,1.27573878455735,0.839454057766829,0.019008912579352,0.00370733837667103,1.64180386658552,3.28171957335792,1.41812504779739,0.707476741240953,1.22937186354159,0.0204161631836541,2.53142562631615,2.01021828061687,2.36657357355796,2.14351688770978,2.33264007560979,0.0125599843094051,1.96200478989192,0.991488922187727
0.241146355271667,0.206804775080514,0.23114031530406,0.173986013907324,0.183480349949491,0.178408732683124,0.137371660142321,0.193845499124109,1.02596308124703e-05,1.50997243508755e-06,0.293885318961998,2.9699646120207e-06,0.15268512014211,0.115612527001986,4.92413812480663e-06,2.88710771201295e-06,0.2033137313922,0.224811983958261,0.223349091405908,0.168509251260161,0.259831457496148,6.72920600663929e-06,0.123934526347284,0.283796756497736,0.140191135241366,0.110163998968346,0.22261150915142,2.25485734972608e-06,0.201898035984414,0.106089913499773
0.000389955669334086,0.000466020170961201,0.000384618954285543,9.64543556847275e-05,0.000141046748581175,0.000114577819431361,0.00010125223070645,0.000217689086298378,6.53699316899292e-11,1.51203494169749e-11,0.000980312507863346,7.27595761418343e-12,0.000255162870416825,0.000118742004360683,1.29716681840364e-10,6.02540239924565e-11,0.000319274667390346,0.000286383206798746,0.000136186176860065,0.000144883698794729,0.000506620603346164,2.68300937023014e-11,0.000200376280417913,0.00102568520276236,0.000262549130866319,0.000550223837649355,0.000261895002608981,1.58024704433046e-11,0.000312836936700478,0.000293578470063949
1.22137180369464e-08,8.25650658953236e-09,1.08915628516115e-07,7.72172370488988e-09,3.52421238858369e-08,1.06073230199399e-08,4.0702161641093e-09,3.0187152333383e-08,0,0,4.49257413492887e-08,0,3.68340806744527e-08,2.11493897950277e-08,0,0,6.10057213634718e-08,2.33578703046078e-08,1.99418082047487e-08,2.15754880628083e-09,1.49170773511287e-08,0,2.31805188377621e-08,5.53845893591642e-08,4.34179128205869e-08,3.63966137228999e-08,3.16794057653169e-08,0,1.73339458342525e-08,2.83785084320698e-08
0,0,0,0,0,0,0,0,0,0,0,0,0,0,0,0,1.13686837721616e-13,0,0,0,0,0,0,1.13686837721616e-13,0,0,0,0,0,0
0,0,0,0,0,0,0,0,0,0,0,0,0,0,0,0,0,0,0,0,0,0,0,0,0,0,0,0,0,0
0,0,0,0,0,0,0,0,0,0,0,0,0,0,0,0,0,0,0,0,0,0,0,0,0,0,0,0,0,0
0,0,0,0,0,0,0,0,0,0,0,0,0,0,0,0,0,0,0,0,0,0,0,0,0,0,0,0,0,0
