27126327.0345771,14445536.7242026,56609766.366744,23130557.097827,15898071.5677784,7105082.30458557,24766400.8004307,21527051.3403313,46967578.6393952,25905084.2689456,26240299.5289276,15491586.1458445,44023832.6256335,34336952.7364655,7827472.17055334,18770228.5356616,19100654.2623321,25415105.0369537,21891818.300193,56125023.8244049,23493526.934785,43466721.6228485,47246460.2389561,7472601.92082272,14338004.5658162,24893403.4851781,24584540.593032,12563136.8752325,6729617.69809938,30917869.6276988
576139.331791876,1707419.03490879,545890.29604298,504376.778902108,407854.052592801,97799.9369159975,810239.871069155,199841.948247609,354417.862029547,1534781.38019932,437939.981240437,464312.43317324,697953.342469143,885302.089860191,322643.22832867,1048363.06581665,220006.65234934,894993.999498334,873830.933111447,2267134.86580294,1957261.42215781,1123278.29948914,1160343.57354438,835099.510893189,223839.695710413,645349.052662271,787552.332692261,807101.315120568,562156.080651863,1095160.34608544
16958.4917984793,22260.9236529877,37644.5535981022,17543.5681001065,42965.9403563459,12462.3815941916,59368.3887805639,27095.8985122399,40490.6779765964,31416.9137524661,21102.1145168278,27526.7329801498,22284.1000498907,18773.2015416802,25810.4730455489,20294.017910538,19388.3763832412,27374.7662177902,27205.860985803,28446.8929169747,40580.4192168624,33343.3545779141,41408.5137117344,17555.5816434352,25077.3654290844,29275.6494310526,35024.7499834582,37860.9364723673,12235.8896750355,8635.94634897711
173.98597241422,193.397176000115,304.807127999665,166.978176766805,283.564405932523,88.4500332940129,395.700055991917,145.067378945764,214.810650763721,182.667334322675,180.87592877462,121.492422251151,247.583636908626,193.024189765463,242.108021781804,206.030547996291,113.333640044396,229.135448703684,223.466490573408,386.13916308981,182.342929567616,245.971916453975,225.276707721624,151.033875714786,222.986297135116,185.860397176229,147.942694848695,175.880260063897,224.422518011564,204.417029619966
27.1398654324596,21.047655453496,63.0307604600562,65.8950920278157,75.4112957126758,26.4495546029862,30.1383833517461,38.1783535144746,28.3195843485414,26.1766180893846,34.3266992625283,15.2769022464001,47.9117938797694,11.4946613320171,66.0661910622712,49.6831069631851,31.012130996239,41.7611679849092,10.4367593699783,114.936972625791,54.9150960461232,23.2223809396012,38.3789837812405,24.8791187446609,83.4796385669131,47.3187854014891,36.0978800892883,29.3197848532729,26.5973292111819,10.5870516443524
27.0599824249714,20.9787154642243,62.6372127612715,65.8313676876874,75.2315664140779,26.3361123245288,30.0464400169567,38.0111472493829,28.1750631755231,26.0965666217278,33.0097284830119,15.2061757043059,47.7681392679647,11.2044678310046,65.9253448964621,45.8519331735656,27.0680570346667,37.9358412941342,10.3691380100381,114.779752405879,48.8444695676615,22.9867528727505,37.6728849771255,24.5505320801146,82.9998749279644,46.8126540514534,35.9982699133113,29.2432686094492,26.4476022994179,7.13389887001176
27.057256435505,20.9778442860534,62.6341979318931,65.8296234525428,75.2310654101113,26.3349298027679,30.0445183689831,38.0087248712753,28.1730077582322,26.0955958534344,33.0087239386146,15.2050398424938,47.7669835763525,11.2010582428038,65.9219739035584,45.8483164417721,27.0658237988689,37.9307663443365,10.367830865865,114.778178173095,48.8407493650518,22.9838851387824,37.6690521621481,24.5494581292605,82.9973768927985,46.8109934397471,35.9968367827319,29.242289903895,26.4471444092947,7.12959079801908
27.0571416366793,20.9777743175348,62.6341319643436,65.8294678257137,75.2310579883954,26.3348985315033,30.0444107583878,38.0086581757685,28.172914093986,26.0955245761472,33.0086792231275,15.204986222029,47.7669624494256,11.2009515962102,65.9217844076702,45.8480889507121,27.065662429955,37.9302945563704,10.3677652325532,114.778030084156,48.8403420684099,22.9837751074635,37.668979043603,24.5494424832525,82.9972995562694,46.8109567847532,35.9967586723781,29.2422515509795,26.4471360512314,7.1293995207227
27.0571339554551,20.9777719958017,62.6341300839126,65.8294629541865,75.2310574929274,26.3348974633388,30.0444060401626,38.008651381077,28.1729096060592,26.0955208193268,33.008675155374,15.2049833184706,47.766961779862,11.2009424931339,65.9217787577877,45.8480716241907,27.0656564879177,37.93025677329,10.3677626608544,114.778026371337,48.8403278190824,22.9837687531585,37.6689767538282,24.5494418355315,82.9972975440287,46.810955613711,35.9967561388632,29.2422499604118,26.447135648116,7.12938765361059
27.0571335963109,20.9777717282989,62.6341295521304,65.8294626589691,75.2310569996621,26.3348967197621,30.0444056946965,38.0086509254149,28.1729091792706,26.0955206510162,33.0086749161321,15.2049832129933,47.7669613624525,11.2009421350645,65.9217784655004,45.8480703049174,27.0656561021226,37.9302546808424,10.3677625311318,114.77802626361,48.8403268565576,22.9837683748019,37.6689761321452,24.549441319017,82.9972968142349,46.8109550904555,35.9967560001223,29.2422498963513,26.4471354475193,7.12938674885663
27.057133513036,20.9777716921935,62.6341292086572,65.8294625694239,75.231056541621,26.3348960695912,30.0444055778382,38.0086508033828,28.1729091465254,26.0955204850593,33.0086747151336,15.2049831631762,47.76696088887,11.2009420677264,65.9217783464917,45.8480702385305,27.0656560042,37.9302545627834,10.3677625151106,114.778026235273,48.8403267900719,22.9837682804166,37.6689753946932,24.5494408681377,82.997296066203,46.8109546790122,35.9967558890608,29.2422498889846,26.447135375455,7.12938665424622
27.057133332853,20.9777716196397,62.6341288931735,65.8294623800077,75.2310561931711,26.3348954759053,30.0444054100594,38.008650615049,28.1729091130912,26.095520229652,33.0086744992102,15.20498312514,47.76696041787,11.2009419047345,65.9217782413011,45.8480701231749,27.0656558949074,37.9302544948741,10.3677625138284,114.778026204653,48.8403266107152,22.9837681634078,37.6689748443141,24.5494405244674,82.9972953004371,46.8109541731353,35.9967557066332,29.2422498882438,26.447135352927,7.12938651891
27.057133142366,20.9777715455903,62.6341286278907,65.8294621699172,75.2310558635243,26.334894956055,30.0444052494261,38.0086504156552,28.1729090678791,26.0955199911191,33.008674304225,15.2049830936144,47.7669601160196,11.2009417101947,65.9217781680395,45.8480699818031,27.0656557463296,37.9302543526608,10.3677625134133,114.778026181136,48.8403264555348,22.9837680193716,37.6689744703879,24.5494401795434,82.9972945923448,46.8109537628054,35.9967555468077,29.2422498880494,26.4471353391423,7.129386356753
27.0571329806728,20.9777714674428,62.634128476024,65.8294619196774,75.2310557135379,26.3348945001144,30.0444051090285,38.0086502628526,28.1729090131323,26.0955198188983,33.0086740638283,15.2049830387139,47.7669598523732,11.2009415328382,65.9217780436163,45.848069838971,27.0656556229976,37.9302542374755,10.3677625126738,114.778026149541,48.8403263034622,22.9837678715428,37.6689742455947,24.5494400161303,82.997293682999,46.8109533192569,35.9967553886765,29.2422498880494,26.4471353338934,7.1293862195148
