114.02801488309,117.428957728476,102.642586437472,87.2065341731263,131.358426848288,94.7721474036543,115.480410968831,128.751405136596,152.644489469737,123.67711261636,105.321601731925,161.505301506838,86.6763031579126,86.2389505489796,86.3910799929404,119.299447857985,88.1962572416787,91.2232864314724,92.4326950801906,114.514021344138,87.9062167212132,145.031162753232,117.805290743178,139.05478005181,89.9507476073391,103.585456379138,135.402178026195,103.356499600198,74.8261818791234,67.4580679743667
64.373453041851,76.6712090779447,79.1007083863751,78.3648168202571,123.063374694401,81.7868085108348,83.3291327563497,83.1483868986684,87.2682024142705,82.9072350264346,82.5806922881811,99.194827043375,86.6763031579126,86.2389505489796,75.4421696804097,69.0873589033058,74.0459461070905,73.8061248988311,66.3983618333118,65.1784870002598,42.8343804937524,100.798715463687,114.571257378856,78.4065634777112,86.4942261686501,93.9961517637807,71.5247275809447,81.4796859503704,74.8261818791234,67.4580679743667
57.726891607605,64.5049757737288,57.3378340085801,66.5774544764054,84.2383027375195,60.3451096472222,83.3291327563497,69.6286396543615,80.1904999322396,77.7750497590587,75.9447649393837,76.6541018463604,70.7320832960309,71.9939908521706,64.9588465500783,69.0873589033058,56.342799271923,73.8061248988311,66.3983618333118,65.1784870002598,42.8343804937524,72.7123707521614,93.1245399327518,78.4065634777112,63.2252682780718,87.5762175643722,71.5247275809447,79.2705383021921,54.2735005654599,67.4580679743667
53.4619558258041,55.8310568577372,57.3378340085801,47.2962885860563,72.9180005984017,60.3451096472222,66.1867158883024,33.8224924520812,60.4684225740898,68.7852530875066,60.5256899624956,53.5388271519018,58.5622357182365,62.9015312336655,48.1322630206596,50.1546078989359,56.342799271923,49.9410708841306,66.3983618333118,30.6609416039701,42.8343804937524,50.6468073875276,51.4228170663855,50.1870820003383,63.2252682780718,50.6226481171402,66.2271072542244,49.1551261581353,54.2735005654599,48.3071341313112
25.3783786903921,34.3284426712146,21.827213973897,20.8254436595885,56.6148910453912,27.623235263417,29.0684201737761,15.3586697705041,37.273710126047,24.7222802156346,25.5725731992168,19.1504905885554,25.7733510496496,26.6154940587778,31.5891494282619,27.8325090767009,19.9842927882585,35.5924985592123,25.375798135653,14.6258696728812,42.8187202125091,32.7691212183393,23.4130581961999,49.0800054418655,25.4026307484266,50.6226481171402,38.8051344920668,14.7759026704045,15.2846913435378,9.17338555011361
20.2062391730101,23.7982764820777,3.4938830629801,4.74180424190149,6.2786839470416,23.6368192980317,20.9608401502651,3.9073003099702,1.71792524692933,21.7164629452436,18.5194956281493,0.766806175245847,21.8166824201833,4.02948817891024,22.2412749102693,22.188232540251,3.48022266632597,3.94457456338046,1.85554476260791,4.08216493559485,30.2926108691909,22.8870778274093,0.0513925549983014,8.25415420037825,23.5835820353711,31.2315298968867,22.1462655007692,2.76038676649591,2.11491793291498,2.63080845279069
20.1426100406081,21.2952595434483,0.625864997172357,2.61415087656928,0.995488925660311,20.8130660654544,20.757922808318,2.62754712243577,1.61909649285667,21.7164629452436,1.63632781254023,0.624128298374899,13.69543092251,3.45900915219613,22.1655065915529,21.5788202282927,3.01689605298043,2.11523283337374,1.62619940222589,2.04022369856261,21.0113564790431,21.1330449866468,3.15028121349314e-05,1.62130245249796,22.7232984428888,19.9513913360165,21.7159510964523,2.03279056714882,0.922368192351541,2.22051518362218
20.0726971821118,21.2952595434483,0.624100379015999,2.61401758995885,0.994959468972411,20.7407393191118,20.7044859070193,2.31789126910439,1.61905838691041,21.6725770364592,1.61906721445553,0.624099325016914,3.72924691471826,3.0433257131217,22.1655065915529,21.5788202282927,2.11171266193173,1.82013462714735,0.00145003602187899,1.2634672660995,20.8057827547211,21.0772731708728,5.06565811519977e-09,1.619059207693,22.4246330069395,0.0134064770061286,21.7159510964523,1.40600172594782,0.89085963117418,1.67825826193052
20.0726971821118,20.6944313405352,0.624099322388702,2.61401743692795,0.99495906118841,20.7106033014911,1.20178354126642,2.31789126910439,1.61905837942641,21.6325783845907,1.61905838404596,0.62409932200103,2.89510210107665,2.50078541586936,22.1655065915529,21.5788202282927,1.61947282087044,1.72628076660158,6.8754025051021e-07,1.00363403464257,20.7446066409518,21.0772731708728,1.52840584632941e-09,1.61905838097186,22.4246330069395,4.8468439217686e-06,21.7159510964523,1.00158960349518,0.541821314478057,1.00320594490859
20.0671668411908,20.6944313405352,0.624099322388702,2.61401743587226,0.99495905883964,20.7106033014911,0.805937409388889,2.31789126910439,1.61905837942641,21.6325783845907,1.61905837964264,0.62409932200103,1.21916256681561,2.50078541586936,21.8635351294702,21.396858286204,1.61905855615646,1.72628076660158,2.70847522187978e-09,1.00363403464257,20.7142606374991,21.0772731708728,1.52840584632941e-09,1.619058378825,22.1770989317729,3.97517396777403e-09,21.7159510964523,0.994962671004032,0.299413365017244,0.994962924654146
20.0671668411908,20.6944313405352,0.624099321942367,2.61401743587226,0.99495905883964,20.694058287691,0.805859512459392,2.22534202420911,1.61905837829636,21.3681510655895,1.61905837964264,0.62409932200103,0.994983065510041,2.50078541586936,21.8635351294702,21.396858286204,1.61905838155053,1.72628076660158,1.2648797564907e-09,1.00363403464257,20.7081236751758,1.65522204065905,1.52840584632941e-09,1.619058378825,22.1770989317729,1.24236976262182e-09,21.704281222293,0.994959059733674,0.299413365017244,0.994959060589963
20.0671668411908,20.6944313405352,0.624099321942367,2.61401743587226,0.994959058244604,20.6930350729167,0.80585949456372,2.22534202420911,1.61905837829636,20.8635425987361,1.61905837964264,0.62409932200103,0.99495906727293,2.50078541586936,21.8635351294702,4.81718997199073,1.61905837938866,1.67631831559925,4.07681000069715e-10,1.00363403464257,20.7081236751758,1.127940181452,1.52840584632941e-09,1.619058378825,22.1770989317729,1.24236976262182e-09,21.704281222293,0.9949590593435,0.299413365017244,0.994959059256644
20.0671668411908,20.6944313405352,0.624099321942367,2.61401743567922,0.994959058244604,20.6930350729167,0.80585949456372,2.22534202420911,1.61905837829636,20.8940462050407,1.61905837964264,0.62409932200103,0.994959058673885,2.50078541586936,21.8635351294702,0.62492833994429,1.61905837847667,0.99536642468297,4.07681000069715e-10,1.00363403464257,20.6873798320453,1.12793700313136,1.52840584632941e-09,1.61905837866448,22.1770989317729,1.24236976262182e-09,21.6973699550736,0.994959058140012,0.299413365017244,0.994959058811219
20.2082515440982,23.9238164569231,0.624099321808217,2.61410642747046,0.994959058260747,20.7621826279462,0.805859494912966,3.2211387285638,1.61905837825202,0.629317002436437,1.61905837893187,0.624171580147276,0.994959057388314,6.66424026628624,27.0281468014341,0.624099863359788,1.61905837823838,0.994959352580508,3.66981112165377e-10,1.17111334176752,20.7723760649717,1.12793700309112,1.44314071803819e-09,1.61913262650933,23.2920346799133,5.71531627429067e-05,21.7613120343606,0.994959057970163,0.936122479107553,0.994959057843289
