3220.88939422252,3687.08201570051,8474.79703393393,2346.9534532775,1891.79488347699,6977.60187944112,770.223950521841,2618.38392724416,2099.10046591986,2574.36842514685,2330.20987803039,3815.52209486405,4661.82010898381,998.321539333239,1371.82272642422,1501.35525847542,8612.27668481913,9048.27038507079,2552.84193229896,1980.67839051811,2574.79692084661,2054.56892702055,607.518508719467,17527.0307934031,746.594085836426,7706.38930807742,1985.71127518499,6793.85134312078,2751.02933358949,1290.14603642399
12.9445593140091,20.3064924063189,22.4441489576527,11.0482342862598,12.731998726376,26.3894153781589,31.2500964221599,16.5701003362755,13.8342977411862,9.73922608516585,14.1046395217894,21.0923573994731,16.8665631690189,27.3725819891682,22.259763952666,43.3106109465298,21.5273873206851,43.8518432774894,20.5219706582782,14.9163511932479,45.5903604181835,19.7106436076623,46.0699380951911,23.2300995838614,8.51258722551728,10.8980914598413,15.8137756700469,11.279066773741,22.9901750639692,26.5789266186538
1.52061844154019,0.496822920361694,2.72586556272864,0.688906086352176,1.44526627553938,1.17163548508051,0.763138278052281,2.23180296712491,0.857427007141439,1.49586017341863,1.37298950501275,1.57329444481502,3.12077947018133,1.0320752480614,0.782202593161799,1.90315101191538,0.987359472722346,1.56668066744146,1.53032078062051,1.78109802156126,3.11075164013022,2.31898337657043,2.41825117365659,1.04675316674479,0.966052171087824,1.0858253260779,1.26138990265207,1.32964113878018,0.675920345480677,0.771267639228824
0.0128379000807968,0.0177180978545834,0.00869646773952581,0.00819265929965241,0.00805691796119845,0.012949941942054,0.0186372159081998,0.0237523000593569,0.0073689692300718,0.00572405534774134,0.017102249053039,0.018905242362905,0.00957464199922242,0.016163870378648,0.0101800753442376,0.00812098486738932,0.0174510472933207,0.029763663735082,0.00722620140618346,0.0217278880607523,0.0293989303922331,0.0122119132267926,0.00849829072700459,0.0257891327128164,0.00526325632898761,0.00532020487014506,0.0123223300852828,0.0114086393946309,0.0064761880576043,0.0161732893513999
7.33245428818918e-08,6.90164938532689e-08,5.04952026858518e-08,1.89769480130053e-08,1.77566334969015e-08,2.90011712422711e-08,2.47895286520361e-08,1.74512138073624e-08,1.24714460980613e-08,3.20806066156365e-08,2.40404460782884e-08,3.53063001057308e-08,8.70987264534051e-08,1.55480393004837e-08,2.14037072510109e-08,5.10833615408046e-08,7.90861918176233e-08,5.99878262619313e-08,2.94870119432744e-08,5.3167582336755e-08,6.89653347762942e-08,3.393813585717e-08,4.9999357543129e-08,3.26514282278367e-08,1.15181819637655e-08,1.33364324028662e-08,2.66792881120637e-08,3.74283786186425e-08,3.15239390147326e-08,3.14264525513863e-08
0,0,0,0,0,0,0,0,0,0,0,0,0,0,0,0,0,0,0,0,0,0,0,0,0,0,0,0,0,0
0,0,0,0,0,0,0,0,0,0,0,0,0,0,0,0,0,0,0,0,0,0,0,0,0,0,0,0,0,0
0,0,0,0,0,0,0,0,0,0,0,0,0,0,0,0,0,0,0,0,0,0,0,0,0,0,0,0,0,0
0,0,0,0,0,0,0,0,0,0,0,0,0,0,0,0,0,0,0,0,0,0,0,0,0,0,0,0,0,0
0,0,0,0,0,0,0,0,0,0,0,0,0,0,0,0,0,0,0,0,0,0,0,0,0,0,0,0,0,0
0,0,0,0,0,0,0,0,0,0,0,0,0,0,0,0,0,0,0,0,0,0,0,0,0,0,0,0,0,0
0,0,0,0,0,0,0,0,0,0,0,0,0,0,0,0,0,0,0,0,0,0,0,0,0,0,0,0,0,0
0,0,0,0,0,0,0,0,0,0,0,0,0,0,0,0,0,0,0,0,0,0,0,0,0,0,0,0,0,0
0,0,0,0,0,0,0,0,0,0,0,0,0,0,0,0,0,0,0,0,0,0,0,0,0,0,0,0,0,0
