107.670816682501,247.043724900632,254.853010438093,242.538995747968,249.861914394719,272.635995484614,205.48171213586,254.605656225654,110.899912135555,240.377817236311,232.767702795201,246.279096238763,228.940853132195,115.439778480874,247.891259148599,205.320516680561,290.47751391549,255.215840492266,252.164253844402,253.058829771099,247.47031536368,263.527570165696,206.90283766951,245.985935956216,221.323441765466,229.965625230732,255.876164313635,111.758821896773,249.122350693604,115.173084685521
101.546085576157,232.361639760963,242.334017445071,240.881634815945,243.690594831192,229.087149999294,205.481687028067,239.616867631442,101.794801123695,240.377817236311,232.767702795201,234.858692925252,228.940853132195,101.689980470707,237.826362733758,205.320443909648,250.94924451006,233.027953734302,234.689140268655,236.631926277991,239.984414179999,235.740584659202,206.902835289746,239.23306896623,221.323441765466,229.965625230732,240.512317998933,100.986821627324,229.346037961652,101.310612745842
100.907756949147,225.505426491183,241.369520349238,237.372497570625,231.164426785801,229.087149999294,205.48168702803,236.563849243042,101.050465504746,227.757371541687,232.494405640688,234.858692925252,228.940853132195,100.85402709283,237.826362733758,205.32044390956,247.436642844966,233.027953734302,232.900844136136,235.263595196843,239.984414179999,235.740584659202,206.902835289694,239.23306896623,221.323441765466,229.965625230732,234.150839404385,100.585203583929,229.346037961652,101.098898786899
100.637293618953,206.84107572138,208.494094066396,207.614731019591,206.426383412872,207.423592329375,205.48168702803,208.947048651198,100.333575859571,204.956303271613,206.180286620754,205.947392604168,209.670467335327,100.5656793151,205.754792265043,205.320443909559,238.828818152674,205.837984853107,205.529343108182,205.046477310781,208.636538212344,231.662761025502,206.902835289694,206.355301650125,205.920854757198,208.339640846302,205.991337390621,100.575245489823,209.639175665158,100.561662535955
100.381769145851,204.879797767585,206.364703538351,205.539285242518,206.199882970918,205.059923373689,205.48168702803,208.87642428777,100.280858363804,204.839793501857,205.403388383487,205.767005864088,208.820287412143,100.423812969422,205.481687358333,205.320443909559,204.41166150009,205.729422235037,205.320444823521,204.879797934364,208.256509142745,208.29314934932,206.902835289694,206.216075630375,205.668540250681,205.320453134937,205.767822340734,100.419131894684,209.47990366445,100.422554681954
100.30284715775,204.879797333172,206.364697483121,205.539283154664,206.199882087549,205.05991663593,205.48168702803,208.876424097342,100.265642841549,204.839793259433,205.403385469987,205.767005419284,208.820287031967,100.356433492247,205.48168702803,205.320443909559,204.347502592427,205.729421971883,205.320443909559,204.879797333172,208.256507376181,208.292984762623,206.902835289694,206.216075364727,205.668539161524,205.320443909559,205.767820435994,100.351951433638,209.479903344377,100.306631669302
100.297663042887,204.879797333172,206.364697483121,205.539283154664,206.199882087549,205.05991663593,205.48168702803,208.876424097342,100.233239790177,204.839793259433,205.403385469987,205.767005419284,208.820287031967,100.34006375803,205.48168702803,205.320443909559,204.347499156031,205.729421971883,205.320443909559,204.879797333172,208.256507376181,208.292984762623,206.902835289694,206.216075364727,205.668539161524,205.320443909559,205.767820435994,100.332675279408,209.479903344377,100.276753973627
100.288126601928,204.879797333172,206.364697483121,205.539283154664,206.199882087549,205.05991663593,205.48168702803,208.876424097342,100.227819800351,204.839793259433,205.403385469987,205.767005419284,208.820287031967,100.33552073473,205.48168702803,205.320443909559,204.347499155466,205.729421971883,205.320443909559,204.879797333172,208.256507376181,208.292984762623,206.902835289694,206.216075364727,205.668539161524,205.320443909559,205.767820435994,100.328260685564,209.479903344377,100.271836542202
100.286818087971,204.879797333172,206.364697483121,205.539283154664,206.199882087549,205.05991663593,205.48168702803,208.876424097342,100.226040803335,204.839793259433,205.403385469987,205.767005419284,208.820287031967,100.334232921531,205.48168702803,205.320443909559,204.347499155466,205.729421971883,205.320443909559,204.879797333172,208.256507376181,208.292984762623,206.902835289694,206.216075364727,205.668539161524,205.320443909559,205.767820435994,100.325756657339,209.479903344377,100.270317601439
100.286575283994,204.879797333172,206.364697483121,205.539283154664,206.199882087549,205.05991663593,143.064351148867,208.876424097342,100.224920063977,204.839793259433,205.403385469987,205.767005419284,208.820287031967,100.333960403965,205.48168702803,202.755745781272,204.347499155466,205.729421971883,205.320443909559,204.879797333172,208.256507376181,208.292984762623,178.304589580273,206.216075364727,205.668539161524,205.320443909559,205.767820435994,100.325439935137,209.479903344377,100.270144193658
100.286415983967,204.879797333172,206.364697483121,205.539283154664,206.199882087549,205.05991663593,143.064351148867,208.876424097342,100.224698312267,204.839793259433,205.403385469987,205.767005419284,208.820287031967,100.333884051101,205.48168702803,202.755745781272,204.347499155466,205.729421971883,205.320443909559,204.879797333172,208.256507376181,208.292984762623,178.304589580273,206.216075364727,205.668539161524,205.320443909559,205.767820435994,100.325221966991,209.479903344377,100.270092781614
100.286415983967,204.879797333172,206.364697483121,205.539283154664,206.199882087549,205.05991663593,143.064351148867,208.876424097342,100.224615507661,204.839793259433,205.403385469987,205.767005419284,208.820287031967,100.333878085569,205.48168702803,202.755745781272,204.347499155466,205.729421971883,205.320443909559,204.879797333172,208.256507376181,208.292984762623,178.304589580273,206.216075364727,205.668539161524,205.320443909559,205.767820435994,100.325172845177,209.479903344377,100.270079144775
100.286405272571,204.879797333172,206.364697483121,205.539283154664,206.199882087549,205.05991663593,143.064351148867,208.876424097342,100.224600101899,204.839793259433,205.403385469987,205.767005419284,208.820287031967,100.33387358425,205.48168702803,202.755745781272,204.347499155466,205.729421971883,205.320443909559,204.879797333172,208.256507376181,208.292984762623,178.304589580273,206.216075364727,205.668539161524,205.320443909559,205.767820435994,100.325161904793,209.479903344377,100.270076895699
100.286403869852,204.879797333172,206.364697483121,205.539283154664,206.199882087549,205.05991663593,143.064351148867,208.876424097342,100.224596386352,204.839793259433,205.403385469987,205.767005419284,208.820287031967,100.316839383567,205.48168702803,202.755745781272,204.347499155466,205.729421971883,205.320443909559,204.879797333172,208.256507376181,208.292984762623,178.304589580273,206.216075364727,205.668539161524,205.320443909559,205.767820435994,100.325161529849,209.479903344377,100.258897900069
