241.611510534306,194.217852288247,196.963401310834,186.92848239158,197.894451302527,190.19878035158,220.907829982434,187.727404964195,205.347334982754,172.173937430198,185.926760559112,186.225544899999,180.789912597424,193.284823380531,239.798509810039,181.891039225154,240.035232835402,201.526525394703,197.521507322235,193.902297902334,240.9202914705,176.084261413961,186.686931326761,185.170719216514,190.575204466941,181.552109161713,263.903722090717,188.583746613887,182.052190232271,205.278260490656
199.154757072888,168.697683145941,169.167176214021,166.974865951798,171.586501750596,170.091573059284,173.067672015694,168.764576059427,167.209917835706,167.201686969096,167.012819142023,166.505942565146,168.925171120658,170.935325130446,170.668213742323,167.352344012983,198.570272160974,169.700003014363,171.609528848177,169.623219817641,172.627029736384,166.463528162944,169.687915375729,166.367702350642,168.749102938393,168.200991541763,230.553680714853,167.796153298003,168.647295493755,170.824661455195
171.60338197888,165.279372973336,165.135942744399,165.168750559926,165.336325179162,165.600410762557,165.733112478748,165.274602160435,163.431888485614,165.602684324243,165.097641336125,165.083579162016,165.819107768074,165.537122176406,166.393309580837,165.598157329321,176.938933288827,165.482890300818,165.243255535886,165.630897167117,165.861955181111,165.059599921469,165.244292472571,165.052148285076,165.553306287233,165.669179133985,190.757005973122,165.149796544652,165.126108396248,165.261850204217
167.156032017512,164.935408740891,164.92629464424,164.925724290155,164.925089671294,165.228465500079,164.937747615796,164.926214745306,162.709901821722,165.226185244554,164.924511924663,164.923071334555,165.229379730451,164.927129942338,165.242190055144,165.223457209289,167.574034272816,164.979243858218,164.933656016237,164.925255183185,164.937717179903,164.934205964621,164.935664187875,164.934062398205,164.924323973154,165.231709038147,176.400637407443,164.92411450696,164.924461568919,164.925763323778
164.54516239034,164.93100849074,164.921941986404,164.921941859409,164.921941950795,165.212636850884,164.931008570634,164.921941859466,162.700133296324,165.212624972392,164.921941707799,164.921941820179,165.212641930624,164.921941857888,165.212652873966,165.212623603091,165.010165947666,164.9758679068,164.931008633576,164.921941801255,164.931008852991,164.931008102752,164.931008352682,164.931008453415,164.921941761838,165.212631428716,175.030044694105,164.921941844948,164.92194196254,164.921941899943
164.542482684892,164.931007902907,164.921941568,164.921941568,164.921941568,165.212605597668,164.931007902907,164.921941568,162.700130535329,165.212605597667,164.921941568,164.921941568,165.21260559767,164.921941568,165.212605597673,165.212605597668,164.997760762651,164.975867633901,164.931007902907,164.921941568,164.931007902907,164.931007902907,164.931007902907,164.931007902907,164.921941568,165.212605597671,175.026405785305,164.921941568,164.921941568,164.921941568
164.542482472773,164.931007902907,164.921941568,164.921941568,164.921941568,165.212605597661,164.931007902907,164.921941568,162.700130535329,165.212605597661,164.921941568,164.921941568,165.212605597661,164.921941568,165.212605597661,165.212605597661,164.99775585255,164.975867633901,164.931007902907,164.921941568,164.931007902907,164.931007902907,164.931007902907,164.931007902907,164.921941568,165.212605597661,175.02640554352,164.921941568,164.921941568,164.921941568
164.542482472772,164.931007902907,164.921941568,164.921941568,164.921941568,165.212605597661,164.931007902907,164.921941568,162.700130535329,165.212605597661,164.921941568,164.921941568,165.212605597661,164.921941568,165.212605597661,165.212605597661,164.997755851568,164.975867633901,164.931007902907,164.921941568,164.931007902907,164.931007902907,164.931007902907,164.931007902907,164.921941568,165.212605597661,175.026405543519,164.921941568,164.921941568,164.921941568
164.542482472772,164.931007902907,164.921941568,164.921941568,164.921941568,165.212605597661,164.931007902907,164.921941568,162.700130535329,165.212605597661,164.921941568,164.921941568,165.212605597661,164.921941568,165.212605597661,165.212605597661,164.997755851568,164.975867633901,164.931007902907,164.921941568,164.931007902907,164.931007902907,164.931007902907,164.931007902907,164.921941568,165.212605597661,175.026405543519,164.921941568,164.921941568,164.921941568
164.542482472772,164.931007902907,164.921941568,164.921941568,164.921941568,165.212605597661,164.931007902907,164.921941568,162.700130535329,165.212605597661,164.921941568,164.921941568,165.212605597661,164.921941568,165.212605597661,165.212605597661,164.997755851568,164.975867633901,164.931007902907,164.921941568,164.931007902907,164.931007902907,164.931007902907,164.931007902907,164.921941568,165.212605597661,175.026405543519,164.921941568,164.921941568,164.921941568
164.542482472772,164.931007902907,164.921941568,164.921941568,164.921941568,165.212605597661,164.931007902907,164.921941568,162.700130535329,165.212605597661,164.921941568,164.921941568,165.212605597661,164.921941568,165.212605597661,165.212605597661,164.997755851568,164.975867633901,164.931007902907,164.921941568,164.931007902907,164.931007902907,164.931007902907,164.931007902907,164.921941568,165.212605597661,175.026405543519,164.921941568,164.921941568,164.921941568
164.542482472772,164.931007902907,164.921941568,164.921941568,164.921941568,165.212605597661,164.931007902907,164.921941568,162.700130535329,165.212605597661,164.921941568,164.921941568,165.212605597661,164.921941568,165.212605597661,165.212605597661,164.997755851568,164.975867633901,164.931007902907,164.921941568,164.931007902907,164.931007902907,164.931007902907,164.931007902907,164.921941568,165.212605597661,175.026405543519,164.921941568,164.921941568,164.921941568
164.542482472772,164.931007902907,164.921941568,164.921941568,164.921941568,165.212605597661,164.931007902907,164.921941568,162.700130535329,165.212605597661,164.921941568,164.921941568,165.212605597661,164.921941568,165.212605597661,165.212605597661,164.997755851568,164.975867633901,164.931007902907,164.921941568,164.931007902907,164.931007902907,164.931007902907,164.931007902907,164.921941568,165.212605597661,175.026405543519,164.921941568,164.921941568,164.921941568
164.542482472772,164.931007902907,164.921941568,164.921941568,164.921941568,165.212605597661,164.931007902907,164.921941568,162.700130535329,165.212605597661,164.921941568,164.921941568,165.212605597661,164.921941568,165.212605597661,165.212605597661,164.997755851568,164.975867633901,164.931007902907,164.921941568,164.931007902907,164.931007902907,164.931007902907,164.931007902907,164.921941568,165.212605597661,175.026405543519,164.921941568,164.921941568,164.921941568
