176.632715578202,146.860318580844,144.209997408524,207.78709072563,200.104194521628,220.391459293575,226.71573997969,144.85803256983,170.928247128508,247.706737877201,162.443451611142,172.078100194553,125.565357241416,194.265646078858,281.737416095473,153.651330727678,145.406016954978,159.832764542386,256.507772626149,96.0971456826555,209.246488270893,129.593846032029,205.603459140462,131.970062193297,275.249188437109,237.537775673497,203.163230847075,182.264517584969,176.518088769079,174.505496920534
166.817571133746,146.860318580844,144.209997408524,207.78709072563,200.104194521628,216.961624878127,226.71573997969,144.85803256983,140.171268788086,247.706737877201,162.443451611142,152.774059350528,125.565357241416,194.265646078858,267.250700361905,153.651330727678,121.846447018372,159.832764542386,235.207502505184,96.0971456826555,209.246488270893,129.593846032029,205.603459140462,109.5967194131,253.506957436928,237.537775673497,154.563882457367,182.264517584969,176.518088769079,174.505496920534
138.592815427758,146.860318580844,144.209997408524,124.047355410209,151.585635699005,196.047098855081,107.280337988944,144.035832656525,140.171268788086,157.709438116164,159.50768538396,152.774059350528,125.565357241416,194.265646078858,250.604616741491,153.651330727678,121.846447018372,159.832764542386,166.191957239826,96.0971456826555,101.254545216278,129.593846032029,130.201365054264,109.5967194131,141.797572169109,152.433179102872,154.563882457367,182.264517584969,176.518088769079,174.505496920534
138.592815427758,146.860318580844,144.209997408524,124.047355410209,130.096455927497,125.561196497975,107.280337988944,144.035832656525,136.439634738615,157.709438116164,142.558720232749,152.774059350528,125.565357241416,194.265646078858,192.559639084858,102.651277441581,89.8590570899614,136.145198556992,128.334469469599,96.0971456826555,101.254545216278,129.593846032029,130.201365054264,109.5967194131,141.797572169109,152.433179102872,93.4480578094754,136.106914869065,123.617630654518,174.505496920534
77.5944788093107,75.8591132670335,144.209997408524,106.613048080899,130.096455927497,125.561196497975,107.280337988944,109.610147664337,87.5758487059056,118.468472308601,107.102507836568,152.774059350528,125.565357241416,160.615251198326,113.237557701833,102.651277441581,86.6096132822172,73.0953099108287,128.334469469599,96.0971456826555,101.254545216278,129.593846032029,114.459553139334,109.5967194131,87.8488660640237,145.676733880224,93.4480578094754,95.6527489630262,76.938208080961,99.9965063598752
77.5944788093107,75.8591132670335,110.662432979686,100.046911568969,111.948261896971,125.561196497975,107.280337988944,96.3812343702357,87.5758487059056,86.8051629760325,93.4502870963438,134.268686949894,90.395909281935,114.10647895098,96.2114823241823,90.1626296653176,86.6096132822172,73.0953099108287,93.2095208108904,89.0180141725064,101.254545216278,94.6955526305078,88.9102604804611,75.0740319153529,87.8488660640237,136.3531268096,93.4480578094754,95.6527489630262,76.938208080961,99.9965063598752
77.5944788093107,75.8591132670335,100.111443177511,77.0883937558806,88.2826907093026,95.5104561513276,107.280337988944,92.9079468925797,83.461348071829,86.8051629760325,93.4502870963438,94.1432232477714,90.395909281935,114.10647895098,96.2114823241823,90.1626296653176,86.6096132822172,73.0953099108287,93.2095208108904,87.1587084002181,81.489204463051,84.4823191897649,67.3664801996292,75.0740319153529,87.8488660640237,94.4884487137415,71.1186565361372,88.7223881685609,76.938208080961,77.3201740753257
76.6439489844288,73.2673544535241,91.4994019744372,69.8532178699693,55.0383030928447,82.1590438039707,59.3700872129748,81.8721242438196,69.5119789819009,65.5489493310206,91.3160854053945,56.1226593984325,78.2907636606851,82.4696857557492,62.2436516105431,61.1627667100552,65.9078857919403,64.7530980861952,79.7333717362221,72.9939361639686,81.489204463051,78.5565252336814,66.3619124808165,75.0740319153529,70.7287624806313,83.9156065496445,71.1186565361372,64.347304532645,76.938208080961,77.3201740753257
47.4392643438539,61.1832309839392,68.8457712422369,52.053053496194,44.9527106958803,47.5169926281542,59.3700872129748,55.8434527477111,57.9424847944852,65.5489493310206,70.6005753638274,52.7007623990357,59.6486615006047,68.8340198253377,62.2436516105431,49.9215424095632,65.9078857919403,51.3261580933581,46.4487546557573,69.4781070639556,45.2985305360605,55.7548295204315,50.8642232138232,62.8161082397673,49.0636820816503,49.9154732744073,55.2677200234798,48.1097950247554,66.8405800035657,51.703225712854
47.4392643438539,32.7520971631725,60.7306606309385,46.7690099585864,44.9527106958803,47.5169926281542,59.3700872129748,37.3806708801894,46.3453752110008,35.9936670065026,52.9577524566698,41.1426818020559,33.6334548345192,34.1677801788828,48.7041509244755,24.9173238370388,32.6725519253928,34.0769583130259,46.4487546557573,28.5725703153844,45.2985305360605,42.3032919382854,30.8470941786891,30.592297038567,46.5321030248328,42.8874650195696,31.5383063048901,40.8241966167559,59.8712385676849,33.1208194529549
42.2000684175889,28.4140806267953,43.3163870098497,31.8827800221368,25.6324255776915,26.0587330883798,46.4364035613694,26.8968764479946,46.3453752110008,14.3288553207019,31.5840070801601,16.9172387966153,24.6030250936813,27.6411371616673,30.74912949333,12.8911225429574,25.6190215043289,25.9932507054702,39.7646412583072,13.4114673012405,27.676172201074,25.5357453067431,26.5268112523904,21.2977481398793,32.675856916059,16.0930684830403,26.0576399315776,28.5233940298961,32.1262017093791,25.7326291716831
33.4589803376743,9.32513430660651,25.191989799273,23.1275363850068,5.1844817503727,2.69226998731256,23.7585611222628,22.7051659116171,14.313389318778,1.37424189401349,25.3659369495313,0.485170699528908,9.00714496362912,22.7245461903979,23.1334483840558,3.45756746110987,22.6352793867213,21.046953867869,26.2641039552052,1.74822150873183,23.6325729295374,8.3613955585065,21.7912182198463,2.26577947012765,24.5149955088818,1.00622623470872,23.2379067095774,22.7383144682101,24.7002103495174,3.01143535395545
2.1319961837296,2.027798055017,21.4064529396176,21.1996043430943,0.254075825328528,0.630057828514964,20.1995369748411,20.9790095529288,2.0120793151566,0.00606965430438322,4.32345581385835,0.00156476819711315,0.162535825857731,21.8046280586768,22.2547645525331,0.791824055859479,21.7109111408956,20.7541059834837,0.524179067808745,1.62091646167733,22.569258423347,4.34763576869182,21.3253537938283,0.0059370098178988,22.8769988349629,0.627337875674584,22.6185405145586,21.8331687198047,21.8925472344999,1.62736386328356
1.98998279811349,1.66556029439153,4.52441781713173,21.0940260214393,5.27987713212497e-05,0.624099649307254,20.0853009197008,20.9790095529288,1.98992761489285,3.55876863977755e-07,3.18744789294055,1.04326318250969e-07,6.79852360008226e-05,21.7083542413543,21.6308445590823,0.524857738839501,21.5701377610512,20.712363060296,0.000141565924650422,1.61905842621877,21.5166857047325,1.99037317978127,20.9726432704592,7.2522425398347e-07,22.2782458208712,0.624099442214856,22.6185405145586,21.8331687198047,21.6920276569667,1.61905893202425
1.98991811535029,1.58579530022189,0.05013320933881,21.0614457208314,1.50816958921496e-09,0.624099321897575,20.0648454470891,20.9790095529288,1.98991811647397,7.60337570682168e-10,3.09624307333343,2.57728061114904e-09,9.38825905905105e-10,21.5214880037654,21.3559129581788,0.524857738839501,1.41540067620645,20.6981215365224,2.58160071098246e-09,1.61905837917129,3.47295020261208,1.98991811753854,20.7431492699816,2.01998773263767e-09,22.2782458208712,0.624099322314123,22.3759349402646,1.34572441200658,21.6920276569667,1.61905837841437
1.98991811420319,0.995308970380847,8.39216070289694e-05,20.9950223061107,1.50816958921496e-09,0.624099321263202,20.0001323852389,20.0000673509692,1.98991811419478,7.60337570682168e-10,2.61433654170105,7.12361725163646e-10,4.56111592939124e-10,20.6245610579494,20.6235323550202,8.56489552916173e-05,0.62409932110927,20.6241400420831,3.42652128892951e-10,1.61905837787731,0.99501982443644,1.98991811519113,4.35967613157118e-05,2.01998773263767e-09,21.6190449380779,0.624099321125414,21.6118824351411,0.62477689105549,21.6197634624389,1.61905837841437
