71.9821541678948,73.3730567829784,34.417506916338,43.760983241114,50.247281883188,43.1445064073091,36.071098088722,40.1906154858698,57.6365593734486,33.5819606003843,47.1696923687082,42.4432302416412,42.5332702445639,52.5240243221306,47.1375743941621,62.3232336941778,39.11761987706,51.37605815186,66.7320297307588,51.3893644729319,41.4978097751778,47.7536745421985,36.1632427769841,36.565066421882,41.8876313183155,54.1271705471527,55.4175434747262,41.8886579331415,38.1369822580618,41.0649048484756
38.6293024631282,33.2953612362312,34.417506916338,33.5230946040156,36.3374137085157,34.0131562243237,30.4776998772923,40.1906154858698,33.4120620344802,33.5819606003843,34.7329120240811,31.3727776172464,34.4808297771151,33.2790921452706,37.4881618103859,38.1068995234514,39.11761987706,46.6426937479773,34.6759211732451,38.22964513838,31.1398236397445,30.4125473953427,34.7810273573823,34.5420484141828,30.6841221191212,40.5129850606272,38.001840247251,36.9770695782745,28.9644780928006,36.0944074348936
33.3360726273845,33.2953612362312,34.3525503437136,31.5350580111381,32.2045570629843,34.0131562243237,30.4776998772923,36.5824751865271,33.4120620344802,33.5819606003843,34.7329120240811,30.8221889422416,34.4808297771151,33.2790921452706,33.0431220518021,37.0173834124162,31.4416317970044,37.0674450838642,34.3806832786349,32.6805827252574,30.1313561092197,30.4125473953427,34.7006247464333,31.886912556738,30.6841221191212,31.7354294123775,30.9593448600017,35.0237505208684,28.9644780928006,33.3779185909034
33.3360726273845,32.8168645411206,30.4058046553396,26.6578304573441,30.6515991498463,29.9163700643103,30.4776998772923,32.0053072875457,32.0461050097688,33.5819606003843,32.8070618420734,28.9031044940257,30.5129249157408,33.2790921452706,30.0514351765919,27.8504383284708,29.0925895764735,33.5820928559147,32.0068909528927,27.5325344388825,28.3866385280685,30.4125473953427,31.1400017897054,31.3109992927766,30.6841221191212,30.8618961413008,30.9593448600017,28.8073143244601,28.9644780928006,30.6139243332814
25.8511994538949,25.5361725185912,19.7469180079988,21.6940460677388,25.8078641882253,25.7873059387271,26.722655553438,26.0352813387221,25.1504369612885,26.1175858030683,26.9696867342268,12.2816360563124,29.2997101759347,24.6442710815877,28.0620364412689,26.2786747394375,29.0925895764735,31.1593146319174,16.6585688969008,19.7049877215654,19.5667428770644,28.5688736679708,30.6494294511044,22.3697804436115,26.9167114953671,22.269063425867,26.5961052573348,25.3750709311676,13.2214034155977,25.6507532680153
24.7355943110401,25.0996002735674,7.69844437266829,6.75993518987616,25.8078641882253,24.2838042863614,25.4578723802697,24.3254746768166,8.8897020661002,11.3144420827225,25.0613643715978,7.48185164157394,24.8813333366193,8.34057912178287,7.20055534866833,25.6875659025577,22.1960057177916,10.8418986154256,6.44007928978363,8.73884909047183,19.5667428770644,25.1581094584849,26.8475950122543,9.18064531916707,24.5983388175327,8.83815236042392,24.5946264982845,25.1104196337087,8.11526779561427,24.6374211635157
23.1261998142463,9.15913358699572,6.80283545343354,3.32785433253594,24.7602801958537,22.9880638176628,23.9712611187433,24.3254746768166,6.06785446073036,4.35702344797437,12.1433077517777,7.40642628227261,14.9139980115956,7.84845145773625,4.57680894459236,25.4697483706695,7.42731262579082,7.137079994744,6.17755589022863,6.1476939697518,11.8749275463633,25.0009646095577,25.2589582959822,5.55889779577274,24.0896685787247,6.21023335630935,24.5946264982845,25.1104196337087,7.04641563739779,24.6374211635157
23.1261998142463,6.72133645103213,4.7743063279413,3.32785433253594,24.7602801958537,20.944662382989,20.5237674901682,23.8577010220142,4.42035762063506,4.35702344797437,7.67872373677483,6.04594123021434,6.22336947407211,7.5051259246643,4.57680894459236,25.3540292419852,6.11723677936516,6.53280532576309,6.02324436691197,5.7648419998909,7.4082106830524,25.0009646095577,25.2589582959822,5.55889779577274,22.6875162024339,6.21023335630935,24.4138679716852,25.1104196337087,5.3465941431341,24.6374211635157
13.6770339081181,5.58678701320287,4.7743063279413,3.32785433253594,24.7602801958537,8.04092494818451,20.5237674901682,11.6676969548698,4.34246814276685,4.35702344797437,5.45082737518305,6.04594123021434,6.22336947407211,6.05409058861414,4.57680894459236,24.9197855162834,4.52191582008163,6.16494693733557,6.02324436691197,4.14793931646636,6.36819071838863,23.4593927646288,24.4011628173762,4.85672710387917,21.8177722073583,6.21023335630935,24.4138679716852,24.7027133218899,5.3465941431341,24.6374211635157
7.02086402789155,5.58678701320287,3.65167838154912,3.32785433253594,24.2875675601881,4.38832622977316,20.5237674901682,6.41077168203674,4.34246814276685,4.3215004643439,5.45082737518305,4.74354664287739,6.22336947407211,6.05409058861414,4.26443069141078,24.0068006104075,3.33261537894896,5.82088475257979,6.02324436691197,4.14793931646636,3.3822297696247,23.4593927646288,23.1637015753863,4.46591876067123,21.2793129269353,6.21023335630935,24.4138679716852,24.7027133218899,4.56245656758347,24.6374211635157
4.04175319897831,5.58678701320287,3.65167838154912,3.32785433253594,24.2875675601881,4.38832622977316,20.5237674901682,4.37981576913535,3.67745680485041,4.3215004643439,5.45082737518305,4.60557322750992,4.48263304067723,5.9785310846587,4.26443069141078,24.0068006104075,3.33261537894896,5.82088475257979,5.97153285772583,4.06407881154473,3.3822297696247,23.4593927646288,23.1637015753863,4.46591876067123,21.0283941944244,5.47932973666639,24.4138679716852,24.7027133218899,4.56245656758347,24.5284745977306
1.91959946035513,5.58678701320287,3.65167838154912,3.32785433253594,24.2875675601881,4.38832622977316,13.0945336272039,3.71417136269383,3.67745680485041,4.3215004643439,5.18529824712095,4.60557322750992,4.48263304067723,5.62757471916166,4.26443069141078,24.0068006104075,3.33261537894896,5.11115714144671,4.55646584955912,4.06407881154473,3.3822297696247,23.4593927646288,23.1637015753863,4.46591876067123,20.9708912110291,4.87746961255607,24.4138679716852,23.9465268283648,4.56245656758347,24.5086036633447
1.51970445433017,3.06671682701926,1.68444525269797,3.32785433253594,22.1191164431025,1.98890679266333,7.54654787655227,1.49402247573516,1.58882518205473,4.3215004643439,5.18529824712095,4.60557322750992,4.48263304067723,4.42746376720606,2.49211775994991,22.0768973685922,1.57782352401273,3.3876213697572,1.9571934400019,2.17060412174851,3.3822297696247,23.2663936933945,23.1637015753863,4.46591876067123,20.9347382042833,1.60433879962966,24.4138679716852,21.5171675783749,3.74494150254168,23.6517037791177
0.0556939011516988,1.74737755003252,0.211873726764679,0.278307154689173,20.7837390759864,0.964128326080754,0.796058848060511,0.108939590554201,0.194162937791589,0.129379318756492,0.542821804544474,4.60557322750992,2.44889117559478,0.918716114938888,1.07459586137611,20.7984651535598,0.150154156857752,3.03409624501091,0.756149417615688,0.566219162074049,0.226565664753252,20.8139834769913,20.8354590404156,0.705854700689997,20.837895366371,0.137268252998183,20.7695528614449,20.2687663968295,0.817433938077102,20.7802138148422
