37240.3014290802,22797.9297275061,10925.2959218289,31046.5001363881,18663.6433979094,15769.4902161308,47658.1846226954,33204.3391914844,23839.4409181877,21305.4848742978,35013.1000041972,28255.8955118053,18490.2455546827,10284.2607429908,18748.5573302693,17790.9907054927,55526.3790973668,25488.3026271287,48668.6724033485,12681.2720776492,18625.9514736742,33854.2952972731,14241.1715899911,14321.5820512778,55569.7363813533,15245.0098402508,28981.3117511114,33618.0114696346,37042.4073241752,30973.5654055312
28749.8163977294,22797.9297275061,10925.2959218289,19706.5319872642,16137.3790296422,15769.4902161308,47658.1846226954,17574.9407233277,23839.4409181877,17244.0648343672,18154.0269307568,15512.3513975178,18490.2455546827,10284.2607429908,18748.5573302693,17790.9907054927,15833.9986424618,13847.2829441506,22433.9124027553,12681.2720776492,7831.82811174607,12220.0909071692,14241.1715899911,10516.305988991,28210.862244981,15245.0098402508,13343.164815621,33618.0114696346,18152.4510805051,21007.3980778435
27768.2118109732,17049.2836881471,10925.2959218289,19706.5319872642,16137.3790296422,15769.4902161308,26064.1813738736,16195.3526162524,20113.305203506,14850.8362202397,18154.0269307568,5609.23253158323,18490.2455546827,10284.2607429908,18748.5573302693,17790.9907054927,15833.9986424618,12761.4667862204,9126.90783325326,12681.2720776492,7831.82811174607,12220.0909071692,14241.1715899911,10516.305988991,24955.408575324,7435.18890343872,13343.164815621,19211.6123544211,8903.37161105712,11592.6255134712
21576.3364549538,12509.9041267183,10626.3457110943,9314.56228384867,12126.6775906786,14254.3304207832,18850.4261229377,15764.7120366452,13241.7983586961,10130.1472921651,13221.9978286589,5609.23253158323,14579.1929321143,10284.2607429908,2826.61253402317,17790.9907054927,15833.9986424618,8946.29623759548,9126.90783325326,11741.6328547049,7831.82811174607,12220.0909071692,9946.31766017854,10516.305988991,19673.6560898292,7435.18890343872,13343.164815621,19211.6123544211,8903.37161105712,11033.4937605498
15281.5061614784,12509.9041267183,9518.56132175132,6297.205290922,12126.6775906786,10204.4903802404,10470.1475720972,13568.2926540309,13241.7983586961,4145.2629904922,7558.96049034054,5609.23253158323,14579.1929321143,7401.62652183556,2826.61253402317,11366.6066252947,3603.42295410703,8243.11697635077,6918.00253760488,10490.272034963,3434.92991946268,12220.0909071692,6529.05661773484,10516.305988991,9965.57804721666,4155.78556482788,12877.4079642247,10483.8484987523,8388.74312626525,8631.8292432589
11311.9512832871,7582.84390061184,2731.98952383444,2167.45055876252,4042.7426325193,2778.99868585207,2746.69330901414,3358.56106412606,4273.06830483185,555.983768925158,4607.79637066348,1967.63186106395,5982.86292217292,2371.2236281549,2826.61253402317,5597.75538763053,2137.42255392152,5262.93907383568,4003.79637338125,917.028847201135,1419.66035811525,10504.1897691432,2069.60250895608,7915.02658085356,1806.23348755933,875.397055183001,3910.83230625338,2010.98531756877,3190.68992600852,1532.51059453447
595.091753981771,102.244075912649,49.3898806014668,74.1563595038067,64.2929039271423,85.9232873469986,157.353960084851,63.5185652128523,161.496578649604,16.8841683160408,200.844542186086,65.506999371809,216.078621495959,102.99399973844,245.64395667901,126.562188152049,237.144468657775,390.912053799295,67.9808726843298,39.2671756497816,146.488301596378,258.112512788138,68.4438689751867,213.410216939268,110.141559514466,19.0425786737492,283.831622322139,180.232757700132,92.9267848782169,96.2175278445443
4.50221080703011,8.13030504521322,5.3250820871491,6.80748659806682,8.95794664639527,6.21167493309866,8.13298344767793,4.9505537188864,11.9335486754244,4.02958875127996,4.57638950562989,5.65022244032423,9.49034999142737,4.51938408646623,8.85649410869826,6.00011883590093,7.42886399055624,4.67925028400725,2.32744553823835,8.35108373630544,9.11329588915805,3.53271891744185,3.77624626761769,4.72750181212126,4.64309298217711,4.63129954780533,5.83350849319714,5.10556226524312,4.80498972075816,6.85964819858214
0.78303921678156,1.03129444716683,0.72618961461734,0.237551131959151,0.738423347011121,0.227180157005421,0.287214610849901,0.223407893460319,3.67895314607784,0.499326256954589,0.629307592105476,0.563594541784141,0.467905443750055,0.287923855833469,2.17223331751853,0.296121060539178,0.613774041497379,0.291721883558751,0.361200409636979,0.539111484965417,0.396570912928041,0.967658460651194,0.28777315878358,0.603902489836514,1.00825627530355,0.323928723769484,2.19803180926624,0.789056033483803,0.674102461203972,0.601075212026785
0.00217929291306973,0.000723836659915378,0.000367460269671938,0.000994168951592656,0.000276495924936171,0.000542780605201187,0.0015442322098238,0.000319066413169367,0.00474906471197301,0.000545136657081002,0.00153754804739492,0.000579375216261724,0.000789779578724392,0.00160741793956731,0.00129539768789755,0.000839352765581225,0.00141046495934916,0.000644302141665776,0.000273890269284038,0.000722831390646661,0.000451381475272683,0.000529895463955654,0.00069747179497881,0.000621282174392945,0.00262812032235615,0.000509631911654651,0.00187110919529232,0.0010590798759722,0.00186673752057231,0.000950457134706539
9.96217295323731e-08,2.98689428746002e-08,8.83642314875033e-09,3.39107941726979e-08,1.14402496365074e-08,1.84556370186328e-08,4.39729319623439e-08,7.25242443877505e-09,1.38727500598179e-07,2.08370920518064e-08,9.63784714258509e-08,2.33205810218351e-08,1.77250853994337e-08,2.91543074126821e-08,8.37012521515135e-08,3.31323235513992e-08,5.57246835342085e-08,1.79658172783093e-08,1.62322066898923e-08,4.28471480518056e-08,2.50595348916249e-08,8.63780655890878e-08,2.75827005680185e-08,2.39811583924165e-08,6.72592364026059e-08,1.24567236525763e-08,6.32547312306997e-08,3.21761035593227e-08,6.09314270150207e-08,2.51179699262138e-08
0,0,0,0,0,0,0,0,5.6843418860808e-14,0,0,0,0,0,0,0,0,0,0,0,0,0,0,0,0,0,0,0,0,0
0,0,0,0,0,0,0,0,0,0,0,0,0,0,0,0,0,0,0,0,0,0,0,0,0,0,0,0,0,0
0,0,0,0,0,0,0,0,0,0,0,0,0,0,0,0,0,0,0,0,0,0,0,0,0,0,0,0,0,0
0,0,0,0,0,0,0,0,0,0,0,0,0,0,0,0,0,0,0,0,0,0,0,0,0,0,0,0,0,0
0,0,0,0,0,0,0,0,0,0,0,0,0,0,0,0,0,0,0,0,0,0,0,0,0,0,0,0,0,0
