42.9330088077149,68.1370456674154,68.2740999915999,61.468023409293,94.5157074357759,90.2808334254566,86.1943840628378,98.7079624114509,54.7260681192923,100.762251847795,58.5444805489357,81.8463869265186,53.8953952362277,70.6260442601022,99.8368906790323,49.5978622048628,81.5158906780929,86.7582303235318,53.9030768945416,39.942789209361,83.0390806845729,61.3131505075805,66.616430961438,74.1003224876115,108.518318769956,72.0464455171544,50.8902040749563,75.7872349892396,72.4213082374955,68.5018871454909
11.3637174088135,0.833150973599061,1.86787507514111,11.8874677041966,12.6426793075798,2.51775294987897,1.50108962072153,13.8646883772663,11.3439314507411,1.86466347828582,11.040823512012,2.91599325774268,1.22835075757655,5.56267737480186,8.20260044383747,11.2197494160793,7.20102053442503,0.572187160390513,9.84346595454122,9.85196675833521,1.66256064379411,1.23198621041757,15.8230788957189,0.761970022220908,8.61505888567734,10.6880385731636,4.5097816682046,10.7477323942218,5.15772082985046,1.98989327955701
9.3323589170775,0.231341342883411,0.25935032571158,9.2198868417143,0.53047571564781,0.230804617153524,0.228996108332183,6.12700236629917,9.44475672658126,0.312004729436467,9.37785615480482,0.258250025978555,0.365242822535379,4.61984113937405,0.496499721980058,9.37206473523833,0.454772598099396,0.0851377069618025,9.11559312839114,9.39092665086287,0.141957296905503,0.343646622952519,5.13495799204122,0.0855407994467328,4.40450514321009,4.54323071478797,0.4291206762461,9.35968946025736,4.32729594844164,0.343222141242052
8.93742664222503,0.00102450859469627,0.00227857365644013,8.93935502776486,0.00915010274860606,0.00266180539944116,0.00120851516652465,4.01831091590594,8.94493837257664,0.00289727826185526,8.93459725871156,0.000782703987169953,0.000522565422045318,3.98892746849759,0.00677503497445286,8.94073478304364,0.00254720796721131,0.00323623923816285,8.93328002935306,8.93804090555722,0.00275021266639897,0.00340184171210467,3.99556663691334,0.00174544767747875,3.990269469439,3.98865244085619,0.00693266147868599,8.94295025999304,3.98908204612439,0.00216736443690024
8.91610978744382,6.48753939458402e-10,2.15180762097589e-09,8.91610886541588,4.02332602789102e-08,7.10696212991024e-09,2.60240540228551e-09,3.98657914844949,8.91611064338423,1.93528535419318e-08,8.91611151992623,2.33512764680199e-09,1.96064320334699e-09,3.98657911519615,5.20066123499419e-09,8.91611285109946,1.14858949018526e-08,1.42787826007407e-08,8.91610550076695,8.91610919924778,7.87866838436457e-09,7.77714603827917e-09,3.9865791297313,6.14107875662739e-09,3.98657912500005,3.98657911658438,3.64696575161361e-08,8.91611555456916,3.9865791255736,9.36927335715154e-09
8.91610194891865,0,0,8.91610211370266,0,0,0,3.98657911234716,8.91610193091594,0,8.91610200117776,0,0,3.98657911234716,0,8.9161019979241,0,0,8.91610194587975,8.91610198995778,0,0,3.98657911234716,0,3.98657911234716,3.98657911234716,0,8.9161019940297,3.98657911234716,0
8.91610194644744,0,0,8.91610197726072,0,0,0,3.98657911234716,8.91610193091594,0,8.91610196478018,0,0,3.98657911234716,0,8.9161019979241,0,0,8.91610192787755,8.91610195304548,0,0,3.98657911234716,0,3.98657911234716,3.98657911234716,0,8.9161019940297,3.98657911234716,0
8.91610194644744,0,0,8.91610193704219,0,0,0,3.98657911234716,8.91610193091594,0,8.91610196478018,0,0,3.98657911234716,0,8.91610199360468,0,0,8.91610192787755,8.91610195304548,0,0,3.98657911234716,0,3.98657911234716,3.98657911234716,0,8.9161019433613,3.98657911234716,0
8.91610194644744,0,0,8.91610193704219,0,0,0,3.98657911234716,8.91610193091594,0,8.91610192972706,0,0,3.98657911234716,0,8.91610198613603,0,0,8.91610192787755,8.91610195304548,0,0,3.98657911234716,0,3.98657911234716,3.98657911234716,0,8.9161019433613,3.98657911234716,0
8.91610192778131,0,0,8.91610192778131,0,0,0,3.98657911234716,8.91610192778131,0,8.91610192778131,0,0,3.98657911234716,0,8.91610192778131,0,0,8.91610192778131,8.91610192778131,0,0,3.98657911234716,0,3.98657911234716,3.98657911234716,0,8.91610192778131,3.98657911234716,0
8.91610192778131,0,0,8.91610192778131,0,0,0,3.98657911234716,8.91610192778131,0,8.91610192778131,0,0,3.98657911234716,0,8.91610192778131,0,0,8.91610192778131,8.91610192778131,0,0,3.98657911234716,0,3.98657911234716,3.98657911234716,0,8.91610192778131,3.98657911234716,0
8.91610192778131,0,0,8.91610192778131,0,0,0,3.98657911234716,8.91610192778131,0,8.91610192778131,0,0,3.98657911234716,0,8.91610192778131,0,0,8.91610192778131,8.91610192778131,0,0,3.98657911234716,0,3.98657911234716,3.98657911234716,0,8.91610192778131,3.98657911234716,0
8.91610192778131,0,0,8.91610192778131,0,0,0,3.98657911234716,8.91610192778131,0,8.91610192778131,0,0,3.98657911234716,0,8.91610192778131,0,0,8.91610192778131,8.91610192778131,0,0,3.98657911234716,0,3.98657911234716,3.98657911234716,0,8.91610192778131,3.98657911234716,0
8.91610192778131,0,0,8.91610192778131,0,0,0,3.98657911234716,8.91610192778131,0,8.91610192778131,0,0,3.98657911234716,0,8.91610192778131,0,0,8.91610192778131,8.91610192778131,0,0,3.98657911234716,0,3.98657911234716,3.98657911234716,0,8.91610192778131,3.98657911234716,0
