873.510318100153,1605.67350492974,1139.39596961261,1395.45225351166,1412.96992001567,1327.27838494277,865.916486064646,955.507560479538,1536.04594437322,2414.86845884296,827.736261147546,1805.40853394425,768.740520349435,753.634876791563,1139.92961358364,2123.46967506443,1523.91569724264,1156.47677553804,844.093630074534,235.628492633255,1328.9160039117,1056.2751523381,415.935448934074,1306.12195103346,1310.66345631779,1302.61881651384,1654.34660122843,594.164551990655,1928.18063755884,1448.01074415252
851.459638223194,1301.88152296599,1139.39596961261,1017.57968034458,590.099215957376,994.775422055852,784.876547932225,901.78162404928,1325.88376110363,1390.69931282143,827.736261147546,1375.56523556491,768.740520349435,685.909764088905,582.960724235588,1394.05453060027,1209.70914604424,863.687790671976,844.093630074534,235.628492633255,1223.60228661521,1056.2751523381,415.935448934074,977.131215854544,940.48891679782,636.98643923287,991.082330027265,594.164551990655,765.33929713379,1156.92331714044
326.530216727357,265.740742432382,693.489585443203,521.218708456085,347.817636421922,249.227623545363,601.535960965734,596.805384082484,576.482408723024,1071.4388725886,726.009685924767,792.635685441199,768.740520349435,441.898494345385,582.960724235588,539.489404283826,1070.32371734596,539.473048765234,618.681105811225,235.628492633255,396.759746729578,353.510277020256,415.935448934074,533.904663128493,676.641003829347,261.179168194872,543.608890671992,497.835568028485,425.962645918648,613.327068355096
262.927101022291,217.926910046392,693.489585443203,293.796772175063,347.817636421922,249.227623545363,270.576237300855,258.937141738712,240.024217964579,698.200248392254,299.314691436399,445.547486627677,422.91564964052,247.423139412509,582.960724235588,242.755355204449,852.092588938324,272.668708356719,308.031375014433,235.628492633255,258.636371320061,338.765168016257,368.658638596018,140.100912368169,236.500054519428,261.179168194872,451.602858721668,200.798917383124,208.9331968795,609.766163288438
92.0235094089729,55.6773137502331,68.4089242898415,82.2747457512354,151.650600418141,39.4283523630315,191.666674184158,157.176815602027,188.774493649644,351.891768905235,135.179382159209,176.279411717789,44.1771900577061,58.4005764897491,380.195475836915,100.079714978748,417.264133686785,157.275626505219,215.7944893335,215.926139366175,124.189597978798,74.7729048302946,329.811826392627,118.244881342609,117.069697556276,112.649362030969,101.637484915781,68.0660379819736,151.85799236247,346.157814385056
50.0749637425646,55.6773137502331,36.9449417501143,45.2768108708144,47.9396378386948,21.6036632853363,41.4158183437257,27.6751557598417,24.7625774908902,43.0602250245381,41.6560980070623,24.1669764037736,30.0184345444798,20.0662554228716,107.601946427333,52.6021662843345,73.1357649860786,9.52633937297287,32.4846432270127,32.6134050971489,9.43042939239331,45.9557087692119,42.1990170556516,20.3430625920897,25.7273571374189,35.4074068723428,25.3499201633698,22.9286745648674,69.4087410006335,63.0923652227337
2.47068097964427,2.73442861443709,4.22564822779407,5.88488430531447,12.043179930766,3.69942997701276,1.8908012017597,5.1773286444992,5.18532053914555,5.36262305048615,6.49863206260113,5.64845691942355,3.79548075246021,4.63725467470954,9.31320631285564,2.25065519281384,6.90338342495545,2.28245461084509,10.8394476226443,8.59948638322021,2.98673606660998,4.68217677537166,11.8738198694582,9.75370876359352,4.57999066107482,4.45519181000236,3.67778497355789,3.11786745416327,11.7551835345228,7.57288131802466
0.979522996999094,0.923209627230335,0.739536805032344,0.621536363751943,0.702871219835174,1.11720815371257,0.460406648925186,1.0176842851323,0.522282253376147,0.6946414750945,1.20458982617322,0.8547474796909,0.655220991795318,0.921690592660866,0.862130055715738,1.01463116338584,0.8748990978753,0.865727350032444,1.00788422429025,1.06843503823541,0.765231612116509,1.01331349796737,1.6130052152381,0.7941986413,1.1681168088212,1.05256732203623,0.525396548850495,0.841415590328552,1.34181891609899,0.718480737177401
0.104524866288557,0.105374659920244,0.162637632671135,0.0892348288089124,0.0745049109833644,0.112339527144854,0.113612239067152,0.0533042412849909,0.0572238606550854,0.135892361278934,0.118950793954127,0.112765735118614,0.0765200173582343,0.11162389146466,0.135982958890963,0.119504393600891,0.0518527254665742,0.130624682004168,0.147061697968638,0.131883379041938,0.0386491073156776,0.13630944926274,0.103916303106757,0.174918916004231,0.0498346011908097,0.136133698730305,0.026959968650317,0.0743652535483079,0.0835072072504772,0.0618207958486892
7.55110014551974e-05,5.928102893904e-05,0.000141427737844424,7.36412580408796e-05,6.56472375339945e-05,5.8544811054162e-05,0.000121841506711462,3.68950753681929e-05,2.63969229763461e-05,0.000206112826276694,4.65872159338687e-05,5.89091717984047e-05,5.56386153220956e-05,6.27477020316292e-05,8.54936768064363e-05,8.73793647997445e-05,0.000162629141527759,5.95866163166647e-05,4.69389202635284e-05,6.14389223301259e-05,2.06357822207792e-05,0.000170499697219384,5.84167465831342e-05,7.83894835194587e-05,2.36799971844448e-05,9.88892421673881e-05,5.31713537839096e-05,4.14525823089207e-05,5.47353662341266e-05,6.31565728781425e-05
2.40822828345699e-09,3.51315065927338e-09,2.97643509838963e-09,1.86992110684514e-09,4.0786289901007e-09,1.56808255269425e-09,1.08161657408345e-09,1.08627773443004e-09,1.37833922053687e-09,5.73356828681426e-09,1.86946635949425e-09,4.57066562375985e-09,1.71041847352171e-09,2.36411779042101e-09,3.81032805307768e-09,1.91596427612239e-09,8.48717718326952e-09,2.63003130385187e-09,4.93969309900422e-10,3.41299255524063e-09,1.05387698567938e-09,4.41082192992326e-09,2.55249688052572e-09,2.86001977656269e-09,1.13038822746603e-09,7.35053617972881e-09,2.70506461674813e-09,5.71708369534463e-09,9.85437509370968e-10,2.20541096496163e-09
0,0,0,0,0,0,0,0,0,0,0,0,0,0,0,0,0,0,0,0,0,0,0,0,0,0,0,0,0,0
0,0,0,0,0,0,0,0,0,0,0,0,0,0,0,0,0,0,0,0,0,0,0,0,0,0,0,0,0,0
0,0,0,0,0,0,0,0,0,0,0,0,0,0,0,0,0,0,0,0,0,0,0,0,0,0,0,0,0,0
0,0,0,0,0,0,0,0,0,0,0,0,0,0,0,0,0,0,0,0,0,0,0,0,0,0,0,0,0,0
0,0,0,0,0,0,0,0,0,0,0,0,0,0,0,0,0,0,0,0,0,0,0,0,0,0,0,0,0,0
