233.035384021869,77.6627097471655,268.576745102137,91.8555169936762,331.072409150743,158.231952267309,79.2830785067868,113.128745726051,38.4494459691446,390.61304226327,79.3371910619703,100.141484751049,179.878307386503,264.018917898112,101.531290073744,350.440660803487,93.3081227534681,219.853111890127,70.9536345451229,100.519879223318,98.1101084939287,57.7639960646884,115.047698001392,78.8949706859285,163.151243706108,132.694054734146,161.871244024388,221.335080843916,272.357216873144,196.703075233321
233.035384021869,77.6627097471655,268.576745102137,91.8555169936762,105.974979556502,158.231952267309,79.2830785067868,113.128745726051,38.4494459691446,390.61304226327,79.3371910619703,100.141484751049,36.3058302921913,264.018917898112,101.531290073744,350.440660803487,93.3081227534681,125.118002393279,42.4859244178019,67.4480615150383,98.1101084939287,45.1239147624042,115.047698001392,78.8949706859285,163.151243706108,132.694054734146,96.6450810101851,118.016476236794,272.357216873144,196.703075233321
166.86313639986,77.6627097471655,57.5263804130536,47.7833722067621,83.6018258276922,50.8237398837919,63.2651385343388,70.263980248676,38.4494459691446,277.117497641587,51.8563496216939,100.141484751049,36.3058302921913,114.177693147384,90.9405725368638,56.8921764860302,53.6289032174068,125.118002393279,42.4859244178019,67.4480615150383,63.3363129810987,45.1239147624042,115.047698001392,78.8949706859285,68.5191321154616,46.76658517428,96.6450810101851,94.7997267947376,206.59420732397,196.703075233321
166.86313639986,77.6627097471655,54.0471319933463,34.8837001201719,83.6018258276922,50.8237398837919,37.6835105029177,53.753454541109,33.3000467262091,95.5983248188627,51.8563496216939,45.1890661641678,34.4708401981734,114.177693147384,86.9910983553618,56.8921764860302,50.4894416652469,41.5083195822012,42.4859244178019,67.4480615150383,63.3363129810987,41.3989485523839,90.3512371930447,78.8949706859285,49.9360672300877,40.0291638109998,96.6450810101851,89.7752052956303,72.3701764614339,57.1493447451326
44.0793628819793,41.6320995201945,54.0471319933463,34.8837001201719,83.6018258276922,44.1288912792975,37.6835105029177,46.736938133784,33.3000467262091,95.5983248188627,36.3519162892208,38.1571524101214,31.558703291541,41.1536258483256,36.9014782793574,56.7939536774966,36.59931751251,37.6081112881093,35.1150123276866,45.4361554715838,48.7303075967084,32.2937342558016,54.7498346019711,42.6360610812362,44.0105569906432,40.0291638109998,65.8582451876241,42.1183484132403,63.9559286035105,57.1493447451326
41.8422223997482,31.3202819417511,41.1048031884266,34.8837001201719,43.5146755552023,40.0930771627932,37.6835105029177,33.6748603002629,33.3000467262091,44.9010013940774,31.8451361910484,17.7365140314346,31.5443402688857,41.1536258483256,32.1342862178835,38.3436546336102,34.7633049479714,37.6081112881093,35.1150123276866,42.9660976858445,40.8288789985068,32.2937342558016,45.3341776537818,37.5812496655885,40.7562116914914,36.6608083202018,44.0638419371148,36.9233113579171,47.3082293577131,39.7294758208345
37.5812037196501,31.3202819417511,33.130083123036,34.2097139723342,29.8106239963981,33.1642864394189,31.6518524691951,31.0220992222357,33.3000467262091,33.5068493379649,31.8451361910484,17.7365140314346,31.5443402688857,32.7472085013655,32.1342862178835,33.4165006620547,31.2459538422154,36.4056918571691,30.6840694239377,33.498492757351,33.8072286483875,32.2937342558016,32.9997607788123,27.8368179433155,38.2499114599732,35.8656272619583,36.8095650295772,34.4702988308295,35.3663878676489,39.7294758208345
32.0785713965342,31.3202819417511,33.130083123036,27.9134802454855,29.8106239963981,25.1546444645583,31.6518524691951,15.3213167656654,33.3000467262091,31.3674729998766,31.8451361910484,17.7365140314346,31.5443402688857,28.1986461333736,32.1342862178835,32.0641857390506,30.0650463012444,36.4056918571691,29.8131696830865,27.0219862772087,33.8072286483875,32.2937342558016,29.4069436078685,27.8368179433155,33.4293555028871,30.4887070281607,36.8095650295772,31.3756685385924,34.0507759574512,36.7241648645236
31.1500077265991,29.5181343047029,30.4442906479858,27.9134802454855,29.8106239963981,25.1546444645583,31.6518524691951,12.0240064688937,21.4937543204264,16.8807831452432,31.0798701898575,17.7365140314346,29.1719466958425,28.1986461333736,32.1342862178835,30.952845556897,24.5927600155705,36.4056918571691,27.1389615568423,25.9968666074774,29.3390451752225,29.9767624576916,28.163173449499,27.5323965768685,29.8002584093824,27.0848293136951,36.8095650295772,31.3756685385924,29.3310479811676,31.6077257195366
31.1500077265991,25.5683065697467,30.4442906479858,23.8711794383139,29.6139987815573,25.1546444645583,26.6840662893219,10.8855598063706,10.0657674056206,16.8807831452432,31.0798701898575,17.7365140314346,28.9352793042876,28.1986461333736,32.0714826056919,28.7694687995627,24.5927600155705,36.4056918571691,19.7922295910885,23.8844311693183,16.3930457085912,20.8812603142242,25.7736230808764,25.866390227045,29.6351182606986,27.0848293136951,36.8095650295772,30.1597917868285,26.9557728746577,19.7364531556177
31.1500077265991,25.2638463517369,30.4442906479858,9.83903177610318,26.9288042371541,25.1546444645583,15.3980308627365,10.8855598063706,10.0657674056206,16.8807831452432,30.2103936705716,13.9297783964716,28.9352793042876,28.1986461333736,27.3560095144512,27.4629577798432,22.024994934638,36.4056918571691,12.3666304816584,21.5654004420344,16.3930457085912,20.8812603142242,25.7736230808764,20.791693108803,28.0847318114124,20.9540352098061,36.8095650295772,29.0025060613061,24.60955451984,19.7364531556177
31.1500077265991,18.0616054844045,26.3825727702374,9.83903177610318,12.9352030677824,23.9459341846414,15.0398791442694,10.8855598063706,10.0657674056206,16.8807831452432,21.6022934223283,8.07070550941626,28.9352793042876,28.1986461333736,27.3560095144512,27.0234530175226,12.6826185812588,31.8419211604091,12.3666304816584,21.5654004420344,16.3930457085912,20.8812603142242,13.783351361456,13.5133997166722,28.0847318114124,17.6436923501137,35.9304007848109,29.0025060613061,24.60955451984,19.7364531556177
31.1500077265991,8.6793142603924,24.3672393893598,9.83903177610318,8.2365470091363,23.9459341846414,15.0398791442694,10.8855598063706,10.0657674056206,16.8807831452432,12.2434379766332,7.88970224867626,28.0340512728726,28.1986461333736,27.3560095144512,27.0234530175226,12.6826185812588,31.8419211604091,12.3666304816584,21.5654004420344,16.3930457085912,20.8812603142242,13.783351361456,13.5133997166722,26.893441548953,17.6436923501137,35.9304007848109,29.0025060613061,24.4099513323645,19.7364531556177
31.1500077265991,8.6793142603924,24.2968874531944,9.83903177610318,5.34980298319306,12.3191944965638,15.0398791442694,10.8855598063706,10.0657674056206,16.8807831452432,12.2434379766332,7.88970224867626,28.0340512728726,28.1986461333736,27.3560095144512,27.0234530175226,12.6826185812588,30.7597902866996,12.3666304816584,21.5654004420344,16.3930457085912,20.8812603142242,13.783351361456,13.5133997166722,26.893441548953,17.6436923501137,32.4392608905823,29.0025060613061,13.8763288204718,19.7364531556177
24.4160216700693,8.6793142603924,24.2968874531944,7.96896532169922,5.34980298319306,12.3191944965638,9.03988518175447,6.95853334844605,8.50026804306799,5.47594474165589,12.2434379766332,7.88970224867626,25.5435189388591,22.5456919304538,24.828182400629,24.2006945083472,10.6495819299148,23.8353827779983,9.45162303448069,9.49120526136858,7.91406919812925,6.58912411123856,13.783351361456,8.86599792281049,24.6553053165799,10.9021350292946,24.6102920930939,23.7539273562184,13.8763288204718,7.67752674519534
24.0676115566225,1.5496274404868,23.5781760275772,3.29144652734203,0.820804976783165,5.84663300700413,3.04489787385455,0.723887671708781,0.189892692870671,4.97372247838166,4.12446627990857,3.79411180978241,24.7406412628111,22.5456919304538,24.1944364229739,23.5285513981012,4.88768092392274,23.8353827779983,4.66920723022986,2.36510459999772,5.04655210953615,4.47690351127039,4.12468551024722,4.3762375674014,23.676946200861,4.63434698820993,24.1306301819336,23.4761219481657,1.84193256301523,3.47601346889087
