37179,38961,35559,36531,37989,38637,37179,35478,37341,35802,36207,38151,36126,35478,35397,35478,38070,35802,37665,36774,38880,36855,37584,35802,37017,35478,36045,37017,37341,36531
37179,38961,35559,36531,37989,38637,37179,35478,37341,35802,36207,38151,36126,35478,35397,35478,38070,35802,37665,36774,38880,36855,37584,35802,37017,35478,36045,37017,37341,36531
37179,38961,35559,36531,37989,38637,37179,35478,37341,35802,36207,38151,36126,35478,35397,35478,38070,35802,37665,36774,38880,36855,37584,35802,37017,35478,36045,37017,37341,36531
37179,38961,35559,36531,37989,38637,37179,35478,37341,35802,36207,38151,36126,35478,35397,35478,38070,35802,37665,36774,38880,36855,37584,35802,37017,35478,36045,37017,37341,36531
37179,38961,35559,36531,37989,38637,37179,35478,37341,35802,36207,38151,36126,35478,35397,35478,38070,35802,37665,36774,38880,36855,37584,35802,37017,35478,36045,37017,37341,36531
37179,38961,35559,36531,37989,38637,37179,35478,37341,35802,36207,38151,36126,35478,35397,35478,38070,35802,37665,36774,38880,36855,37584,35802,37017,35478,36045,37017,37341,36531
37179,38961,35559,36531,37989,38637,37179,35478,37341,35802,36207,38151,36126,35478,35397,35478,38070,35802,37665,36774,38880,36855,37584,35802,37017,35478,36045,37017,37341,36531
37179,38961,35559,36531,37989,38637,37179,35478,37341,35802,36207,38151,36126,35478,35397,35478,38070,35802,37665,36774,38880,36855,37584,35802,37017,35478,36045,37017,37341,36531
37179,38961,35559,36531,37989,38637,37179,35478,37341,35802,36207,38151,36126,35478,35397,35478,38070,35802,37665,36774,38880,36855,37584,35802,37017,35478,36045,37017,37341,36531
37179,38961,35559,36531,37989,38637,37179,35478,37341,35802,36207,38151,36126,35478,35397,35478,38070,35802,37665,36774,38880,36855,37584,35802,37017,35478,36045,37017,37341,36531
37179,38961,35559,36531,37989,38637,37179,35478,37341,35802,36207,38151,36126,35478,35397,35478,38070,35802,37665,36774,38880,36855,37584,35802,37017,35478,36045,37017,37341,36531
37179,38961,35559,36531,37989,38637,37179,35478,37341,35802,36207,38151,36126,35478,35397,35478,38070,35802,37665,36774,38880,36855,37584,35802,37017,35478,36045,37017,37341,36531
37179,38961,35559,36531,37989,38637,37179,35478,37341,35802,36207,38151,36126,35478,35397,35478,38070,35802,37665,36774,38880,36855,37584,35802,37017,35478,36045,37017,37341,36531
37179,38961,35559,36531,37989,38637,37179,35478,37341,35802,36207,38151,36126,35478,35397,35478,38070,35802,37665,36774,38880,36855,37584,35802,37017,35478,36045,37017,37341,36531
37179,38961,35559,36531,37989,38637,37179,35478,37341,35802,36207,38151,36126,35478,35397,35478,38070,35802,37665,36774,38880,36855,37584,35802,37017,35478,36045,37017,37341,36531
37179,38961,35559,36531,37989,38637,37179,35478,37341,35802,36207,38151,36126,35478,35397,35478,38070,35802,37665,36774,38880,36855,37584,35802,37017,35478,36045,37017,37341,36531
