0.00012561332482619
0.995179657895278
0.624839602001884
20.9908360181894
0.624099323721111
0.62409932228843
22.611467016191
20.6242542241671
0.624683509336137
0.624181487703254
0.994959058500854
0.994959057225287
3.376499080332e-10
0.00011913299704247
20.6106973862913
0.994959058594759
0.624099322283882
20.0001642404195
0.624099321798667
1.61905837786685
0.624099320811638
0.624099321498534
1.10048858914524e-09
0.994959060852352
0.624099320679306
20.994127238125
0.624099325488032
20.6244838249147
1.61905837815857
0.994959058364884
