1.22129607659372
0.265148123452036
0.05185865745716
1.91679042450187
20.1575998342114
0.104062247389265
1.33126002656718
20.5111657712218
20.1341429051945
0.96710083818698
20.1464647462349
1.55707606254782
1.73025288909594
20.7774284790426
0.165415560501515
20.2007132703325
0.206023643299432
1.1032893606307
0.797253150156394
0.053083448506186
1.09658177464007
20.2504725577232
20.7001493771058
0.694128214475313
0.106156456891313
0.755763140459749
0.773282914946776
0.244478887402693
0.140198303986381
0.154129592250229
