206.902835289694
135.432202138152
100.259244181789
205.483582048088
205.71225273583
144.394824190941
206.562162126547
207.737608413115
205.320443909559
206.418561728175
205.698520665987
205.121736874563
100.325086980385
207.070352760686
204.336647684355
100.2421801541
100.3017524755
100.303539111984
100.215246202769
205.05991663593
100.258564059298
100.485301390568
206.881778145112
161.802831257341
206.612447956453
207.513590278395
208.84351241183
204.160722262749
196.752581500356
210.005621496638
