1.1531447074367
5.03479174522454
5.09205189566615
5.13957733662869
2.11336026969752
0.168187450714186
4.29710173736953
15.4843342462054
4.41438982765158
4.24197226060187
2.0452168939064
16.9593179975041
5.05217925921602
1.06754240447231
4.98454718845733
5.19639310115735
9.9914500850166
1.11278437805777
5.37684173330217
4.06597105107357
1.49495904069636
4.01969595205742
4.45286486532314
5.28415434643534
13.0194899877667
4.1943354912662
1.14213113655228
4.47983119055402
0.126011626400214
10.031833662302
