5384.10769958794,5278.01201205256,6051.63074341083,2656.96690162155,5599.42404155543,3704.97398868606,6138.24548703876,4720.97539846857,5605.8636265406,6176.82871659827,5565.04484779524,5670.83343319085,6129.19425043848,5497.49334729755,4087.11960351637,5311.93563225289,5653.96594719021,5948.60679044567,6169.96270617816,3860.50761637687,5612.61591806146,5648.97408483271,890.517375243646,5539.99607422215,5726.13824741515,4767.55258373569,5867.79404794345,5334.14102154062,5897.70513268985,5808.66504005416
5384.10769958794,5278.01201205256,6051.63074341083,2656.96690162155,5599.42404155543,3704.97398868606,5886.96651995794,4720.97539846857,5605.8636265406,4964.57455209421,5565.04484779524,5525.42055673605,6098.54349531857,5497.49334729755,4087.11960351637,5311.93563225289,5653.96594719021,4878.21372452457,6169.96270617816,3860.50761637687,5612.61591806146,5276.75066936941,890.517375243646,5539.99607422215,5726.13824741515,4767.55258373569,5823.68118935816,5334.14102154062,5897.70513268985,5533.47139073893
5384.10769958794,5278.01201205256,6051.63074341083,2656.96690162155,5599.42404155543,3704.97398868606,5886.96651995794,4720.97539846857,5283.82883299322,4964.57455209421,4827.20296772615,5525.42055673605,6098.54349531857,5497.49334729755,4087.11960351637,5311.93563225289,5653.96594719021,4878.21372452457,5543.55166292661,3860.50761637687,1288.10887352845,5165.35892066037,890.517375243646,5539.99607422215,5197.19419304789,4767.55258373569,5823.68118935816,5334.14102154062,5897.70513268985,5321.4173396711
5305.0484024393,5278.01201205256,5964.18858115552,2656.96690162155,5599.42404155543,3704.97398868606,5886.96651995794,4720.97539846857,5283.82883299322,4964.57455209421,4827.20296772615,4652.79604614535,6093.15599202353,5497.49334729755,4087.11960351637,5311.93563225289,5653.96594719021,4878.21372452457,5543.11942835921,3860.50761637687,1288.10887352845,5165.35892066037,890.517375243646,5177.38605982413,5197.19419304789,4767.55258373569,5266.68279227347,4280.73236983298,5652.15952156168,4611.24872236804
4911.4224647786,5278.01201205256,5291.43673215325,2107.05842716,3096.90377977283,2821.39133393671,4494.47500651864,2586.75483743956,5008.4233644888,4964.57455209421,4827.20296772615,4652.79604614535,5696.36768882663,5497.49334729755,4087.11960351637,5101.54773200524,5653.96594719021,4878.21372452457,5062.29248719331,947.688228246564,1288.10887352845,4373.17327327543,890.517375243646,5177.38605982413,5197.19419304789,4767.55258373569,4865.13958146034,4280.73236983298,5652.15952156168,4611.24872236804
4911.4224647786,5278.01201205256,5255.81261921232,725.066708236022,1661.66067116014,1302.44799855402,4494.47500651864,2586.75483743956,743.880498157007,4964.57455209421,4827.20296772615,4652.79604614535,2254.25428538313,5475.1329069423,4087.11960351637,2686.16710867458,5040.98439156149,4768.06622185992,5062.29248719331,947.688228246564,1288.10887352845,3109.56643012269,890.517375243646,273.402843494659,5053.06296165028,4767.55258373569,4691.09245398041,4235.44411917926,5652.15952156168,4611.24872236804
4019.4442664132,5143.52468607029,4071.63955044081,368.297135639382,492.139431175694,151.587379412914,4494.47500651864,814.440196113929,420.6417001654,890.764874707676,4827.20296772615,3993.55696606262,2254.25428538313,4952.20000492888,454.361813419476,172.821497850447,4178.26992167027,4688.2245260136,4612.3005596925,947.688228246564,198.604920471135,378.348302643923,890.517375243646,237.518539849224,4937.45186074339,2437.71404408634,4338.38323469473,4235.44411917926,4758.09388819007,537.808758961814
4019.4442664132,4769.35959235494,4071.63955044081,343.560003586343,129.079270036315,114.822735577185,3294.9478333809,119.493160980577,330.340247453593,111.72293103794,4827.20296772615,132.050537681505,2212.33781066114,4614.46574827207,357.413220937596,122.729025912231,2003.77149445707,3785.90000661692,418.960078513785,947.688228246564,117.649503280711,332.618929031945,373.062031946238,119.919270782599,3877.62316829972,2437.71404408634,4338.38323469473,4235.44411917926,4758.09388819007,341.612966346319
3660.30151613428,3264.69087067858,111.888838146866,293.058093839986,101.543776474471,101.836999306728,102.786813788545,101.736705599777,314.113004050021,101.990803603263,3568.17570960595,101.501007382604,102.736109224086,3858.21624062114,289.213625482265,101.504656214066,373.088030089077,3515.00177836871,287.578864479699,947.688228246564,102.042275134737,317.244897767133,325.681409791712,101.840963643435,3383.19221633524,116.401195587734,3920.23555800018,4235.44411917926,4401.24919940192,320.153328430883
2266.01337969661,2990.60812932899,100.804382694615,223.367719410218,100.718428014095,100.850188893128,100.856781282134,100.425632240244,214.58092146174,100.902094249352,2577.84731110332,100.93459276161,100.829654584998,2257.66731754545,215.013745370915,100.801667645864,314.87729555429,2398.1452722623,215.202518993269,947.688228246564,100.640332563679,218.521900793891,218.730738036706,100.964934999195,1745.7984992997,100.911441941691,2542.11194748106,2799.73477081905,3334.19584388994,217.37618925835
8.05888257384368,1260.70683472885,100.639293546604,218.561043532881,100.597581635189,100.764386148931,100.731862779578,100.425632240244,213.918761270183,100.529685945588,37.3138760704633,100.627310477119,100.549584620139,14.6081232947708,213.9193090126,100.686118628829,216.154670812506,3.97845296702371,211.108045346481,13.7610343498923,100.582126953195,215.858944820036,209.668387893152,100.684716923808,0.44775419874577,100.742407533037,111.279066853721,249.637787583222,1536.55554113505,211.866229334302
7.68503836051423,6.99434831125973,100.471227902623,218.56054860548,100.524286943272,100.381179890102,100.498523665478,100.425632240244,213.918501576456,100.456991939551,2.05123365156214,100.498377133713,100.445804909122,13.6936913946256,213.919075756892,100.471602893431,212.943715180714,3.57132363367873,211.107510996007,13.6000082730779,100.398026316962,215.85840409924,209.667845231806,100.478314842906,0.249831599231129,100.395931536678,7.84157621441227,127.863961794241,133.575340724959,211.865547687337
7.6850383316546,6.98821886288397,100.347930282589,218.560548605369,100.452825193589,100.334822789197,100.482585120553,100.404625746497,213.918501576406,100.320764445606,2.05109887477511,100.441068374401,100.424334233664,13.693691170824,213.919075756841,100.354935366911,212.940032751098,3.57132357579576,211.107510995923,13.6000082432229,100.398026316962,215.858404099175,209.66784523168,100.373089928597,0.24983154581605,100.357117777522,7.84117677106406,127.862615561321,133.564824193902,211.865547687217
7.6850383316546,6.98821886286032,100.328302121248,218.560548605369,100.370180678513,100.267596299175,100.408187212853,100.324099205149,213.918501576406,100.264416715904,2.05109887477374,100.352309401822,100.329787264259,13.693691170824,213.919075756841,100.298850203356,212.940032707296,3.57132357579576,211.107510995923,13.6000082432224,100.342888868332,215.858404099175,209.66784523168,100.31952349801,0.24983154581605,100.313118109759,7.84117677106133,127.862615561316,133.564824193872,211.865547687217
7.6850383316546,6.98821886285987,100.313933308022,218.560548605369,100.357345119863,100.251717435145,100.395139449738,100.313148483257,213.918501576406,100.253396389203,2.05109887477374,100.331844860833,100.309424272462,13.693691170824,213.919075756841,100.279753386863,212.940032707296,3.57132357579576,211.107510995923,13.6000082432224,100.322445299701,215.858404099175,209.66784523168,100.307629164653,0.24983154581605,100.299930939931,7.84117677106133,127.862615561316,133.564824193872,211.865547687217
7.6850383316546,6.98821886285941,100.305933024585,218.560548605369,100.355704492037,100.244070347783,100.386770557204,100.311951679705,213.918501576406,100.252503241969,2.05109887477238,100.328378245441,100.296723466183,13.693691170824,213.919075756841,100.278051117226,212.940032707296,3.5713235757953,211.107510995923,13.6000082432224,100.321740547558,215.858404099175,209.66784523168,100.305726958614,0.24983154581605,100.297916514037,7.84117677106133,127.862615561316,133.564824193871,211.865547687217
