7714.38841587479,5690.02510600691,5380.50338473285,8659.96243601354,5978.3979887923,9368.45403226077,5649.48427164425,6436.43893558007,10691.605407872,7462.59553721041,9433.63063439068,6429.69305160336,7780.80205817425,9278.06700369507,11786.8940649769,8454.03400262346,7283.651554601,9663.8940537439,8041.96295847407,6351.40693637051,9437.50799802786,8658.29480475346,9458.44187360707,6030.92299909323,6505.97744859129,6739.79100639992,5685.45170352474,7829.84401301428,5039.39835562072,6110.03077218
5056.56392329099,5690.02510600691,5380.50338473285,6240.97440022132,5978.3979887923,7602.0433687718,5649.48427164425,6436.43893558007,10691.605407872,7462.59553721041,8762.81385159044,6429.69305160336,7624.20825577831,9278.06700369507,8054.8874589876,7852.81769755005,7283.651554601,9663.8940537439,8041.96295847407,6351.40693637051,6130.87414606448,8658.29480475346,6949.47449282291,5838.31665629321,6505.97744859129,6354.28495563758,5685.45170352474,6056.83036554339,5039.39835562072,6110.03077218
5056.56392329099,5690.02510600691,5380.50338473285,6240.97440022132,5978.3979887923,5522.78729837788,5649.48427164425,6436.43893558007,5959.86424302744,6053.94017269388,5921.00463784484,5764.4915517449,5115.09931826239,6834.14443956821,8054.8874589876,6375.97265861348,6301.80050085603,6610.11241872682,6830.24657118557,6351.40693637051,5075.67172889017,6610.62443359481,6660.21084714366,5838.31665629321,5279.05559292943,5670.85574749299,5685.45170352474,6056.83036554339,5039.39835562072,6110.03077218
4895.33544517532,5690.02510600691,5203.84393939369,5463.82948392276,5893.69238832082,5522.78729837788,5649.48427164425,6372.98244597961,5959.86424302744,6053.94017269388,5571.16949539943,5224.70046877135,3919.94090564198,5328.67430147032,7247.48684676437,6375.97265861348,6275.33323118599,5919.66377207339,6364.18567941666,5091.5000211912,5075.67172889017,6610.62443359481,6194.95935139938,5510.6980724944,3922.7304177332,4965.61521211042,5237.5825329854,6056.83036554339,5039.39835562072,5543.31149696933
4895.33544517532,4232.74067533651,4926.72806440723,4978.12296712653,4709.62999724097,5005.97139820415,5040.78844080315,5842.08311144911,4989.98633874391,5267.33344187869,5224.99883907127,4200.23325716938,3919.94090564198,4975.69765944803,6314.79125270626,5782.97100226268,5251.6010516114,4908.66655479315,4006.63539162667,2785.32146294449,3191.00861981403,4863.95232854582,5152.9997905656,4953.17679773884,3410.44893580458,4027.24727151109,5115.98982743366,6053.12933717808,5039.39835562072,5543.12405480606
3606.23661164488,3614.09971279843,3743.18538055529,4022.50189505028,2109.71275365812,4335.13658494325,4281.04360796544,3417.1499440047,3493.65210345928,3213.14898132315,3942.17403619407,3775.33321759883,2771.29597673743,3330.97747959587,4068.71653434701,4577.61370822351,4345.08009653462,3821.12967297417,2360.40722524253,2510.38540663481,2340.5007169377,3930.76589983066,4074.30289806167,4195.38937428689,3354.92938359371,2244.77067729275,3320.93981024005,3558.51637806504,4180.84818048772,4730.97087442978
1768.18422126043,1845.81320650966,1644.29409511772,1620.96135246673,1381.67845217137,1703.4638808669,1479.12711433622,1601.83310052397,1832.54859408922,1418.85929431627,1678.67547496467,1428.60498661163,1272.25247342929,1182.6508635542,1383.15213717988,2162.91232180565,2309.61628893263,1575.29841103234,1313.22212911858,1314.02842832769,1198.58642089821,2100.55947502547,1816.59213823227,2090.77925950396,1776.69689887101,1450.4150125132,1467.83595984849,1231.04655822625,1377.84210658995,1983.90148368587
920.670540243786,697.161259385357,675.110659379329,695.520315874918,793.884195274314,883.543066367716,661.247964092138,757.026061838289,834.774832832842,805.248826447365,824.71151599228,811.679403268034,809.386953965635,873.494937141817,739.78369893669,830.656139907488,829.030962411049,958.29431868817,741.500791077613,762.384434647666,791.966676544386,977.25746830877,713.938943925115,1026.08729646004,856.208403166472,733.806085052492,757.214780208856,811.956270338612,821.059592633026,897.45155435488
381.941105191801,410.627841162562,362.728888025505,420.955190927968,375.258356977347,386.535578590078,418.802158977126,415.370052233334,361.252378614039,370.150131851719,356.448178704954,380.908585852367,385.811212060685,377.566174191431,363.23651101047,362.016708547706,382.502963791364,389.923510697804,383.094943062649,364.424858830642,373.787406753736,392.212081895435,371.349750696088,382.772096820754,382.597140938975,366.505959739912,356.65151450132,372.132197926455,387.694695317989,383.862272471357
305.801237327121,400.797779779477,305.053497098993,401.039582057919,307.237112921625,306.754590800998,400.90182264923,401.124567899645,305.242997172022,305.476959652718,305.714756419998,306.099653150085,304.778985848361,305.998745814196,305.112343518502,306.659899861335,305.840364690471,305.794616204993,305.312935908544,306.591611210929,305.795428628557,306.524385453205,304.941726750034,305.027749442171,308.481864462306,304.214619145032,305.923442484202,305.215344889006,307.474471706965,307.361030238101
300.080715856092,400.010171271769,300.060747403706,400.015284866086,300.070212624382,300.076595018769,400.016003502685,400.01590352217,300.085509719547,300.057497281559,300.072641872054,300.062782212538,300.065775445002,300.06367182878,300.0434498882,300.091553893877,300.076052079849,300.071128765197,300.060588430159,300.075261883785,300.070212216438,300.105060727816,300.058060820354,300.065612886384,300.064491179487,300.057184214165,300.052979158146,300.062414253505,300.086754386773,300.070773818832
300.000027788038,400.000005041251,300.000021787033,400.000005931822,300.000018674201,300.000028637384,400.000006864602,400.000004811201,300.000028994988,300.000022434403,300.000025289292,300.000030642099,300.000028132702,300.000031276183,300.000021091489,300.000026903524,300.000026846927,300.000030266311,300.000019420984,300.000026247665,300.000023811265,300.000030676218,300.000020015583,300.000028266275,300.000028673102,300.000021750217,300.000025147815,300.000025727534,300.000033386003,300.000023707102
300.000000000023,400.000000000004,300.000000000012,400.000000000003,300.000000000015,300.000000000026,400.000000000003,400.000000000003,300.000000000025,300.000000000015,300.000000000019,300.000000000021,300.000000000023,300.000000000014,300.000000000015,300.000000000017,300.000000000015,300.00000000002,300.000000000015,300.000000000024,300.000000000025,300.00000000002,300.000000000014,300.000000000015,300.000000000024,300.000000000019,300.000000000018,300.000000000016,300.000000000018,300.000000000016
300.000000000004,400,300.000000000004,400,300.000000000003,300.000000000003,400,400,300.000000000003,300.000000000003,300.000000000004,300.000000000003,300.000000000004,300.000000000004,300.000000000004,300.000000000004,300.000000000003,300.000000000004,300.000000000003,300.000000000003,300.000000000003,300.000000000004,300.000000000003,300.000000000003,300.000000000003,300.000000000003,300.000000000003,300.000000000003,300.000000000003,300.000000000003
300.000000000002,400,300.000000000002,400,300.000000000002,300.000000000002,400,400,300.000000000002,300.000000000002,300.000000000002,300.000000000002,300.000000000002,300.000000000002,300.000000000001,300.000000000002,300.000000000001,300.000000000002,300.000000000002,300.000000000001,300.000000000002,300.000000000002,300.000000000002,300.000000000002,300.000000000001,300.000000000002,300.000000000002,300.000000000002,300.000000000002,300.000000000002
300.000000000001,400,300.000000000001,400,300.000000000001,300.000000000001,400,400,300.000000000001,300.000000000001,300.000000000001,300.000000000001,300.000000000001,300.000000000001,300.000000000001,300.000000000001,300.000000000001,300.000000000001,300.000000000002,300.000000000001,300.000000000001,300.000000000001,300.000000000001,300.000000000001,300.000000000001,300.000000000001,300.000000000001,300.000000000001,300.000000000001,300.000000000001
