666.763604628807,581.441417975254,571.544831706974,657.64053588936,624.022320741416,640.703559808386,570.269697479187,687.919368874061,610.192295573537,579.969262652769,573.211117535722,628.978708870422,649.946380439548,664.875117027421,604.035118424952,633.438227503564,596.486247202361,653.632167268484,586.146908360433,590.889811578305,552.435371222464,599.948873293481,584.990799212726,561.387299809448,535.337624582587,639.193759670676,572.543732882191,587.361084240843,617.892000612688,645.297896866208
335.680005243998,404.594521985704,325.594077167234,406.717850325065,330.640684200938,334.45594092365,403.546574330145,404.708006436328,328.123421917793,327.258434280824,327.620690704407,329.69237202874,327.926563554217,333.304513819531,323.767585690812,326.875014565097,333.594894049813,330.560917245144,331.596753569046,320.058590361441,324.620847368,332.54259650226,324.985832957619,333.034428886388,334.560950754915,329.40827198329,325.466978328292,330.983429135119,329.810965728816,331.632714601701
303.801513057146,400.394077338045,303.008907734748,400.590124564006,304.576119375982,303.887236829782,400.689156705831,400.723187512497,305.242997172022,303.501545302369,303.963185580947,303.6217007657,303.0857973864,303.841320594268,303.298026747938,304.329576876218,303.518473821726,304.352746525118,302.486765283559,303.393784482213,303.489052056976,304.020670712201,303.212802636418,303.20767940827,304.443536910151,302.685160906309,302.130563514697,303.159795265284,304.499182385668,303.503398082131
300.080715856092,400.010171271769,300.060747403706,400.015284866086,300.070212624382,300.076595018769,400.016003502685,400.01590352217,300.085509719547,300.057497281559,300.072641872054,300.062782212538,300.065775445002,300.06367182878,300.0434498882,300.091553893877,300.076052079849,300.071128765197,300.060588430159,300.075261883785,300.070212216438,300.105060727816,300.058060820354,300.065612886384,300.064491179487,300.057184214165,300.052979158146,300.062414253505,300.086754386773,300.070773818832
300.000005911886,400.000000878122,300.000003116837,400.000001154417,300.000003991135,300.00000534903,400.000001276876,400.000001003803,300.000004383663,300.000003821534,300.00000561296,300.000004029259,300.000005241162,300.000005551184,300.000004313019,300.000004520566,300.000004425836,300.000004175824,300.000004236859,300.000004194207,300.000007650216,300.000005372936,300.000003291776,300.00000458778,300.000006121915,300.000004207101,300.000004771731,300.000005285644,300.000006451429,300.000004256048
300.000000000004,400,300.000000000004,400,300.000000000003,300.000000000003,400,400,300.000000000003,300.000000000003,300.000000000004,300.000000000003,300.000000000004,300.000000000004,300.000000000004,300.000000000004,300.000000000003,300.000000000004,300.000000000003,300.000000000003,300.000000000003,300.000000000004,300.000000000003,300.000000000003,300.000000000003,300.000000000003,300.000000000003,300.000000000003,300.000000000003,300.000000000003
300.000000000004,400,300.000000000004,400,300.000000000003,300.000000000003,400,400,300.000000000003,300.000000000003,300.000000000004,300.000000000003,300.000000000004,300.000000000004,300.000000000004,300.000000000004,300.000000000003,300.000000000004,300.000000000003,300.000000000003,300.000000000003,300.000000000004,300.000000000003,300.000000000003,300.000000000003,300.000000000003,300.000000000003,300.000000000003,300.000000000003,300.000000000003
300.000000000004,400,300.000000000004,400,300.000000000003,300.000000000003,400,400,300.000000000003,300.000000000003,300.000000000004,300.000000000003,300.000000000004,300.000000000004,300.000000000004,300.000000000004,300.000000000003,300.000000000004,300.000000000003,300.000000000003,300.000000000003,300.000000000004,300.000000000003,300.000000000003,300.000000000003,300.000000000003,300.000000000003,300.000000000003,300.000000000003,300.000000000003
300.000000000004,400,300.000000000004,400,300.000000000003,300.000000000003,400,400,300.000000000003,300.000000000003,300.000000000004,300.000000000003,300.000000000004,300.000000000004,300.000000000004,300.000000000004,300.000000000003,300.000000000004,300.000000000003,300.000000000003,300.000000000003,300.000000000004,300.000000000003,300.000000000003,300.000000000003,300.000000000003,300.000000000003,300.000000000003,300.000000000003,300.000000000003
300.000000000002,400,300.000000000001,400,300.000000000002,300.000000000002,400,400,300.000000000002,300.000000000002,300.000000000001,300.000000000002,300.000000000002,300.000000000002,300.000000000001,300.000000000002,300.000000000001,300.000000000002,300.000000000002,300.000000000001,300.000000000002,300.000000000002,300.000000000002,300.000000000002,300.000000000001,300.000000000002,300.000000000002,300.000000000002,300.000000000002,300.000000000001
300.000000000002,400,300.000000000001,400,300.000000000002,300.000000000002,400,400,300.000000000001,300.000000000002,300.000000000001,300.000000000001,300.000000000002,300.000000000001,300.000000000001,300.000000000002,300.000000000001,300.000000000001,300.000000000002,300.000000000001,300.000000000001,300.000000000001,300.000000000002,300.000000000001,300.000000000001,300.000000000001,300.000000000002,300.000000000001,300.000000000001,300.000000000001
300.000000000002,400,300.000000000001,400,300.000000000002,300.000000000001,400,400,300.000000000001,300.000000000001,300.000000000001,300.000000000001,300.000000000001,300.000000000001,300.000000000001,300.000000000001,300.000000000001,300.000000000001,300.000000000002,300.000000000001,300.000000000001,300.000000000001,300.000000000001,300.000000000001,300.000000000001,300.000000000001,300.000000000001,300.000000000001,300.000000000001,300.000000000001
300.000000000001,400,300.000000000001,400,300.000000000001,300.000000000001,400,400,300.000000000001,300.000000000001,300.000000000001,300.000000000001,300.000000000001,300.000000000001,300.000000000001,300.000000000001,300.000000000001,300.000000000001,300.000000000002,300.000000000001,300.000000000001,300.000000000001,300.000000000001,300.000000000001,300.000000000001,300.000000000001,300.000000000001,300.000000000001,300.000000000001,300.000000000001
300.000000000001,400,300.000000000001,400,300.000000000001,300.000000000001,400,400,300.000000000001,300.000000000001,300.000000000001,300.000000000001,300.000000000001,300.000000000001,300.000000000001,300.000000000001,300.000000000001,300.000000000001,300.000000000002,300.000000000001,300.000000000001,300.000000000001,300.000000000001,300.000000000001,300.000000000001,300.000000000001,300.000000000001,300.000000000001,300.000000000001,300.000000000001
