54.1602226276805,59.5645611077328,52.6706270419116,54.6049419607471,55.4857294589934,55.4505265688447,54.2027173127979,53.8303145763343,54.3817245683553,54.1850808789,54.8990537298759,55.1902850705771,54.3819031954573,59.9645702183355,55.412893951493,53.3347180683572,55.4621124002402,52.2462101541072,53.6037664676717,55.7665633719362,55.60810546296,54.4435603058158,53.2105760846329,55.8088983955885,52.833013860941,54.7341404193114,52.4420186187331,54.0069227672754,54.647314097715,56.7786582952012
49.2163662474655,49.2279744487471,45.6183660988648,49.2226582533642,45.2243637246547,49.2016873426011,49.2096549744107,49.1708063691455,49.1930196625124,49.2967335288427,45.0455543022468,49.2456391902415,49.1963375791449,49.2282128379958,45.0247132959818,49.1907409845008,49.2175617145911,45.4802117790236,45.34658394932,49.186840645253,45.0926863487192,49.2156741317335,45.168037240311,49.2395880342454,49.1762582084315,49.2587825807001,49.2553512965394,49.1468046105818,45.351393198841,49.2119129466949
49.0923041736897,49.0927361129732,44.9118027917432,49.0907677503627,44.9078794148263,49.0903853304228,49.0926462915069,49.090166831932,49.0895229609339,49.0921623888342,44.9041595284468,49.090949814653,49.0911093519028,49.0906146407143,44.9016726503702,49.0904597527018,49.0899675426519,44.9120415790807,44.9059497201138,49.0916951674024,44.9049038335702,49.0919450082479,44.9022397275319,49.0927707657191,49.0888280032916,49.093746063532,49.0909527554139,49.0886317921107,44.9092354509176,49.0933765561663
49.0844860914424,49.0844855433928,44.8954877080882,49.0844860528737,44.8954815744693,49.0844886023624,49.0844905042055,49.0844868904188,49.0844891750024,49.0844965264544,44.8954778085815,49.0844937072808,49.0844930117863,49.0844916393261,44.8954790551293,49.0844859330392,49.0844883965972,44.8954853556433,44.8954883630591,49.0844922939858,44.8954850539907,49.0844908909991,44.8954787035232,49.084492958404,49.084482363527,49.0844860533834,49.0844878492346,49.0844898254405,44.8954938287034,49.0844942757933
49.0844789794813,49.0844789794813,44.8954693174514,49.0844789794813,44.8954693174514,49.0844789794813,49.0844789794813,49.0844789794813,49.0844789794813,49.0844789794813,44.8954693174514,49.0844789794814,49.0844789794813,49.0844789794813,44.8954693174514,49.0844789794813,49.0844789794813,44.8954693174514,44.8954693174515,49.0844789794814,44.8954693174514,49.0844789794813,44.8954693174514,49.0844789794813,49.0844789794813,49.0844789794813,49.0844789794813,49.0844789794813,44.8954693174516,49.0844789794813
49.0844789794812,49.0844789794812,44.8954693174513,49.0844789794812,44.8954693174513,49.0844789794813,49.0844789794812,49.0844789794812,49.0844789794812,49.0844789794812,44.8954693174513,49.0844789794812,49.0844789794812,49.0844789794812,44.8954693174513,49.0844789794812,49.0844789794812,44.8954693174513,44.8954693174513,49.0844789794812,44.8954693174513,49.0844789794812,44.8954693174513,49.0844789794812,49.0844789794812,49.0844789794813,49.0844789794812,49.0844789794812,44.8954693174513,49.0844789794812
49.0844789794812,49.0844789794812,44.8954693174513,49.0844789794812,44.8954693174513,49.0844789794813,49.0844789794812,49.0844789794812,49.0844789794812,49.0844789794812,44.8954693174513,49.0844789794812,49.0844789794812,49.0844789794812,44.8954693174513,49.0844789794812,49.0844789794812,44.8954693174513,44.8954693174513,49.0844789794812,44.8954693174513,49.0844789794812,44.8954693174513,49.0844789794812,49.0844789794812,49.0844789794813,49.0844789794812,49.0844789794812,44.8954693174513,49.0844789794812
49.0844789794812,49.0844789794812,44.8954693174513,49.0844789794812,44.8954693174513,49.0844789794812,49.0844789794812,49.0844789794812,49.0844789794812,49.0844789794812,44.8954693174513,49.0844789794812,49.0844789794812,49.0844789794812,44.8954693174513,49.0844789794812,49.0844789794812,44.8954693174513,44.8954693174513,49.0844789794812,44.8954693174513,49.0844789794812,44.8954693174513,49.0844789794812,49.0844789794812,49.0844789794813,49.0844789794812,49.0844789794812,44.8954693174513,49.0844789794812
49.0844789794812,49.0844789794812,44.8954693174513,49.0844789794812,44.8954693174513,49.0844789794812,49.0844789794812,49.0844789794812,49.0844789794812,49.0844789794812,44.8954693174513,49.0844789794812,49.0844789794812,49.0844789794812,44.8954693174513,49.0844789794812,49.0844789794812,44.8954693174513,44.8954693174513,49.0844789794812,44.8954693174513,49.0844789794812,44.8954693174513,49.0844789794812,49.0844789794812,49.0844789794813,49.0844789794812,49.0844789794812,44.8954693174513,49.0844789794812
49.0844789794812,49.0844789794812,44.8954693174513,49.0844789794812,44.8954693174513,49.0844789794812,49.0844789794812,49.0844789794812,49.0844789794812,49.0844789794812,44.8954693174513,49.0844789794812,49.0844789794812,49.0844789794812,44.8954693174513,49.0844789794812,49.0844789794812,44.8954693174513,44.8954693174513,49.0844789794812,44.8954693174513,49.0844789794812,44.8954693174513,49.0844789794812,49.0844789794812,49.0844789794813,49.0844789794812,49.0844789794812,44.8954693174513,49.0844789794812
49.0844789794812,49.0844789794812,44.8954693174513,49.0844789794812,44.8954693174513,49.0844789794812,49.0844789794812,49.0844789794812,49.0844789794812,49.0844789794812,44.8954693174513,49.0844789794812,49.0844789794812,49.0844789794812,44.8954693174513,49.0844789794812,49.0844789794812,44.8954693174513,44.8954693174513,49.0844789794812,44.8954693174513,49.0844789794812,44.8954693174513,49.0844789794812,49.0844789794812,49.0844789794812,49.0844789794812,49.0844789794812,44.8954693174513,49.0844789794812
49.0844789794812,49.0844789794812,44.8954693174513,49.0844789794812,44.8954693174513,49.0844789794812,49.0844789794812,49.0844789794812,49.0844789794812,49.0844789794812,44.8954693174513,49.0844789794812,49.0844789794812,49.0844789794812,44.8954693174513,49.0844789794812,49.0844789794812,44.8954693174513,44.8954693174513,49.0844789794812,44.8954693174513,49.0844789794812,44.8954693174513,49.0844789794812,49.0844789794812,49.0844789794812,49.0844789794812,49.0844789794812,44.8954693174513,49.0844789794812
49.0844789794812,49.0844789794812,44.8954693174513,49.0844789794812,44.8954693174513,49.0844789794812,49.0844789794812,49.0844789794812,49.0844789794812,49.0844789794812,44.8954693174513,49.0844789794812,49.0844789794812,49.0844789794812,44.8954693174513,49.0844789794812,49.0844789794812,44.8954693174513,44.8954693174513,49.0844789794812,44.8954693174513,49.0844789794812,44.8954693174513,49.0844789794812,49.0844789794812,49.0844789794812,49.0844789794812,49.0844789794812,44.8954693174513,49.0844789794812
49.0844789794812,49.0844789794812,44.8954693174513,49.0844789794812,44.8954693174513,49.0844789794812,49.0844789794812,49.0844789794812,49.0844789794812,49.0844789794812,44.8954693174513,49.0844789794812,49.0844789794812,49.0844789794812,44.8954693174513,49.0844789794812,49.0844789794812,44.8954693174513,44.8954693174513,49.0844789794812,44.8954693174513,49.0844789794812,44.8954693174513,49.0844789794812,49.0844789794812,49.0844789794812,49.0844789794812,49.0844789794812,44.8954693174513,49.0844789794812
