97.5735849231341,101.734922260016,88.8621003196675,97.4609702549255,108.269473651293,84.4760158638569,107.89471660189,92.4717422800095,111.821383507398,95.5313392945192,93.912277358662,99.8998088732731,111.85941404279,107.564828957005,96.1624628871868,117.941257806475,110.728400507218,115.698244026909,106.088971937302,108.697861180499,97.218192182575,94.3745442749388,99.4292359681278,103.994939926451,114.143368780066,120.740370766172,76.6834958339512,91.9995927106473,105.812971348125,107.950773408394
97.5735849231341,91.7469353114875,88.8621003196675,97.1726877122651,91.9492121669441,77.7692309022575,105.669276393987,92.4717422800095,111.821383507398,95.5313392945192,93.912277358662,88.327636828541,77.9557282402171,93.9089048933243,74.8999719318483,100.94929970684,110.728400507218,115.698244026909,106.088971937302,108.697861180499,96.2676200374185,92.3566928444606,94.4701641752354,103.994939926451,95.2288273909032,120.454280111644,76.6834958339512,91.9995927106473,101.744123717631,107.950773408394
97.5735849231341,91.7469353114875,88.8621003196675,72.2463648286688,79.3335281154478,77.7692309022575,97.1874683081306,92.4717422800095,97.5825229775606,79.5195698693534,91.6044950723258,88.327636828541,77.9557282402171,79.113291057697,74.8999719318483,100.94929970684,101.548736198282,108.21910393331,99.6693274519334,107.016129746869,95.0310683285925,83.3333027352695,91.0500621494502,103.994939926451,94.2548506402037,88.2466619204546,66.0972250775303,91.9995927106473,95.1425862214684,96.5034807759429
81.7366930275488,91.7469353114875,88.8621003196675,72.2463648286688,73.093641894986,77.7692309022575,91.9985127709967,90.9799527136418,92.1057477149898,79.5195698693534,91.6044950723258,78.8299668242839,77.9557282402171,65.6672890565975,74.8999719318483,87.274457659834,101.548736198282,100.871580201902,96.5779160198203,94.3120058319533,64.5457592712573,83.3333027352695,91.0500621494502,103.994939926451,81.0645214550589,78.3469413928292,66.0972250775303,87.5652508616785,93.8746786922345,96.5034807759429
78.2684965687131,85.5827222393449,66.7032393705174,69.7576287726272,67.8554114231652,70.3845973931564,79.4615669526054,78.4284459489147,80.821714058284,79.5195698693534,88.3197512714139,74.788388232889,68.8604324272909,56.9839802177219,73.5841225004591,87.274457659834,89.9185924836548,84.0111606370638,91.8049458707027,91.7915451345079,61.4815706503265,82.1221596667034,61.083745194351,91.354872366823,81.0645214550589,78.3469413928292,66.0972250775303,57.9371192336897,93.8746786922345,89.3688092761063
71.1385390690311,76.4766074242291,66.7032393705174,54.4967343137411,40.1356287110625,68.2509376074277,79.4615669526054,69.9546270404742,72.284266479724,57.4559824527806,70.0339353860186,61.6682993920589,68.8604324272909,55.4897722896291,57.5657594591261,67.4118411434399,89.9185924836548,77.9628441095097,79.2778094076187,62.3614090487101,40.192598032686,60.7366567057561,47.1968808510019,78.463241859959,78.4632384488746,65.8803561444406,66.0972250775303,52.341689956358,71.8521296167465,80.4665488388023
39.4348694524076,34.7027862428911,42.7336758661564,25.1441137236369,26.0791562095325,63.9273049189511,57.0929821877045,48.3952514533316,37.5454595652596,24.4964121963421,43.1676153283562,37.3328236704945,56.3386822227833,12.1992807114816,40.8463043065666,45.1776864922703,75.6496579877088,36.2763525776767,41.5703407298396,36.6548910418228,31.1169897841369,42.6366402552349,29.5539934491046,58.5135591163801,58.3447265050416,35.0980914791177,45.2936736355086,28.9816313849557,34.1542777322333,45.7617791243207
8.15912069110573,9.30712940334297,8.25625473512343,8.51340439950729,6.73330920700096,23.5239454795932,32.2349052581242,10.0429051108453,9.90542550009877,8.48622777523792,9.97853118971443,9.65626164887749,28.7080287120107,5.08786230112185,6.49571803083757,29.9092845712678,41.3676228838523,8.175591046617,11.2821774990919,6.99093359311132,10.9995746418984,7.39477935060972,8.63209247275188,23.1178162681441,24.5532451317877,8.87997724195498,10.954394582988,9.11575003862322,7.66018611230129,10.0262671595614
1.67120463600304,1.97976623866282,2.20443723086782,2.25548154543242,1.68490470301742,7.78094519011529,11.2292050953698,2.14008678422704,2.56792368039908,1.91934683793943,2.6460436708827,1.88330333234785,8.8896255016773,1.26083721005602,1.93047502404522,6.12930312050366,9.67702068412461,2.17401274113763,2.19897088599328,2.34194137076327,2.02937287646841,1.43963405749912,1.54555226577861,7.84410077135726,5.86754710374055,1.93564645339029,1.36673819616078,1.82527307126941,2.44096262592814,1.27796080004691
0.23732412997731,0.252202879665219,0.28492036274406,0.201649654033531,0.257976713903759,1.41324560880435,1.41675418612442,0.1736790605338,0.267876361495269,0.203699204943518,0.275018331365459,0.217720970197774,1.49111185436345,0.196736864562695,0.300100344585758,1.3618460442226,1.63173414468952,0.245513868676539,0.192729107364357,0.231680761491816,0.250448344865617,0.273950890723995,0.224745301963367,1.52210303983281,1.05781279339931,0.245120321933655,0.162582090602541,0.292906720109727,0.225979607943941,0.156371490110814
0.00622794872970189,0.00638857677381566,0.00927838999780306,0.00613924013828182,0.00918631337833631,0.182028104129699,0.21730970335193,0.00665024850809459,0.00736287683798764,0.00660487478910454,0.0090473972846894,0.0050087957707774,0.154937211270635,0.00881081551642637,0.00919824975210304,0.152189557976271,0.200685737671392,0.00733080198745029,0.00761427319150698,0.0064999107779613,0.00492426801679358,0.00546119094497044,0.00596582531886725,0.178630621623029,0.14978534862837,0.00709456158881494,0.00541862967781981,0.00692466513703494,0.00731437541958257,0.00678788573475231
2.14452866202919e-05,2.19334145867833e-05,2.48766751838048e-05,1.56189308881949e-05,2.40902279529109e-05,0.0046723325167477,0.00461274517624588,2.06436704957014e-05,2.49173538122704e-05,2.23090115696323e-05,2.2083682893026e-05,2.06276243943648e-05,0.0031585137893444,2.66491233560373e-05,1.78485797732719e-05,0.0032391217548593,0.00350143518596724,2.32252102705388e-05,2.57397456380204e-05,2.31628728215583e-05,2.01040519414164e-05,1.88425462965824e-05,1.58752536663087e-05,0.00505909541334404,0.00323423091515451,2.23820405835795e-05,1.61682742145786e-05,2.50482668207042e-05,1.86073056056557e-05,1.92742752460617e-05
3.16049408866093e-11,2.64890331891365e-11,3.17186277243309e-11,4.19504431192763e-11,6.90079104970209e-11,1.47600694617722e-05,1.47387833067114e-05,4.7066350816749e-11,4.97948349220678e-11,5.20685716765001e-11,2.72848410531878e-11,3.20596882374957e-11,7.18761714324501e-06,3.24007487506606e-11,5.33191268914379e-11,1.02966700978868e-05,1.2318023550506e-05,5.75255398871377e-11,6.37974380879314e-07,1.8644641386345e-11,4.12683220929466e-11,3.12638803734444e-11,1.81898940354586e-11,9.9326457529969e-06,6.65282584577653e-06,3.74029696104117e-11,2.21689333557151e-11,6.19593265582807e-11,2.79669620795175e-11,1.90993887372315e-11
1.13686837721616e-13,1.13686837721616e-13,1.13686837721616e-13,1.13686837721616e-13,1.13686837721616e-13,6.38139795228199e-07,8.27569692773977e-08,1.13686837721616e-13,1.13686837721616e-13,1.13686837721616e-13,1.13686837721616e-13,1.13686837721616e-13,8.0357608567283e-08,1.13686837721616e-13,1.13686837721616e-13,8.22371930553345e-08,3.46792603522772e-07,1.13686837721616e-13,6.36013623989129e-07,1.13686837721616e-13,1.13686837721616e-13,1.13686837721616e-13,1.13686837721616e-13,8.0316794992541e-08,3.25925952893158e-07,1.13686837721616e-13,1.13686837721616e-13,1.13686837721616e-13,1.13686837721616e-13,1.13686837721616e-13
1.13686837721616e-13,1.13686837721616e-13,1.13686837721616e-13,1.13686837721616e-13,1.13686837721616e-13,1.13686837721616e-13,7.98718247096986e-08,1.13686837721616e-13,1.13686837721616e-13,1.13686837721616e-13,1.13686837721616e-13,1.13686837721616e-13,1.13686837721616e-13,1.13686837721616e-13,1.13686837721616e-13,1.13686837721616e-13,1.13686837721616e-13,1.13686837721616e-13,1.13686837721616e-13,1.13686837721616e-13,1.13686837721616e-13,1.13686837721616e-13,1.13686837721616e-13,1.13686837721616e-13,1.13686837721616e-13,1.13686837721616e-13,1.13686837721616e-13,1.13686837721616e-13,1.13686837721616e-13,1.13686837721616e-13
1.13686837721616e-13,1.13686837721616e-13,1.13686837721616e-13,1.13686837721616e-13,1.13686837721616e-13,1.13686837721616e-13,7.98718247096986e-08,1.13686837721616e-13,1.13686837721616e-13,1.13686837721616e-13,1.13686837721616e-13,1.13686837721616e-13,1.13686837721616e-13,1.13686837721616e-13,1.13686837721616e-13,1.13686837721616e-13,1.13686837721616e-13,1.13686837721616e-13,1.13686837721616e-13,1.13686837721616e-13,1.13686837721616e-13,1.13686837721616e-13,1.13686837721616e-13,1.13686837721616e-13,1.13686837721616e-13,1.13686837721616e-13,0,1.13686837721616e-13,1.13686837721616e-13,1.13686837721616e-13
