4.43148642273684,4.8015014195206,6.68254913205828,4.09752086670437,5.51385602913547,22.0221504489317,23.8637841373284,4.73711704360755,4.86698276308732,5.16201056369505,4.65139563032676,7.30911920181825,23.5501524317189,5.05264101296927,5.92115106419612,23.3505181212975,20.9098316154196,5.5174267185497,7.08110826682457,6.22558905690039,3.61074001873749,5.03796913434655,4.99722066720187,16.4922805927033,22.0317355720323,4.97609076463971,7.689933609224,5.9107612693939,5.85345314207029,5.42691578627887
0.69548577333876,0.534127516069702,1.00855294628707,0.803733780729999,0.663882041118995,3.7541599087898,6.0116934429509,0.577767226600599,0.750044686450337,0.534323638222759,0.970234895438807,0.797335843482301,3.62020608942669,0.76927680315373,1.18286769215069,3.42590413874746,3.76267207371075,0.82122447063125,0.789039166691509,0.95389740837345,0.670781599566908,0.672976889175288,0.662620914910917,2.66862620582367,2.81275435863699,0.896031613531363,0.615023033497437,0.860296358960227,0.749405495833344,0.750857972159906
0.148768601371899,0.174807363377795,0.193901886403523,0.149253190920831,0.188485327631497,1.08898138203119,1.10777314373684,0.157117178010935,0.114802809103139,0.153097945274112,0.20382874329141,0.167502367423822,1.1090969811105,0.153911490564383,0.197516421977525,1.31138794304604,1.4815098810268,0.162566508256077,0.151922359337163,0.203478549430656,0.146520269962707,0.163327985031628,0.127330395386252,0.908141745728358,1.05781279339931,0.168393556931392,0.100796200019886,0.182933711719443,0.189541519203772,0.156371490110814
0.00622794872970189,0.00638857677381566,0.00927838999780306,0.00613924013828182,0.00918631337833631,0.182028104129699,0.21730970335193,0.00665024850809459,0.00736287683798764,0.00660487478910454,0.0090473972846894,0.0050087957707774,0.154937211270635,0.00881081551642637,0.00919824975210304,0.152189557976271,0.200685737671392,0.00733080198745029,0.00761427319150698,0.0064999107779613,0.00492426801679358,0.00546119094497044,0.00596582531886725,0.178630621623029,0.14978534862837,0.00709456158881494,0.00541862967781981,0.00692466513703494,0.00731437541958257,0.00678788573475231
8.09745608876256e-06,9.24076789488026e-06,1.04682757182673e-05,7.4766845727936e-06,1.01240131016311e-05,0.00237731661025009,0.00217351252229037,1.04866176116047e-05,1.2722022233902e-05,1.1409571357035e-05,8.3336211673668e-06,7.24918538708152e-06,0.00142721001282098,1.18758185863044e-05,7.31774184714595e-06,0.00157897474639412,0.00173286577262388,1.14373849555705e-05,1.20729077934811e-05,7.41359724543145e-06,8.72103862548101e-06,7.38839105451916e-06,3.67177062798874e-06,0.00161665545169853,0.00159884837853497,1.08206421600698e-05,5.93768038470444e-06,1.12841507871053e-05,8.07419280590693e-06,6.02235604674206e-06
1.13686837721616e-13,1.13686837721616e-13,1.13686837721616e-13,1.13686837721616e-13,2.27373675443232e-13,6.73134763928829e-07,7.57845214138797e-07,1.13686837721616e-13,1.13686837721616e-13,1.13686837721616e-13,1.13686837721616e-13,1.13686837721616e-13,2.58515228779288e-07,1.13686837721616e-13,1.13686837721616e-13,3.79205289391393e-07,6.05273157816555e-07,2.27373675443232e-13,6.36013623989129e-07,1.13686837721616e-13,1.13686837721616e-13,1.13686837721616e-13,1.13686837721616e-13,4.33879790762148e-07,3.67901179743058e-07,1.13686837721616e-13,1.13686837721616e-13,2.27373675443232e-13,1.13686837721616e-13,1.13686837721616e-13
1.13686837721616e-13,1.13686837721616e-13,1.13686837721616e-13,1.13686837721616e-13,1.13686837721616e-13,6.38139795228199e-07,8.27569692773977e-08,1.13686837721616e-13,1.13686837721616e-13,1.13686837721616e-13,1.13686837721616e-13,1.13686837721616e-13,8.0357608567283e-08,1.13686837721616e-13,1.13686837721616e-13,8.22371930553345e-08,3.46792603522772e-07,1.13686837721616e-13,6.36013623989129e-07,1.13686837721616e-13,1.13686837721616e-13,1.13686837721616e-13,1.13686837721616e-13,8.0316794992541e-08,3.25925952893158e-07,1.13686837721616e-13,1.13686837721616e-13,1.13686837721616e-13,1.13686837721616e-13,1.13686837721616e-13
1.13686837721616e-13,1.13686837721616e-13,1.13686837721616e-13,1.13686837721616e-13,1.13686837721616e-13,1.45519152283669e-11,8.11821792012779e-08,1.13686837721616e-13,1.13686837721616e-13,1.13686837721616e-13,1.13686837721616e-13,1.13686837721616e-13,7.95807864051312e-12,1.13686837721616e-13,1.13686837721616e-13,8.64019966684282e-12,3.06954461848363e-12,1.13686837721616e-13,6.36013623989129e-07,1.13686837721616e-13,1.13686837721616e-13,1.13686837721616e-13,1.13686837721616e-13,1.8076207197737e-11,2.70574673777446e-11,1.13686837721616e-13,1.13686837721616e-13,1.13686837721616e-13,1.13686837721616e-13,1.13686837721616e-13
1.13686837721616e-13,1.13686837721616e-13,1.13686837721616e-13,1.13686837721616e-13,1.13686837721616e-13,1.13686837721616e-13,7.98718247096986e-08,1.13686837721616e-13,1.13686837721616e-13,1.13686837721616e-13,1.13686837721616e-13,1.13686837721616e-13,1.13686837721616e-13,1.13686837721616e-13,1.13686837721616e-13,1.13686837721616e-13,1.13686837721616e-13,1.13686837721616e-13,6.36013623989129e-07,1.13686837721616e-13,1.13686837721616e-13,1.13686837721616e-13,1.13686837721616e-13,1.13686837721616e-13,1.13686837721616e-13,1.13686837721616e-13,1.13686837721616e-13,1.13686837721616e-13,1.13686837721616e-13,1.13686837721616e-13
1.13686837721616e-13,1.13686837721616e-13,1.13686837721616e-13,1.13686837721616e-13,1.13686837721616e-13,1.13686837721616e-13,7.98718247096986e-08,1.13686837721616e-13,1.13686837721616e-13,1.13686837721616e-13,1.13686837721616e-13,1.13686837721616e-13,1.13686837721616e-13,1.13686837721616e-13,1.13686837721616e-13,1.13686837721616e-13,1.13686837721616e-13,1.13686837721616e-13,1.13686837721616e-13,1.13686837721616e-13,1.13686837721616e-13,1.13686837721616e-13,1.13686837721616e-13,1.13686837721616e-13,1.13686837721616e-13,1.13686837721616e-13,1.13686837721616e-13,1.13686837721616e-13,1.13686837721616e-13,1.13686837721616e-13
1.13686837721616e-13,1.13686837721616e-13,1.13686837721616e-13,1.13686837721616e-13,1.13686837721616e-13,1.13686837721616e-13,7.98718247096986e-08,1.13686837721616e-13,1.13686837721616e-13,1.13686837721616e-13,1.13686837721616e-13,1.13686837721616e-13,1.13686837721616e-13,1.13686837721616e-13,1.13686837721616e-13,1.13686837721616e-13,1.13686837721616e-13,1.13686837721616e-13,1.13686837721616e-13,1.13686837721616e-13,1.13686837721616e-13,1.13686837721616e-13,1.13686837721616e-13,1.13686837721616e-13,1.13686837721616e-13,1.13686837721616e-13,0,1.13686837721616e-13,1.13686837721616e-13,1.13686837721616e-13
1.13686837721616e-13,1.13686837721616e-13,1.13686837721616e-13,1.13686837721616e-13,1.13686837721616e-13,1.13686837721616e-13,7.98718247096986e-08,1.13686837721616e-13,1.13686837721616e-13,1.13686837721616e-13,1.13686837721616e-13,1.13686837721616e-13,1.13686837721616e-13,1.13686837721616e-13,1.13686837721616e-13,1.13686837721616e-13,1.13686837721616e-13,1.13686837721616e-13,1.13686837721616e-13,1.13686837721616e-13,1.13686837721616e-13,1.13686837721616e-13,1.13686837721616e-13,1.13686837721616e-13,1.13686837721616e-13,1.13686837721616e-13,0,1.13686837721616e-13,1.13686837721616e-13,1.13686837721616e-13
1.13686837721616e-13,1.13686837721616e-13,1.13686837721616e-13,1.13686837721616e-13,1.13686837721616e-13,1.13686837721616e-13,7.98718247096986e-08,1.13686837721616e-13,1.13686837721616e-13,1.13686837721616e-13,1.13686837721616e-13,1.13686837721616e-13,1.13686837721616e-13,1.13686837721616e-13,1.13686837721616e-13,1.13686837721616e-13,1.13686837721616e-13,1.13686837721616e-13,1.13686837721616e-13,1.13686837721616e-13,1.13686837721616e-13,1.13686837721616e-13,1.13686837721616e-13,1.13686837721616e-13,1.13686837721616e-13,1.13686837721616e-13,0,1.13686837721616e-13,1.13686837721616e-13,1.13686837721616e-13
1.13686837721616e-13,1.13686837721616e-13,1.13686837721616e-13,1.13686837721616e-13,1.13686837721616e-13,1.13686837721616e-13,7.98718247096986e-08,1.13686837721616e-13,1.13686837721616e-13,1.13686837721616e-13,1.13686837721616e-13,1.13686837721616e-13,1.13686837721616e-13,1.13686837721616e-13,1.13686837721616e-13,1.13686837721616e-13,1.13686837721616e-13,1.13686837721616e-13,1.13686837721616e-13,1.13686837721616e-13,1.13686837721616e-13,1.13686837721616e-13,1.13686837721616e-13,1.13686837721616e-13,1.13686837721616e-13,1.13686837721616e-13,0,1.13686837721616e-13,1.13686837721616e-13,1.13686837721616e-13
