118.387085756109,122.223584116588,108.943333340842,118.423004939293,102.600977101681,111.418357303465,120.003580779741,109.435315253317,117.156694498687,115.580782220752,112.522698510023,99.3504152959788,104.720414447822,106.789020372806,117.011775566128,106.368396691732,100.001190678093,126.421990527174,101.339735127992,100.71637100039,108.884536020534,106.498293667817,120.113971107464,112.770092628159,119.803219874067,110.895572260384,80.3179441382171,101.459966073264,115.176202073722,109.520106511764
97.3295354777196,106.121276106809,103.858840844091,98.9425776848531,102.600977101681,98.3615148114936,103.39512060984,95.4524722891542,99.0201094774333,103.085610374862,87.6495109413983,98.8818072147033,104.720414447822,96.364351676219,105.122723083959,74.9941707712829,100.001190678093,90.1684610715779,80.2344593239455,96.4901463560913,87.1889528247868,102.633501335933,114.196570041756,87.4126869806463,98.274843731782,82.0307154923107,80.3179441382171,88.5645922087491,103.273034696303,73.5219924134642
97.3295354777196,93.3744475259554,96.0871483464093,94.0171433617326,91.0168472675493,98.3615148114936,103.39512060984,95.4524722891542,91.6945691542659,94.584547795047,87.6495109413983,91.0461943426358,98.6512478045887,79.8842613926812,72.6828570315785,74.9941707712829,96.071842895451,90.1684610715779,80.2344593239455,76.6282220498221,87.1889528247868,89.0736749845855,99.7653310888718,81.2265066730373,78.9076983155087,82.0307154923107,80.3179441382171,88.5645922087491,101.457781111392,73.5219924134642
91.81087088248,80.5945817586173,7.36128152041579,5.51463487516583,8.50836306931012,6.07200676159914,16.5570133045637,4.21423133978055,3.10016928078517,70.1854970188136,6.82920365500411,8.68459807155693,86.6686352844989,11.2929801142061,15.0728284745585,6.07067264143075,7.40848635588361,6.12512317990218,6.18864951138596,4.243408301724,5.029953260414,7.99186146562965,11.6100508976543,16.2823875780224,5.00924048267814,24.3402659378031,6.32297284283879,8.17921698998305,15.444068447999,25.7431196745573
5.96975457723772,8.95463161134705,6.96470836411027,4.97479528784754,5.96975435221793,3.97983623336177,6.96471342572431,3.97983622968786,2.984877171726,4.97479540432312,3.97983624685048,3.97983623690106,3.97983630803424,9.94959057420328,8.95463152708294,4.97479528711858,6.96471340187782,5.9697543431995,5.96975434380079,3.97983623044274,4.97479528586143,7.95967245695249,5.96975434898968,5.96975435217223,4.97479528569613,3.97983627064968,4.97479529065629,7.95967245784288,3.97983624488154,2.98487719312811
5.96975434255978,8.95463151383967,6.96470836183403,4.97479528546648,5.96975434255978,3.97983622837319,6.96471339965308,3.97983622837319,2.98487717127989,4.97479528546648,3.97983622837319,3.97983622837319,3.97983622837319,9.94959057093297,8.95463151383967,4.97479528546648,6.96471339965308,5.96975434255978,5.96975434255978,3.97983622837319,4.97479528546648,7.95967245674638,5.96975434255978,5.96975434255978,4.97479528546648,3.97983622837319,4.97479528546648,7.95967245674638,3.97983622837319,2.98487717127989
5.96975434255978,8.95463151383967,6.96470836183403,4.97479528546648,5.96975434255978,3.97983622837319,6.96471339965308,3.97983622837319,2.98487717127989,4.97479528546648,3.97983622837319,3.97983622837319,3.97983622837319,9.94959057093297,8.95463151383967,4.97479528546648,6.96471339965308,5.96975434255978,5.96975434255978,3.97983622837319,4.97479528546648,7.95967245674638,5.96975434255978,5.96975434255978,4.97479528546648,3.97983622837319,4.97479528546648,7.95967245674638,3.97983622837319,2.98487717127989
5.96975434255978,8.95463151383967,6.96470836183403,4.97479528546648,5.96975434255978,3.97983622837319,6.96471339965308,3.97983622837319,2.98487717127989,4.97479528546648,3.97983622837319,3.97983622837319,3.97983622837319,9.94959057093297,8.95463151383967,4.97479528546648,6.96471339965308,5.96975434255978,5.96975434255978,3.97983622837319,4.97479528546648,7.95967245674638,5.96975434255978,5.96975434255978,4.97479528546648,3.97983622837319,4.97479528546648,7.95967245674638,3.97983622837319,2.98487717127989
5.96975434255978,8.95463151383967,6.96470836183403,4.97479528546648,5.96975434255978,3.97983622837319,6.96471339965308,3.97983622837319,2.98487717127989,4.97479528546648,3.97983622837319,3.97983622837319,3.97983622837319,9.94959057093297,8.95463151383967,4.97479528546648,6.96471339965308,5.96975434255978,5.96975434255978,3.97983622837319,4.97479528546648,7.95967245674638,5.96975434255978,5.96975434255978,4.97479528546648,3.97983622837319,4.97479528546648,7.95967245674638,3.97983622837319,2.98487717127989
5.96975434255978,8.95463151383967,6.96470836183403,4.97479528546648,5.96975434255978,3.97983622837319,6.96471339965308,3.97983622837319,2.98487717127989,4.97479528546648,3.97983622837319,3.97983622837319,3.97983622837319,9.94959057093297,8.95463151383967,4.97479528546648,6.96471339965308,5.96975434255978,5.96975434255978,3.97983622837319,4.97479528546648,7.95967245674638,5.96975434255978,5.96975434255978,4.97479528546648,3.97983622837319,4.97479528546648,7.95967245674638,3.97983622837319,2.98487717127989
5.96975434255978,8.95463151383967,6.96470836183391,4.97479528546648,5.96975434255978,3.97983622837319,6.96471339965308,3.97983622837319,2.98487717127989,4.97479528546648,3.97983622837319,3.97983622837319,3.97983622837319,9.94959057093297,8.95463151383967,4.97479528546648,6.96471339965308,5.96975434255978,5.96975434255978,3.97983622837319,4.97479528546648,7.95967245674638,5.96975434255978,5.96975434255978,4.97479528546648,3.97983622837319,4.97479528546648,7.95967245674638,3.97983622837319,2.98487717127989
5.96975434255978,8.95463151383967,6.96470836183391,4.97479528546648,5.96975434255978,3.97983622837319,6.96471339965308,3.97983622837319,2.98487717127989,4.97479528546648,3.97983622837319,3.97983622837319,3.97983622837319,9.94959057093297,8.95463151383967,4.97479528546648,6.96471339965308,5.96975434255978,5.96975434255978,3.97983622837319,4.97479528546648,7.95967245674638,5.96975434255978,5.96975434255978,4.97479528546648,3.97983622837319,4.97479528546648,7.95967245674638,3.97983622837319,2.98487717127989
5.96975434255978,8.95463151383967,6.96470836183391,4.97479528546648,5.96975434255978,3.97983622837319,6.96471339965308,3.97983622837319,2.98487717127989,4.97479528546648,3.97983622837319,3.97983622837319,3.97983622837319,9.94959057093297,8.95463151383967,4.97479528546648,6.96471339965308,5.96975434255978,5.96975434255978,3.97983622837319,4.97479528546648,7.95967245674638,5.96975434255978,5.96975434255978,4.97479528546648,3.97983622837319,4.97479528546648,7.95967245674638,3.97983622837319,2.98487717127989
5.96975434255978,8.95463151383967,6.96470836183391,4.97479528546648,5.96975434255978,3.97983622837319,6.96471339965308,3.97983622837319,2.98487717127989,4.97479528546648,3.97983622837319,3.97983622837319,3.97983622837319,9.94959057093297,8.95463151383967,4.97479528546648,6.96471339965308,5.96975434255978,5.96975434255978,3.97983622837319,4.97479528546648,7.95967245674638,5.96975434255978,5.96975434255978,4.97479528546648,3.97983622837319,4.97479528546648,7.95967245674638,3.97983622837319,2.98487717127989
