244.225461945452,221.374629643919,255.000953100776,288.83872844332,298.099195711172,294.677981445811,262.088716267159,224.993379023553,246.295929236067,245.807202206962,247.522261432409,244.047393138512,264.557098878924,257.521393879056,240.393848636947,231.935216162496,279.259796898481,250.972933877684,247.066426265547,257.087163100932,217.600363898774,244.305626498309,234.553793725774,250.200020930195,238.63304878623,258.791210108453,232.639674889024,247.238974823705,260.141381105328,281.469367353659
244.225461945452,221.374629643919,241.659772142065,255.955245332481,283.019188405004,215.776687993268,254.968382511476,219.747654877,176.788671819388,224.222831796002,224.799726521563,244.047393138512,264.557098878924,230.404698140002,240.393848636947,176.177571750577,227.370707616557,229.023473917932,196.221158616839,237.371818562006,217.600363898774,244.305626498309,234.553793725774,250.200020930195,238.63304878623,217.317364906592,232.639674889024,247.238974823705,256.131328783177,232.406586640749
207.635371664151,220.070199954085,218.169109900341,255.955245332481,235.697002878011,156.304774622268,213.020726426435,211.248812874795,176.788671819388,202.211318924303,218.452450970058,244.047393138512,218.203210187348,230.404698140002,219.821281241851,176.177571750577,197.475136136539,217.906563131184,195.042290614506,237.371818562006,217.600363898774,210.250146177575,231.77209372856,242.211320826326,227.701020307195,195.825453412511,228.247128841905,221.831322742478,217.770674678132,188.627777211287
207.635371664151,211.27222507806,187.605130864307,229.068581801167,186.294914579744,156.304774622268,213.020726426435,191.400635468303,176.788671819388,202.211318924303,212.787286961053,244.047393138512,199.102595047599,225.546092754994,195.68621367505,176.177571750577,197.475136136539,211.190977796286,195.042290614506,212.284668338799,202.527302857677,193.49381192557,231.77209372856,200.949716507488,211.382538277169,195.825453412511,184.373331152949,212.665368372503,199.195782705153,188.627777211287
184.171054144886,211.27222507806,187.605130864307,171.764331829225,186.294914579744,156.304774622268,213.020726426435,188.075218226248,176.788671819388,190.325226859822,183.089257468351,170.588131592835,177.440055016693,197.821030031648,195.68621367505,174.305081551114,184.491082938805,182.080360880586,195.042290614506,185.575676609666,173.096956778397,186.130314584024,180.256901751358,179.058115692106,190.718389295135,157.16256312095,184.373331152949,191.018208566225,157.766959584863,168.951359683585
174.358619416866,169.463619153629,172.209851836716,171.764331829225,151.498017800366,156.304774622268,180.351662578222,158.977843431644,161.35069116489,155.460988731425,172.491306097397,170.588131592835,162.385014055741,173.768670036563,169.352123626286,153.596586973484,145.767837030586,163.492938109722,174.009819889442,185.575676609666,173.096956778397,146.072912418492,178.099864614773,150.071875882472,160.303207601924,157.16256312095,179.990507798723,174.508612871025,157.766959584863,164.242514873575
128.692520709092,147.502711706234,133.495396108673,141.386083113381,136.327952633147,121.841471439483,145.795242296393,146.810618169035,137.762940431763,137.099630259257,144.736029139544,133.105128228808,112.063752725986,134.829903178676,131.842350662294,128.063286893676,100.001190678093,140.444324462026,102.921637772357,123.385319500622,137.752553714514,135.787495302472,135.720014712663,131.970899103994,120.508796228918,119.93377829643,133.832312780859,119.826272174304,154.280216686296,134.793885710773
118.387085756109,122.223584116588,108.943333340842,118.423004939293,102.600977101681,111.418357303465,120.003580779741,109.435315253317,117.156694498687,115.580782220752,112.522698510023,117.150700612575,112.063752725986,106.789020372806,117.011775566128,106.368396691732,100.001190678093,126.421990527174,102.921637772357,100.71637100039,124.15936948084,109.05738487652,120.606185024486,112.770092628159,119.803219874067,110.895572260384,132.382304650632,101.459966073264,122.331113354707,109.520106511764
97.3295354777196,113.073759756765,108.943333340842,104.491759541385,102.600977101681,111.407077643424,103.39512060984,109.435315253317,99.0201094774333,110.891835851985,108.909679052739,99.3504152959788,104.720414447822,96.364351676219,107.995934216031,74.9941707712829,100.001190678093,90.1684610715779,101.339735127992,100.71637100039,87.1889528247868,102.633501335933,114.196570041756,87.4126869806463,118.494886407879,109.600147258223,80.3179441382171,88.5645922087491,103.273034696303,109.520106511764
97.3295354777196,93.3744475259554,96.0871483464093,94.0171433617326,99.5332153255717,98.3615148114936,103.39512060984,95.4524722891542,91.6945691542659,94.584547795047,87.6495109413983,95.8430485367734,98.6512478045887,79.8842613926812,72.6828570315785,74.9941707712829,96.071842895451,90.1684610715779,80.2344593239455,76.6282220498221,87.1889528247868,93.4080035837451,99.7653310888718,81.2265066730373,94.1977801190297,82.0307154923107,80.3179441382171,88.5645922087491,101.457781111392,73.5219924134642
91.81087088248,80.5945817586173,7.36128152041579,5.51463487516583,8.50836306931012,6.07200676159914,16.5570133045637,4.21423133978055,3.10016928078517,70.1854970188136,6.82920365500411,8.68459807155693,86.6686352844989,11.2929801142061,15.0728284745585,6.07067264143075,7.40848635588361,6.12512317990218,6.18864951138596,4.243408301724,5.029953260414,7.99186146562965,11.6100508976543,16.2823875780224,5.00924048267814,24.3402659378031,6.32297284283879,8.17921698998305,15.444068447999,25.7431196745573
5.96975889346186,8.95463260209021,6.96470839995436,4.97479536343258,5.96975500121482,3.97983648368393,6.96471398905737,3.97983627021961,2.9848771904766,4.9747972207432,3.97983682243114,3.97983661999376,3.97983967661514,9.94959068083256,8.95463198836558,4.97479533130502,6.96471345042335,5.96975436768537,5.96975437483479,3.97983625272116,4.97479529439181,7.95967246273244,5.96975456457938,5.96975464658226,4.97479529293173,3.97983699718873,4.97479540186771,7.95967247325166,3.97983682896461,2.98487799029817
5.96975434255978,8.95463151383967,6.96470836183403,4.97479528546648,5.96975434255978,3.97983622837319,6.96471339965308,3.97983622837319,2.98487717127989,4.97479528546648,3.97983622837319,3.97983622837319,3.97983622837319,9.94959057093297,8.95463151383967,4.97479528546648,6.96471339965308,5.96975434255978,5.96975434255978,3.97983622837319,4.97479528546648,7.95967245674638,5.96975434255978,5.96975434255978,4.97479528546648,3.97983622837319,4.97479528546648,7.95967245674638,3.97983622837319,2.98487717127989
5.96975434255978,8.95463151383967,6.96470836183403,4.97479528546648,5.96975434255978,3.97983622837319,6.96471339965308,3.97983622837319,2.98487717127989,4.97479528546648,3.97983622837319,3.97983622837319,3.97983622837319,9.94959057093297,8.95463151383967,4.97479528546648,6.96471339965308,5.96975434255978,5.96975434255978,3.97983622837319,4.97479528546648,7.95967245674638,5.96975434255978,5.96975434255978,4.97479528546648,3.97983622837319,4.97479528546648,7.95967245674638,3.97983622837319,2.98487717127989
5.96975434255978,8.95463151383967,6.96470836183403,4.97479528546648,5.96975434255978,3.97983622837319,6.96471339965308,3.97983622837319,2.98487717127989,4.97479528546648,3.97983622837319,3.97983622837319,3.97983622837319,9.94959057093297,8.95463151383967,4.97479528546648,6.96471339965308,5.96975434255978,5.96975434255978,3.97983622837319,4.97479528546648,7.95967245674638,5.96975434255978,5.96975434255978,4.97479528546648,3.97983622837319,4.97479528546648,7.95967245674638,3.97983622837319,2.98487717127989
5.96975434255978,8.95463151383967,6.96470836183391,4.97479528546648,5.96975434255978,3.97983622837319,6.96471339965308,3.97983622837319,2.98487717127989,4.97479528546648,3.97983622837319,3.97983622837319,3.97983622837319,9.94959057093297,8.95463151383967,4.97479528546648,6.96471339965308,5.96975434255978,5.96975434255978,3.97983622837319,4.97479528546648,7.95967245674638,5.96975434255978,5.96975434255978,4.97479528546648,3.97983622837319,4.97479528546648,7.95967245674638,3.97983622837319,2.98487717127989
