8623.10771816735,4850.09221530747,8463.12969540077,9006.23656130083,6483.20158938337,7770.8814956198,8727.76006686293,9500.25036656216,10747.3760564581,4650.75124764571,9018.24754193452,8781.28786131252,6562.0677430564,10029.503785159,4674.51246211342,7757.02939361668,9119.33931512635,6621.98680983649,6953.00649289899,4321.19567444324,4440.54893452386,4154.62844557056,6355.70297090959,6530.81848748979,8890.91665218673,7671.20233459258,5673.7407174427,7429.53857306153,9327.63250744027,7209.20977539308
8623.10771816735,4850.09221530747,6622.6124185927,8627.91814532149,6483.20158938337,7770.8814956198,7107.96188508456,8905.95533216318,6162.62171850831,3977.8892911289,5161.13347107593,8716.19623270312,6562.0677430564,5560.64160692899,4674.51246211342,5516.40333651156,7824.13553865971,6621.98680983649,6953.00649289899,4321.19567444324,4440.54893452386,4154.62844557056,4033.58330536633,6530.81848748979,7088.55263346558,6812.09580823978,5673.7407174427,6928.49887748747,7497.00407275558,7209.20977539308
5705.5269079376,3895.2463140299,6385.22803526188,7997.05274581046,6483.20158938337,4145.08931268679,5810.22699093564,7523.07386240765,6162.62171850831,3158.47932808555,4588.19379690919,6099.29599985571,6562.0677430564,3389.87118500863,4674.51246211342,5516.40333651156,5507.02072068754,5295.73729558436,3648.10471554994,4321.19567444324,4440.54893452386,4154.62844557056,4033.58330536633,5739.1061214608,5186.6929319453,6551.47688750625,5673.7407174427,6804.72642847108,5771.65099369624,4930.84965312814
2912.79077921407,3895.2463140299,3435.28402799254,2821.88106946444,4492.74582330643,4145.08931268679,3993.25645124223,5360.81034213296,3989.32897704286,3158.47932808555,4342.43434793084,3733.06809405534,1593.1512141207,3389.87118500863,4002.8823613732,4725.4128759439,4945.29674243569,3976.93381075206,3648.10471554994,4321.19567444324,4440.54893452386,4154.62844557056,4033.58330536633,3903.94092310159,5186.6929319453,3636.6696326285,5495.03521511645,4779.63085486525,4512.76818586238,4930.84965312814
2469.72551619102,958.212004153085,3435.28402799254,2534.4862977558,2294.75626823097,2263.07982890802,3302.64251637112,2789.62414918131,2932.84611588958,2698.95554014134,4342.43434793084,1937.85531027511,1593.1512141207,2940.8454807607,2957.66036576552,3212.37773583878,3613.85632176088,3976.93381075206,1023.19502728319,2265.39974184505,2100.93462288241,2429.9768840888,4033.58330536633,2139.44090643776,2505.96880612917,2414.63417155294,2665.40795203235,3046.79056442108,3092.79404771014,4930.84965312814
1755.06709944441,958.212004153085,2119.89624325909,1284.76064043342,2108.99118248176,1026.80609719205,1130.50199428785,710.565088850577,1734.65114059869,2267.9715610862,1852.40983140069,1112.20836130633,1593.1512141207,1785.88826612283,2280.64488444504,1188.20028577795,2678.80214870439,2097.48370273854,745.552151886897,1083.05796833309,1128.06121809101,1306.38250087022,1510.03433299745,1313.13031386103,1660.17248364439,1743.7608641429,1933.38407334036,1268.04556831669,601.052070337557,2260.7400778106
440.234031497301,141.087138035171,164.146477796041,532.795555222305,330.070547997519,302.219028152571,205.783794372006,357.42676906262,325.934068888745,250.145478828398,454.955347668488,433.921584232897,135.573067766395,329.554482354914,413.789193663703,360.66866525329,844.321193024141,455.869696996237,237.363884101733,213.838419243099,200.145254932125,289.594357790108,243.073379406139,395.812186358957,552.382587142659,441.763963908341,395.254963692243,347.927171441682,270.161341151764,696.172988538615
27.573190211384,35.4612228019483,29.6346849504986,38.1786548581456,10.3058917398406,68.3401523983589,37.978931127692,42.5141126055012,36.6105313551111,38.1086772217643,67.1212283215243,26.089469580636,26.9226047214704,54.6089550371445,59.5873163257814,49.392146145763,55.6290066389013,40.7332793991283,50.9255293660381,20.4510886834083,26.5864539821886,53.0930645543735,20.6278540408764,32.6156003822346,92.0311093892271,62.5150957829945,50.7383565660557,29.6897730152506,23.2076403675638,82.6050720194188
3.66785235973794,2.61594603694425,3.23469468359622,1.70616637022317,2.66631569477693,2.0953197550698,2.39913572688295,4.24034239204332,3.690886538678,3.58091694732889,2.98147666842306,2.02614817297172,3.09072281312569,3.16085020722267,2.23226688076625,2.88727703358211,4.06149806074689,4.1972600097273,2.54800524337202,2.40147997962617,2.45573123752604,3.9249190447,2.48817512409914,1.76677911975526,3.05559113791571,2.82829977904942,3.36287284586626,2.51229686926388,2.6636623897648,3.20542726673887
0.24888704397631,0.111861933782052,0.132806632784082,0.158807525128054,0.209906238219787,0.109051010078929,0.169937956638478,0.17310668532275,0.222079595660034,0.165214622391318,0.176320198765325,0.132176155136676,0.115085527670544,0.278790807873747,0.114742098151851,0.268878511481148,0.244268268874521,0.361208648470097,0.197355102031111,0.135435063517207,0.167770122283969,0.128277945423633,0.175301031240451,0.169258068406066,0.241842464961792,0.178324645693124,0.220806368213402,0.110160377123748,0.072822621451337,0.413169156683807
1.00516965630959e-05,1.10826114223528e-05,1.08418761328721e-05,1.50402250937987e-05,1.48324841120484e-05,9.71472809396801e-06,6.90984211360046e-06,1.08772976545879e-05,1.12380532755196e-05,1.0789347697937e-05,1.4418342288991e-05,4.97657799769513e-06,1.75326464386671e-05,9.9979275773876e-06,1.04147621868833e-05,1.47443588502938e-05,1.62750990284621e-05,2.49422229217089e-05,7.0114224399731e-06,7.49080595596752e-06,1.31728181713697e-05,8.3172265021858e-06,1.26507704862888e-05,1.49986339010866e-05,9.55901691668259e-06,1.3780065046376e-05,1.28941164803109e-05,8.93488663677999e-06,5.02436398619466e-06,3.53004974158466e-05
2.27373675443232e-12,1.13686837721616e-12,1.59161572810262e-12,2.04636307898909e-12,1.93267624126747e-12,1.93267624126747e-12,1.93267624126747e-12,3.18323145620525e-12,1.93267624126747e-12,9.09494701772928e-13,1.81898940354586e-12,1.02318153949454e-12,1.93267624126747e-12,2.1600499167107e-12,1.59161572810262e-12,1.81898940354586e-12,2.8421709430404e-12,6.48014975013211e-12,2.1600499167107e-12,4.20641299569979e-12,2.8421709430404e-12,1.93267624126747e-12,3.06954461848363e-12,2.27373675443232e-12,4.88853402202949e-12,2.61479726759717e-12,3.5242919693701e-12,1.36424205265939e-12,1.13686837721616e-12,5.00222085975111e-12
0,0,0,0,0,0,0,0,0,0,0,0,0,0,0,0,0,0,0,0,0,0,0,0,0,0,0,0,0,0
0,0,0,0,0,0,0,0,0,0,0,0,0,0,0,0,0,0,0,0,0,0,0,0,0,0,0,0,0,0
0,0,0,0,0,0,0,0,0,0,0,0,0,0,0,0,0,0,0,0,0,0,0,0,0,0,0,0,0,0
0,0,0,0,0,0,0,0,0,0,0,0,0,0,0,0,0,0,0,0,0,0,0,0,0,0,0,0,0,0
