494.965309691327,485.514135385945,610.112623482858,422.024987688364,426.937992077552,495.77772958506,449.898410392211,435.261958580669,431.823890619368,384.469048547603,437.09356535996,269.312229837923,256.358009830041,211.588693143842,615.952401919484,466.254820610668,354.954623632065,399.439303089988,427.977630671166,582.202975124485,514.134349188159,267.623481709914,472.515252416865,435.338321348162,338.700640750761,446.981647236845,404.203048959887,296.733715313057,582.895646444901,420.26321133707
494.965309691327,377.732651637418,610.112623482858,422.024987688364,356.730033768536,429.134759670354,325.635153510882,435.261958580669,431.823890619368,384.469048547603,437.09356535996,269.312229837923,256.358009830041,211.588693143842,492.234336997979,466.254820610668,351.894647260237,399.439303089988,427.543034679764,582.202975124485,514.134349188159,267.623481709914,472.515252416865,435.338321348162,338.700640750761,446.981647236845,363.828589310482,267.015396193227,432.016797567212,420.26321133707
494.965309691327,235.389909093441,610.112623482858,422.024987688364,319.096719957318,385.513505045981,325.635153510882,435.261958580669,284.389977957406,384.469048547603,437.09356535996,269.312229837923,256.358009830041,211.588693143842,492.234336997979,466.254820610668,351.894647260237,240.545279205434,427.543034679764,522.596305911751,514.134349188159,267.623481709914,472.515252416865,435.338321348162,338.700640750761,446.981647236845,363.828589310482,267.015396193227,359.725889435171,420.26321133707
380.948627357522,235.389909093441,474.50850030495,397.529726451352,268.267022952443,385.513505045981,325.635153510882,435.261958580669,212.453620149422,384.469048547603,401.839440307971,269.312229837923,256.358009830041,211.588693143842,492.234336997979,466.254820610668,351.894647260237,240.545279205434,427.543034679764,496.966313645165,508.617680915736,267.623481709914,472.515252416865,430.128863640134,338.700640750761,338.758327546325,294.44412435315,267.015396193227,324.293537171161,260.563728412869
266.559946257554,235.389909093441,299.489448860554,355.085323401517,268.267022952443,308.766942268348,325.635153510882,435.261958580669,212.453620149422,312.548369576872,219.519799553991,269.312229837923,256.358009830041,211.588693143842,295.305618837858,466.254820610668,351.894647260237,194.382167899764,263.94148358055,207.449443339793,333.100832743872,267.623481709914,307.838698084555,370.261328543228,338.700640750761,338.758327546325,294.44412435315,267.015396193227,324.293537171161,260.563728412869
266.559946257554,176.390296455649,275.193723948508,355.085323401517,268.267022952443,252.713885987983,316.765122898703,310.312494160631,203.802579015184,249.35427750269,219.519799553991,269.312229837923,256.358009830041,211.588693143842,236.42631311519,417.432754405546,329.055771345216,194.382167899764,263.94148358055,207.449443339793,303.968204793878,267.623481709914,307.838698084555,333.335469175944,338.700640750761,338.758327546325,294.44412435315,267.015396193227,324.293537171161,260.563728412869
226.118356658665,162.767462987227,247.933717701088,312.180890139384,258.580662452515,230.660552782962,226.24971643983,212.691352095794,168.890732529343,224.159361519062,219.519799553991,236.665287930418,256.358009830041,205.825591261779,169.373336595639,236.368539891584,329.055771345216,171.190667095243,252.906451197034,207.449443339793,236.999982147806,249.037104148837,233.280174454515,188.660359647254,183.651491168661,150.834233815488,294.44412435315,253.650184003612,196.531475993179,158.082708080541
169.434820858989,162.767462987227,145.902275881838,212.213077856957,167.998893195271,159.542335353303,164.515833429261,157.841750145752,168.890732529343,208.793132436938,182.980746835431,178.293448457527,232.359187070798,205.485907700744,169.373336595639,180.594538478279,164.917162223165,162.313327774922,156.126541529004,207.449443339793,176.916009709661,195.258122124478,157.556224436988,180.731236661982,183.651491168661,150.834233815488,203.287578602869,148.369846033183,196.531475993179,158.082708080541
146.268921793268,145.384313210829,145.902275881838,130.433226324643,121.272211377944,136.617610493222,117.616496965742,106.957917604042,120.655092074991,120.396178016437,121.787826784922,125.504114964877,173.672501669793,145.161895629036,123.124377432974,131.207922871453,162.171194157394,157.459881018572,138.417385882032,151.150592324671,115.800696973832,140.043156577171,121.17553545564,150.376012514471,112.465862872082,112.971394176231,143.844253589943,135.468444056851,123.787760223175,145.27986844631
77.0251957780588,97.7043802134635,118.820371104063,97.2227703661047,97.4899162129736,92.2584140894051,100.24267274138,106.957917604042,105.279126504803,96.6707061051984,113.739124397752,99.605790361506,121.966642661292,99.9287493517786,86.3399878790028,110.589559738588,126.722999739406,91.7468283138496,125.335053152084,106.568129316441,91.8632430584435,122.202201503091,112.129303513481,105.055839009846,100.708952806469,92.5141042404416,106.381493805397,100.01351379613,97.9240589382262,108.874074206689
77.0251957780588,67.2013169380921,66.3810053132779,51.6433582428117,78.3854521602361,78.6887652170567,75.1013357573793,87.3157485344927,76.797989413285,87.5369882101481,63.7100378455061,90.4172324171882,69.2058843345576,86.1101335661215,74.0762096069066,100.514394651612,81.4747704672709,78.4873881275917,44.5184846460686,79.3376148199723,84.815171449904,76.5196082847879,35.7243342071406,81.3705430404689,39.2742450105754,67.8078928282243,76.2055170457588,81.9041760192149,75.8015504648874,38.052746383212
58.333048611521,54.317178244778,14.9700990178628,7.52898960862331,62.7831483656109,58.7337265579786,56.3175204918543,33.3016444102748,23.1976557332205,24.9346853791403,52.8407129920074,29.9809942862291,7.15841844682473,31.5781112716709,56.8257136800275,21.2601938329567,64.9222168542474,29.2341720655927,26.6828353523342,66.383829894387,32.7365805107859,62.4807295059604,4.51884421954583,54.7049621475185,23.2748562222259,64.3891838085865,62.8444699493189,27.0135413753721,61.1083643160082,23.4536860274757
58.333048611521,52.5921673950807,0.330459190219926,1.31222496633268,60.6377445073513,50.5313306181383,53.1729723505823,21.6778946406419,21.3151380731217,22.0705808027199,40.5444768164164,21.505747331729,0.632884830298053,20.9041662383813,24.9780618160762,0.340297271631016,55.3477258096405,20.5517743150237,22.1373245518505,54.4478365519572,21.9690278246417,55.0258763327174,0.315929889890413,54.7049621475185,22.1427678321302,53.3960410641166,56.7671171882198,21.8567118218577,46.027752927451,0.0288952010087087
51.5671401283757,47.9425179116736,0.312173305856504,1.3071323271904,51.2922752691256,50.5313306181383,49.5497870094609,21.4770807627872,21.1984471968772,20.2142033914379,40.5444768164164,20.7347912933105,0.624346526009049,20.8472945258686,21.5772075791951,0.312173327891287,55.3477258096405,20.1688103838032,21.9423811400159,43.9303510985642,21.1450805975999,23.3320694592328,0.312173271104939,51.426927543288,5.14541268330504e-05,49.7420229802747,49.8533151642819,21.8153569147917,46.027752927451,2.21109530684771e-08
39.3750758444098,44.4144109648641,0.312173257513905,1.30713231548634,45.904604928294,45.5282978162202,37.3336971263325,21.3813365274927,20.9164084791735,20.1043132068264,40.5444768164164,20.6190661685239,0.624346513078763,20.7770585282872,21.4975156984237,0.312173258663506,49.2917190446219,20.0499465084085,21.6825466220732,43.9303510985642,21.1450805975999,20.7673200864656,0.312173257576433,46.1260236986091,4.04247657570522e-09,43.6537370997382,44.5339975291904,21.7678647795931,46.027752927451,1.89425009011757e-09
22.3027358813902,19.9895616107926,0.312173256529377,1.30713231390018,22.6140043259322,22.6150171583558,23.2468547696578,21.2567897731892,20.0003213151995,20.0001253800076,24.6306754421919,20.3128356607938,0.624346512051943,20.6246453233236,21.307057285607,0.312173257120776,21.9903038014345,19.9233415206406,20.3120170797879,26.9648127739597,19.9984883995078,20.6226607787967,0.312173256693995,19.9952241549988,1.72826730704401e-09,21.3083145598021,21.6200538701851,21.6197799757897,22.6144844323776,7.61929186410271e-10
