47.3102783837116,54.7475020064489,85.399729984747,89.1298037129795,61.3241801504755,57.868946446999,60.1329134181547,73.032161333073,69.612609528243,58.9441637991576,63.8627431685463,68.5424912903377,64.6226797004178,51.8643515093509,59.282630164912,58.7739505419377,94.8933286733777,80.9040411905021,73.4107335646313,61.4131309430359,52.2949988764321,76.2294145130313,53.723190174529,56.6001375026717,71.6407309273677,81.0054107849264,63.6708527413007,80.895828719249,67.142648957938,65.5222010721623
44.1250597540325,39.2166234012166,45.7422937914043,45.1889650235662,42.059269270505,39.2466431483308,40.638285145902,39.3241304103976,35.8610137502551,40.432980086603,40.5605724406842,48.8126342853943,43.0497708574012,37.7611096363044,38.2102211659949,39.7540489472231,46.2782523893065,46.2440768450633,52.5170863925864,35.1168206896468,37.1256290211509,43.1382102578227,45.0928614810337,42.5592824278269,43.5204013505681,36.7655223375282,44.4247102827007,42.095025909895,39.6301068987764,37.5979167531564
42.1451705772397,39.2166234012166,39.6631530928316,34.5665625079623,37.1824809934769,35.4374283828861,40.638285145902,39.3241304103976,35.8610137502551,35.8623896742097,35.674996274568,37.5551612900126,43.0497708574012,37.7611096363044,38.2102211659949,39.7540489472231,33.5671540330641,36.0528992626764,36.6586590807105,35.1168206896468,37.1256290211509,40.4226292892936,44.305806150498,37.0073212457237,41.5628624651658,36.7655223375282,38.2518112148364,42.095025909895,38.9575457649162,37.5979167531564
35.8025402718208,35.1565994338303,38.8503123320306,33.2787988635282,27.6545642537708,34.9760867425593,36.4152207899415,39.3241304103976,35.8610137502551,30.9584865957618,34.2210139098993,28.4797723464908,39.3039580305899,37.7611096363044,38.2102211659949,39.7540489472231,29.8861517680425,32.3944668093177,35.0573981189946,35.1168206896468,27.699961111849,31.0472512981032,35.2475595064975,31.1359088711824,35.2164847352969,33.403724749704,32.8707598289075,42.095025909895,33.7761071581936,29.2854519707598
34.0063268051199,34.0246304924549,31.063094872623,30.8109563099561,27.1969322596992,31.9465034408208,30.6967407683196,35.2291894623813,28.1368538918587,27.148553274908,31.9288105391979,26.4920082594549,35.4256166525793,35.2912337290436,33.3565663675654,26.2995535942473,27.5973740908121,30.7164216359847,32.4975823121135,28.4553432575603,26.9258713697782,25.2813471447716,32.3149751840933,31.1359088711824,30.2654015132398,26.4868885997721,30.1313571641876,28.1608386106896,31.6433446917845,26.4338778949809
27.6302420867551,30.0649370680949,29.3387286400111,30.8109563099561,25.8513023848918,31.57694133104,28.6916454671109,30.8753649873015,24.5365793516853,26.5472161635503,30.1661507847948,25.9804657278596,33.9148144524024,32.7977788298854,30.8123526990112,25.5871020955415,26.4377327242132,28.5379070589511,30.077294820218,26.7536974655159,26.3519625872214,25.2813471447716,31.1060961176099,30.8344542809959,29.4059112586265,26.4868885997721,30.1200088155274,26.6359361641307,30.9808992694702,26.2970698157892
27.6302420867551,28.3309151936905,29.3387286400111,30.0421273258576,24.3959918929945,31.1582134124146,28.6916454671109,28.4389672703874,24.5365793516853,24.5782550204685,30.1661507847948,25.4675464769139,30.0810314826144,31.4325018072191,30.8123526990112,25.5871020955415,25.8619746846457,26.1890034269213,30.077294820218,25.805722558865,26.1704047306212,25.2813471447716,31.1060961176099,30.1545833620576,27.4065383034067,25.5844427479833,30.1200088155274,26.3901399638994,30.9808992694702,25.7396374229552
27.6302420867551,28.3309151936905,29.3387286400111,30.0421273258576,24.3959918929945,31.1582134124146,28.6916454671109,28.4389672703874,24.5365793516853,22.5376210122267,30.1661507847948,24.5589254928973,30.0810314826144,31.4325018072191,29.7742983714566,25.5383986305965,25.8619746846457,25.2581636805153,30.077294820218,24.7615464468849,26.1704047306212,24.7907007988874,30.1308729504481,30.1545833620576,27.4065383034067,25.5844427479833,30.1200088155274,25.546495065445,30.9808992694702,25.1829990739011
27.6302420867551,28.3309151936905,29.0559177130517,29.7881806163055,24.0194124014356,31.1582134124146,28.6916454671109,28.4389672703874,24.5365793516853,22.4696267954591,30.14080949648,23.6527340857547,29.2763213085941,30.6485248522145,29.30327148584,25.3722912669073,25.1551535391145,25.2581636805153,30.077294820218,24.7615464468849,26.1704047306212,24.738145592853,30.1308729504481,30.1545833620576,27.4065383034067,25.5844427479833,30.1200088155274,24.3891451921008,30.9808992694702,25.1829990739011
27.6302420867551,28.3309151936905,28.1782894258895,29.7881806163055,23.7756321489642,31.1582134124146,28.6916454671109,28.4389672703874,24.5365793516853,22.4696267954591,29.8049371834863,23.6527340857547,29.2763213085941,30.6485248522145,29.30327148584,24.8125289411646,24.8641386600066,25.2581636805153,30.077294820218,24.7615464468849,25.730440107041,24.005571065522,28.6388313137927,29.1395694276807,27.4065383034067,25.5844427479833,29.8213768330211,24.3495056025622,30.9808992694702,25.1829990739011
27.6302420867551,26.3988336365278,28.1782894258895,29.7881806163055,23.7756321489642,31.1582134124146,28.6916454671109,28.4389672703874,24.5365793516853,22.1314808469137,29.8049371834863,23.0178154865594,29.2763213085941,29.4856710130584,29.30327148584,24.5923641164259,24.8641386600066,25.2581636805153,30.077294820218,24.7615464468849,25.730440107041,24.005571065522,25.5824797311975,29.1395694276807,27.4065383034067,25.4775922090253,29.8213768330211,24.2094908544609,30.9808992694702,23.624409523733
27.6302420867551,14.4849182977814,28.1782894258895,29.4188631403404,23.6168655181273,30.2985992338809,28.6916454671109,28.4389672703874,24.5365793516853,20.6933282216719,29.8049371834863,23.0178154865594,29.2763213085941,29.4856710130584,29.30327148584,24.5923641164259,24.8641386600066,24.6869877721679,30.077294820218,24.6779657411248,25.5176232213512,23.1373185565531,25.5615426914092,28.8159595464131,27.4065383034067,25.4775922090253,27.1694360076972,23.7260136117643,30.9808992694702,23.624409523733
27.6302420867551,1.98748820391393,28.1782894258895,29.4188631403404,23.6168655181273,30.2985992338809,28.6916454671109,28.4389672703874,24.1957791307746,20.5132576105789,29.434636827667,23.0178154865594,28.7054434785937,29.4856710130584,29.30327148584,24.5923641164259,24.8641386600066,24.6379820997417,29.8667708691596,24.6779657411248,25.5176232213512,23.1373185565531,24.604566959591,28.8159595464131,27.4065383034067,24.9084449923944,27.1694360076972,21.0321844431428,30.0562781887506,23.624409523733
21.0123684295349,0.692449363025844,22.2025586295786,21.6775283455113,20.2835842214295,20.546214841077,20.9777456663633,21.3939937973655,20.8901921024421,20.3544487360286,22.4141099027165,20.3293106504389,21.1744559473841,20.8232760805286,21.3611174604534,21.0972799917045,21.1805679402523,20.4100979571185,21.3978926314699,20.6794332187155,21.1417670883798,20.4568060433235,20.3741513893565,21.2757275883137,20.4581661041648,20.8043667513075,21.6637913877039,20.7757431386613,21.0195714278984,20.4074755093056
