100.324622469593
215.557153671133
100.315196429236
1.89500382849792
100.328711908292
207.477997900359
100.312680985145
100.309982404061
100.29435638322
404.292497558651
211.23016798514
9.4862498572993
213.91065058693
217.293056866654
17.7137624420252
100.356050226581
214.494539293569
307.938895046125
100.389367363429
1.92616043489625
100.332238685019
100.326597922493
100.299256803557
214.477011219651
100.259945426133
100.329642558294
100.350318960372
212.464301029415
211.408986786124
100.337278020683
