4.57769749071713
3.84784821167705
0.393636730809703
3.50934339999912
4.74687150802811
3.64320185549104
2.745493217893
1.30783906010583
4.03976388013734
23.1443444410379
22.8486454580429
5.62027373762976
23.0756943585875
23.1126971641884
22.0268712778411
23.2876215612837
3.90966439541307
0.285506258947407
23.5180392289294
1.48407375267061
24.3805969374134
23.714030700919
0.0260319641979549
3.37319978198093
4.57636954000918
23.0504296373228
3.46566619174473
22.6626481427916
1.74213925539698
0.329974927238254
