3.1377567211166e-11
0.624099321643371
1.42895503344653
22.136717931766
1.13701420848111
2.02297572411044
0.994959058461518
0.624099321866424
1.98991811491101
20.941046502084
20.6428103939936
1.80081854975288
21.6815768433141
0.624099320600862
1.619058379232
0.994959057100232
0.624099320643836
0.994959057664346
0.624099320873484
0.624099322521261
1.9899181148337
0.624099322018992
1.6190583784844
0.680551114670152
21.025394541452
1.61905837876043
0.994959057206415
1.07206687971484e-09
26.3082697772049
1.23256748357926
