3.85423876067125
4.12289788984799
2.80327624133906
22.7480796220684
4.13721985858911
2.68842014598204
1.57774457716141
3.26264069845456
1.53859697440703
4.27190229468306
0.781507162886555
5.4823359821421
23.7644101815981
0.265497484122079
2.96283081173397
4.18090116391431
1.43097967466292
0.312680254652605
4.04235316690756
4.766407007608
20.9912932836837
24.3887704805884
4.56835473793808
3.79143022938752
14.6464379794256
0.791437256529207
2.91158892848716
22.7382614608618
4.79951597668469
3.91121936827631
