40.5727122796714,62.6193701338999,45.5939599530599,87.0250681645573,75.1079144987342,64.0982129855183,59.4767389372487,59.261172405821,74.9039355614468,84.7739569179041,70.8750149220289,73.9483774814836,62.2370652282312,72.8694356095657,63.9119163793458,58.6954360151851,51.4450050752311,72.92658779003,67.2352885773923,82.3034024987574,76.9204598789652,60.5448964591587,79.3675500838492,75.7049347815655,60.5216250082673,70.2971610955462,88.3454755355291,61.3839469739841,63.8988218577674,73.2267580114674
40.5727122796714,62.6193701338999,42.3339019913428,82.5580696607464,48.0526467895201,52.068696881907,59.4767389372487,54.3691406901548,73.1759752144832,72.0028897924415,46.6869071055391,62.3598483636624,62.2370652282312,72.8694356095657,57.2937920843772,48.3716006766997,51.4450050752311,70.8240575800819,67.2352885773923,81.0155325413527,67.9333805462298,57.8834306318026,46.2870536979069,62.6513793752368,55.1861471905269,70.2971610955462,88.3454755355291,54.3949539275785,61.7790769652242,55.3413379360921
40.5727122796714,62.6193701338999,33.456611759268,71.163988465118,38.7297937775281,52.068696881907,47.8001874458698,34.1218062643665,64.0909874743712,53.0963590725607,42.4337855678293,47.2404640169523,52.133519917996,72.8694356095657,38.3830579227121,48.3716006766997,38.1833698286908,61.7659649479914,57.8179160693198,59.0211043832214,61.826605001339,41.451011722804,46.2870536979069,57.3199165525576,55.1861471905269,55.8918216946774,66.7815386669965,54.3949539275785,50.3291549983121,43.6741657519314
40.5727122796714,42.3399751407773,31.0363048400909,50.0143053668126,32.4822386399418,30.9598083666549,44.3437729913311,33.5809672528671,43.8984839706783,34.6748148281225,32.8391164244317,42.7785746029074,38.8411219528485,46.5245795159929,31.3957330222344,26.1200174381877,38.1833698286908,58.3450630711504,57.8179160693198,43.1857671694164,35.1059989483883,20.5981375875258,44.1075702236373,37.5199567059976,52.6656159353358,49.0365728003297,40.6155127994685,37.7922628819672,37.123205844227,43.6741657519314
32.535431896713,23.0653260056658,13.9284719946639,44.5221115064321,17.0617059390471,27.5904024147022,18.4871657677977,22.4586665784747,31.3251289005157,21.4617248175845,25.9944842018651,21.199390296862,22.4138783651865,32.7391006439559,20.0378117276075,15.3715017927707,20.7477490051849,26.2333346246329,26.6238649307221,43.1857671694164,34.5275816677449,18.063859803395,24.159853186046,23.8953690918578,33.7663105520251,29.6024844456269,26.0048346757166,25.2496874761692,21.7875254347753,42.5820731816116
16.3424899597138,10.7004389317716,6.18038969872123,15.9004774457361,10.8421258655355,12.559666081715,17.2320999452437,10.3644870585844,16.3682332317404,11.4832353001349,13.0029143558062,11.8017162332956,10.4722175900193,32.7391006439559,8.49357348229421,12.6628350522165,11.0968308392783,25.270778167827,20.181867609598,25.2689178277514,31.6049010765054,6.41380765298834,16.7345140323096,8.50078323193657,17.8524674168776,14.8907052228744,20.5654457061073,21.4008605719613,4.90681602520146,18.0552809514045
4.96617694708505,6.04224881301889,4.10031456831496,5.5266158412395,2.93633450729897,6.56577415578965,4.40646091721328,4.92175004435444,10.2677320879935,7.13303014204428,6.81754233785637,3.38969736672266,6.34050969524958,27.5426117946701,3.97161831477183,5.36893036995707,3.22915598861528,13.0130138251617,6.51177994460068,16.5100998845146,8.0799768180982,5.10510897595805,3.77941928976168,4.00090441374778,9.60317224598873,4.85201346291126,7.53886035858341,9.3397866707063,2.7822883323422,4.96428033125562
1.29647537052233,1.30438514749653,0.983731269614395,1.35583806059913,1.31819526337927,1.37030246707525,1.69764533685225,0.949434830608652,5.17895465207732,1.04926898218878,0.83318455379208,0.601447514109964,1.22118617100944,9.90280145655333,1.11758958611517,1.15324544513987,1.10736872046016,2.00452884353695,1.17680633339626,8.27887770623909,4.22200539350331,1.11849359042947,1.15706155230453,0.924940823480597,2.3617910661477,1.58727952254219,3.96580007122725,5.54132547382358,1.41094680240701,1.75662302092087
0.439055030521217,0.368858874049693,0.254463897500727,0.343769558403324,0.247036701117509,0.257304320765343,0.400561376703308,0.234243570093327,1.4565893388384,0.217298900681726,0.247196978827105,0.197563075711628,0.208523957748298,1.27317740652063,0.197467472997801,0.182040679780812,0.132383128342326,0.229889798379304,0.322626488406399,1.98358104276758,1.44107353513391,0.152959667547407,0.276228391729205,0.240354840705322,1.14730596381162,0.404600540869183,0.769194300888216,1.44562458818564,0.293499087085934,0.223182729899349
0.0290233749377649,0.0201622248180229,0.0172121195982982,0.0266404373088562,0.0171199321400763,0.0210002739429456,0.0275763529127744,0.0179809522736605,0.300029202168389,0.022134538762657,0.0193387843293067,0.0131144374191763,0.0214503322441715,0.250497708144962,0.00932623130870525,0.0186370623885068,0.0214093169344096,0.0190051649832412,0.0191227963578058,0.347966568257789,0.324746190037445,0.0224908107343254,0.020707162304916,0.0214185152975688,0.212326616608152,0.0325681981386197,0.258027756440129,0.204713399471643,0.0176890219765937,0.0247597350900151
0.000655589647067245,0.000544161119364617,0.00046262849696177,0.000862950982650545,0.000490137297902038,0.000233520819165278,0.000772942576304558,0.000477180565326307,0.0291933763201087,0.000825890451437772,0.000410994303479129,0.000398098798086721,0.000543925066040174,0.0280629598768201,0.000246469061835342,0.000624199639446488,0.000313820647875218,0.000326769428511398,0.000853544030292142,0.0599887998529312,0.0417320761187057,0.000424173645455994,0.000483421682474727,0.000514664474167148,0.0225969347378623,0.000698882625897568,0.0216209809245811,0.029506772088439,0.000530873161210366,0.000857349381931272
6.62485717839445e-06,3.3663548038021e-06,7.5669640864362e-07,5.67904578474554e-06,3.5408207850196e-06,5.05337459344446e-06,3.28804799210047e-06,9.8410464488552e-07,0.000661129800278104,5.27229371982685e-06,4.23856124598387e-06,1.7880446421259e-06,1.04190701222251e-06,0.00089521010329463,1.84799989710882e-06,3.18666866405692e-06,2.61327534190059e-06,2.08343408303335e-06,4.44813463218452e-06,0.0015152399780618,0.00127877621002881,2.33329637921997e-06,2.34893468586961e-06,7.34646505406999e-06,0.000517788819138332,5.0390327714922e-06,0.000633410462000938,0.000793688852354535,6.96781296483096e-06,1.99126907318714e-06
6.35509422863834e-11,1.42250212320505e-06,1.83035808731802e-11,3.18323145620525e-11,7.29869498172775e-11,3.91082721762359e-11,4.53610482509248e-11,1.33013600134291e-11,1.72365645312311e-05,3.53566065314226e-11,5.93445292906836e-11,8.75388650456443e-12,2.09183781407773e-11,8.15777571006038e-06,1.37561073643155e-11,2.18278728425503e-11,5.28643795405515e-11,3.56456666850136e-07,3.9676706364844e-11,3.55632096216141e-05,8.56359770295967e-06,1.64845914696343e-11,1.68256519827992e-11,7.24185156286694e-11,1.29554532577458e-05,4.51336745754816e-11,3.75575825728447e-06,6.98901965279219e-06,5.55928636458702e-11,4.80895323562436e-11
1.13686837721616e-13,1.42189708185469e-06,0,1.13686837721616e-13,1.13686837721616e-13,1.13686837721616e-13,1.13686837721616e-13,1.13686837721616e-13,2.98334043691284e-07,1.13686837721616e-13,0,0,1.13686837721616e-13,2.83444853721448e-06,1.13686837721616e-13,1.13686837721616e-13,1.13686837721616e-13,3.55514657712774e-07,1.13686837721616e-13,2.28447106565e-07,1.45029684972542e-06,1.13686837721616e-13,0,1.13686837721616e-13,1.60336639964953e-07,0,1.43470242619514e-06,3.5545201626519e-07,1.13686837721616e-13,1.13686837721616e-13
0,1.13686837721616e-13,0,0,0,0,1.13686837721616e-13,1.13686837721616e-13,0,1.13686837721616e-13,0,0,0,0,0,0,0,1.13686837721616e-13,0,0,0,1.13686837721616e-13,0,0,0,0,0,0,1.13686837721616e-13,0
0,0,0,0,0,0,0,0,0,0,0,0,0,0,0,0,0,0,0,0,0,0,0,0,0,0,0,0,0,0
