32.8448414691126,49.0096777554407,50.6902454263295,60.1591290894957,33.5627298032996,53.9573655428023,52.2640567962253,43.7716066150102,49.3675375346656,35.9113425727046,36.4435616803964,44.7902264557421,46.3241648825996,53.8102716994284,55.7433163960027,48.1593053848642,46.6512527965062,29.2591564920558,48.1290376893228,49.0678245787965,52.750724951692,48.0338191896142,38.7497823806624,51.0911249931452,37.0248141037188,43.6271924363531,52.9816721112298,32.7576102218829,40.1727112596834,43.9029434019192
32.8448414691126,41.8368079970243,38.6166549723116,33.7252043057952,32.9707835075076,43.7535310782768,37.0544042692356,34.4603023469735,48.5887388144489,35.2949513942809,36.3575691994846,44.7902264557421,42.2305656993678,27.944604561319,38.5936770094868,42.1886325113195,26.6951753906002,29.2591564920558,29.1775681653971,44.5817203438645,38.2606638254484,43.0405540739097,38.7497823806624,38.3871706330333,37.0248141037188,35.1357139629015,36.0750400561076,32.7576102218829,33.9176646864004,35.6913844714572
32.8448414691126,36.2743460860593,38.6166549723116,33.7252043057952,32.9707835075076,34.1381080692066,37.0544042692356,28.541637256975,29.4345103375264,35.2949513942809,28.6063394658335,34.7529900684594,39.1150172568275,27.944604561319,37.130846860192,42.1886325113195,26.6951753906002,29.2591564920558,29.1775681653971,30.3842750379027,38.2606638254484,37.5104581211237,34.1788343327511,34.3489288862269,33.2614822370793,29.3269267531101,36.0750400561076,32.7576102218829,23.8088716558993,35.6913844714572
28.5688470807925,26.9159088159772,28.4410002657031,29.3490345463829,7.82804099192617,22.1825177530704,36.0664344458806,28.541637256975,29.4345103375264,35.2949513942809,25.9869893558208,34.6116522252493,25.4018618677652,27.944604561319,37.130846860192,36.5009020694564,26.0860616766996,29.2591564920558,25.5771359712357,30.3842750379027,38.2606638254484,36.6383621919841,29.401185853987,32.8988052482016,32.4877396950811,23.8284418878108,36.0750400561076,32.7576102218829,23.8088716558993,30.4188237670643
28.5688470807925,7.18093839730557,4.98320201315039,4.02119038677313,1.98992870037307,1.99000455566329,3.98212630534454,2.98558179308816,2.0776979460843,5.12289974200019,4.98156242636333,6.214915788079,4.97482683548571,4.97525427380288,6.77423739294261,1.99830535572664,4.01448802770437,0.0124109876804823,1.00788769423116,4.02011317060396,1.99399521347163,2.99435955508648,2.98624541973356,2.98513552926602,3.87355051174779,4.59331823068271,1.99318256279707,2.03368142229647,2.53218069753348,8.04916926156204
1.98991811447127,6.96471339965501,4.97479528546648,3.97983622837341,1.98991811418659,1.98991811418659,3.97983622837319,2.98487717127989,1.98991811418693,4.97479528546671,4.97479528546648,5.96975434256092,4.97479528546648,4.97479528546648,0.994959057105916,1.98991811418659,0.994959057101255,0,0.994959057093411,3.9798362283733,1.98991811418671,2.98487717127989,2.98487717127989,2.98487717127989,2.98487717128398,3.97983622837432,1.98991811418659,1.9899181141875,1.98991811418966,7.95966741892767
1.98991811418659,6.96471339965308,4.97479528546648,3.97983622837319,1.98991811418659,1.98991811418659,3.97983622837319,2.98487717127989,1.98991811418659,4.97479528546648,4.97479528546648,5.96975434255978,4.97479528546648,4.97479528546648,0.994959057093297,1.98991811418659,0.994959057093297,0,0.994959057093297,3.97983622837319,1.98991811418659,2.98487717127989,2.98487717127989,2.98487717127989,2.98487717127989,3.97983622837319,1.98991811418659,1.98991811418659,1.98991811418659,7.95966741892732
1.98991811418659,6.96471339965308,4.97479528546648,3.97983622837319,1.98991811418659,1.98991811418659,3.97983622837319,2.98487717127989,1.98991811418659,4.97479528546648,4.97479528546648,5.96975434255978,4.97479528546648,4.97479528546648,0.994959057093297,1.98991811418659,0.994959057093297,0,0.994959057093297,3.97983622837319,1.98991811418659,2.98487717127989,2.98487717127989,2.98487717127989,2.98487717127989,3.97983622837319,1.98991811418659,1.98991811418659,1.98991811418659,7.95966741892721
1.98991811418659,6.96471339965308,4.97479528546648,3.97983622837319,1.98991811418659,1.98991811418659,3.97983622837319,2.98487717127989,1.98991811418659,4.97479528546648,4.97479528546648,5.96975434255978,4.97479528546648,4.97479528546648,0.994959057093297,1.98991811418659,0.994959057093297,0,0.994959057093297,3.97983622837319,1.98991811418659,2.98487717127989,2.98487717127989,2.98487717127989,2.98487717127989,3.97983622837319,1.98991811418659,1.98991811418659,1.98991811418659,7.95966741892721
1.98991811418659,6.96471339965308,4.97479528546648,3.97983622837319,1.98991811418659,1.98991811418659,3.97983622837319,2.98487717127989,1.98991811418659,4.97479528546648,4.97479528546648,5.96975434255978,4.97479528546648,4.97479528546648,0.994959057093297,1.98991811418659,0.994959057093297,0,0.994959057093297,3.97983622837319,1.98991811418659,2.98487717127989,2.98487717127989,2.98487717127989,2.98487717127989,3.97983622837319,1.98991811418659,1.98991811418659,1.98991811418659,7.95966741892721
1.98991811418659,6.96471339965308,4.97479528546648,3.97983622837319,1.98991811418659,1.98991811418659,3.97983622837319,2.98487717127989,1.98991811418659,4.97479528546648,4.97479528546648,5.96975434255978,4.97479528546648,4.97479528546648,0.994959057093297,1.98991811418659,0.994959057093297,0,0.994959057093297,3.97983622837319,1.98991811418659,2.98487717127989,2.98487717127989,2.98487717127989,2.98487717127989,3.97983622837319,1.98991811418659,1.98991811418659,1.98991811418659,7.95966741892721
1.98991811418659,6.96471339965308,4.97479528546648,3.97983622837319,1.98991811418659,1.98991811418659,3.97983622837319,2.98487717127989,1.98991811418659,4.97479528546648,4.97479528546648,5.96975434255978,4.97479528546648,4.97479528546648,0.994959057093297,1.98991811418659,0.994959057093297,0,0.994959057093297,3.97983622837319,1.98991811418659,2.98487717127989,2.98487717127989,2.98487717127989,2.98487717127989,3.97983622837319,1.98991811418659,1.98991811418659,1.98991811418659,7.95966741892721
1.98991811418659,6.96471339965308,4.97479528546648,3.97983622837319,1.98991811418659,1.98991811418659,3.97983622837319,2.98487717127989,1.98991811418659,4.97479528546648,4.97479528546648,5.96975434255978,4.97479528546648,4.97479528546648,0.994959057093297,1.98991811418659,0.994959057093297,0,0.994959057093297,3.97983622837319,1.98991811418659,2.98487717127989,2.98487717127989,2.98487717127989,2.98487717127989,3.97983622837319,1.98991811418659,1.98991811418659,1.98991811418659,7.95966741892721
1.98991811418659,6.96471339965308,4.97479528546648,3.97983622837319,1.98991811418659,1.98991811418659,3.97983622837319,2.98487717127989,1.98991811418659,4.97479528546648,4.97479528546648,5.96975434255978,4.97479528546648,4.97479528546648,0.994959057093297,1.98991811418659,0.994959057093297,0,0.994959057093297,3.97983622837319,1.98991811418659,2.98487717127989,2.98487717127989,2.98487717127989,2.98487717127989,3.97983622837319,1.98991811418659,1.98991811418659,1.98991811418659,7.95966741892721
