1414.486890707,1215.33855063252,1364.72632824054,1531.00788857358,1435.50321894707,899.103264196441,2292.86941274679,1045.30833111612,798.920913827069,1075.25435408452,1522.69055285598,1955.01609806919,2032.14970082725,2151.12137655284,924.288891472353,1388.12931657602,645.540245490095,1389.56100468597,1267.75043375045,1339.3084650638,817.015822664858,2269.48773876837,2035.94825258233,819.431486622794,1531.75774048271,1427.63892838163,1070.66982666945,1316.60254410348,1144.12945927734,1737.14459743251
541.086408234125,1215.33855063252,781.659650077207,1531.00788857358,1010.19570131311,899.103264196441,1346.33620914222,1005.1974337342,798.920913827069,1075.25435408452,943.13195102774,1720.8783295453,1850.14136610441,1340.33175882702,798.38760244169,859.290891818654,498.260940037228,745.50960866439,1267.75043375045,691.237468780402,411.38061988532,1462.94149806672,1195.0557752311,819.431486622794,536.858293558441,1270.80457451413,1070.66982666945,1305.40656510576,796.212120606394,1534.56697131341
415.607085863238,785.637395369369,745.863333323549,1253.51733352215,626.00649406707,630.597732095001,502.49875314556,275.92965888784,582.513409899194,664.80867156153,870.456099862261,537.898544040543,647.619295618151,539.908253455861,530.490492376992,859.290891818654,498.260940037228,441.598404819635,394.577456055658,601.360069425087,411.38061988532,626.871185781457,320.045255467932,784.90287970838,463.649122381287,1062.19076453446,844.902218783417,504.406968474789,575.351380216277,1476.3768174485
384.67389530981,548.636823038713,301.047031841361,742.881573167528,317.97667817825,459.539978863934,280.251889887381,275.92965888784,260.662767644209,311.638861198366,417.10723661011,275.095751481845,401.068584966825,234.56241866181,149.048360790194,243.844826560112,126.200855143468,410.439548507519,205.105857259483,324.492809927016,274.319862906385,428.803956108856,320.045255467932,550.362295762378,93.6531700958697,359.355647132433,844.902218783417,310.424824126062,139.693085931637,446.473726141684
167.998958840004,161.471141397125,131.361761760017,457.756853823569,85.9889609140785,208.486267642423,123.571942386132,78.8509163859711,74.5758895224986,165.161139928284,154.033409397185,89.6648102769426,138.172629433379,66.2423986784108,149.048360790194,121.84066855837,126.200855143468,156.701652907019,129.11043174924,76.8826355796538,18.1868431529543,330.577010471191,168.93311283456,122.101031569188,93.6531700958697,97.5202952801991,291.314193673493,269.019420011362,90.6642380368554,182.917499059062
47.0062416706714,40.5179796671329,53.06497045241,75.5211355027333,25.4421472099641,44.3158641050843,24.3619725420574,31.3028907642571,24.1856917842841,34.316495006917,100.246613374044,25.0211641033552,26.911789456352,19.0610556551876,59.4691992392494,37.1735175255329,19.6955507968798,25.812674325027,41.2222304857031,70.3932366020874,18.1868431529543,59.9694036712094,32.9855148834208,29.0085802005311,27.8869160781969,24.7275931871286,35.023211807777,31.3635917666732,32.4280101355025,29.9577687153638
7.18738524198147,6.53480902743308,2.65415643553274,6.80697421753689,4.45362726313476,4.66148653025652,12.1207165187803,5.74169567445063,2.30664856077215,8.57197513185008,9.35057433238569,3.07553725594096,6.15031892377465,3.49682221764908,2.12245924756917,3.09593510792786,4.71079781260687,2.37631889586385,9.89209702167841,8.06948611920927,6.16708764955604,3.68520343976047,11.6880585289879,9.18566473317787,15.3123688270097,3.18752863163036,4.11793463945946,8.20856432630342,4.70455980887459,4.25620565206088
0.625536033784556,0.847590444916932,0.439479679934379,0.841319095144058,0.833566970554557,0.417087653983003,0.606667958987828,1.06291801376676,0.31513747186807,0.366275244568328,1.04841026404381,0.330751119692991,0.829768566468488,0.558922452919774,0.8040676509886,0.668270665456134,0.725333310712699,0.750584039384648,0.786551621066906,1.93350174221962,0.450509628764053,0.389283314200497,0.738559187523379,0.444798548406197,1.00886416488368,0.561773485518756,1.18239090545853,0.617269908694766,0.29499355648727,0.422795424573906
0.0681353339077759,0.054914227958534,0.033070931087309,0.0408772867326661,0.0536891327602689,0.0481136059368055,0.126441640814846,0.134949592487601,0.0239521511839484,0.0548611793122973,0.0590530832238301,0.0336629425531783,0.0561444891944802,0.0832080404322824,0.102539938541554,0.0434272960591215,0.0934300753166326,0.0559299476713022,0.135585430673018,0.106558605307782,0.0665440200855301,0.00938473123346739,0.147285751022537,0.0342895699340033,0.0634683084844028,0.0188779686324096,0.129690346731081,0.0298676687351644,0.0565955678828232,0.0923305728733794
3.89986930713349e-05,0.000104564206026225,4.24229024247325e-05,4.0464629591952e-05,2.6959389174408e-05,5.9678485627046e-05,0.000379910972242214,0.000106527701746018,1.9729855694095e-05,3.51149067228107e-05,5.70204288123932e-05,5.25286144466008e-05,0.000101640485922871,5.21670019679732e-05,6.84685912801797e-05,0.000132411834442792,0.000220085521164037,0.000102928033129501,0.000172767668686902,4.1328918769068e-05,5.08053781231865e-05,3.22608625538123e-05,0.000442899712879807,2.7666228106682e-05,0.000176710962819016,1.80004921048749e-05,7.20148764230544e-05,5.43083177717563e-05,1.21482567010389e-05,0.000116781872065985
1.02772901300341e-08,4.57600890513277e-09,6.05950845056213e-09,3.79600351152476e-09,6.67319000058342e-09,5.00278929393971e-09,6.66614141664468e-09,9.83391146291979e-09,1.40414613269968e-09,1.06753077488975e-08,8.32164914754685e-09,5.76130787521834e-09,8.93180640559876e-09,4.37205471826019e-09,5.59793988941237e-09,9.08221409190446e-09,2.40515873883851e-08,4.71004568680655e-09,1.07689857031801e-08,1.30447688206914e-08,4.271669240552e-09,2.99803559755674e-09,2.50457787842606e-08,1.34775746118976e-09,1.28148940348183e-08,7.13612280378584e-10,2.14478177440469e-08,2.24986251851078e-09,7.56267581891734e-09,8.48001491249306e-09
0,0,0,0,0,0,0,0,0,0,0,0,0,0,0,0,0,0,0,0,0,0,0,0,0,0,0,0,0,0
0,0,0,0,0,0,0,0,0,0,0,0,0,0,0,0,0,0,0,0,0,0,0,0,0,0,0,0,0,0
0,0,0,0,0,0,0,0,0,0,0,0,0,0,0,0,0,0,0,0,0,0,0,0,0,0,0,0,0,0
0,0,0,0,0,0,0,0,0,0,0,0,0,0,0,0,0,0,0,0,0,0,0,0,0,0,0,0,0,0
0,0,0,0,0,0,0,0,0,0,0,0,0,0,0,0,0,0,0,0,0,0,0,0,0,0,0,0,0,0
