286.075378052453,300.780447931704,357.786887843125,341.431032832049,383.464068208059,283.102631299192,333.475009623492,266.001108829513,309.05427242016,312.210834127283,301.504722933287,266.44719571018,335.151591935115,316.412198909168,308.973200847326,359.177765599536,325.873130640984,327.163732125704,296.503160910798,317.087416003247,384.61654489002,295.568445706348,275.955376419989,292.523157398233,289.905051340286,252.435346375286,324.155400063492,292.65221214692,295.427582315051,292.23242563656
231.91471766374,234.1375204989,233.894215746489,237.506690267385,234.959896330867,232.633902499747,236.642455558444,232.442937527472,233.495257591335,234.868326027435,231.725690897692,233.570630489272,234.400674657687,233.954790230965,233.20857268193,234.860058401387,234.197893868371,236.996729160639,231.828808002352,232.554138795741,234.133457355928,234.209977383575,234.522139787775,232.80663378069,234.588436610494,232.692140860507,234.126491740971,233.948323349852,232.853895331009,232.083383624708
229.961873975174,229.939411596687,230.099380984655,230.022431972915,230.265515431245,229.936705578538,230.37029494331,230.100641099188,229.887242652758,230.242945064862,229.656103934869,229.987732764438,230.03769795201,230.356480135311,229.988077511145,229.942513480394,230.107460834436,230.140290025814,230.149555006581,230.095102058844,230.312301312906,230.100332733786,230.107959832582,230.071692503284,229.87193484213,229.863363875696,230.153079020549,230.10358021885,229.784806499688,229.811704195857
229.34192821851,229.334082756968,229.342014676202,229.356071838716,229.359818467723,229.349705953879,229.38287742962,229.346114541476,229.364310618133,229.337578089168,229.325148279639,229.368919029017,229.353385397902,229.36799633656,229.381827082145,229.410991820404,229.347706969691,229.357848959929,229.365572055121,229.352550264613,229.386029738606,229.374978027753,229.37473245264,229.369241660795,229.338726733855,229.350656973917,229.357653652839,229.352473856224,229.345810527415,229.332786098728
229.284698506783,229.284898870734,229.284729821735,229.284941436765,229.284754276074,229.284711188222,229.284735902733,229.284612873368,229.285019682183,229.284763818313,229.28454353997,229.284761976997,229.284934828245,229.285061466142,229.284895014316,229.284962217672,229.284681932874,229.28483396906,229.284807272859,229.284852610893,229.285058498638,229.285799532566,229.28496596928,229.28464906849,229.284722143506,229.284727486634,229.284836735107,229.284613933907,229.284729809278,229.284885919927
229.284382709074,229.284382709444,229.284382709285,229.284382709409,229.284382709754,229.284382709699,229.284382710179,229.284382709225,229.284382709425,229.28438270938,229.284382708901,229.284382710328,229.284382709279,229.284382709448,229.284382710397,229.284382709809,229.284382708918,229.284382709155,229.284382710539,229.284382709069,229.284382709453,229.284382710035,229.284382709908,229.284382709841,229.284382709978,229.284382708861,229.284382708885,229.284382709655,229.284382709498,229.284382709689
229.284382708487,229.284382708487,229.284382708487,229.284382708487,229.284382708487,229.284382708487,229.284382708487,229.284382708487,229.284382708487,229.284382708487,229.284382708487,229.284382708487,229.284382708487,229.284382708487,229.284382708487,229.284382708487,229.284382708487,229.284382708487,229.284382708487,229.284382708487,229.284382708487,229.284382708487,229.284382708487,229.284382708487,229.284382708487,229.284382708487,229.284382708487,229.284382708487,229.284382708487,229.284382708487
229.284382708487,229.284382708487,229.284382708487,229.284382708487,229.284382708487,229.284382708487,229.284382708487,229.284382708487,229.284382708487,229.284382708487,229.284382708487,229.284382708487,229.284382708487,229.284382708487,229.284382708487,229.284382708487,229.284382708487,229.284382708487,229.284382708487,229.284382708487,229.284382708487,229.284382708487,229.284382708487,229.284382708487,229.284382708487,229.284382708487,229.284382708487,229.284382708487,229.284382708487,229.284382708487
229.284382708487,229.284382708487,229.284382708487,229.284382708487,229.284382708487,229.284382708487,229.284382708487,229.284382708487,229.284382708487,229.284382708487,229.284382708487,229.284382708487,229.284382708487,229.284382708487,229.284382708487,229.284382708487,229.284382708487,229.284382708487,229.284382708487,229.284382708487,229.284382708487,229.284382708487,229.284382708487,229.284382708487,229.284382708487,229.284382708487,229.284382708487,229.284382708487,229.284382708487,229.284382708487
229.284382708487,229.284382708487,229.284382708487,229.284382708487,229.284382708487,229.284382708487,229.284382708487,229.284382708487,229.284382708487,229.284382708487,229.284382708487,229.284382708487,229.284382708487,229.284382708487,229.284382708487,229.284382708487,229.284382708487,229.284382708487,229.284382708487,229.284382708487,229.284382708487,229.284382708487,229.284382708487,229.284382708487,229.284382708487,229.284382708487,229.284382708487,229.284382708487,229.284382708487,229.284382708487
229.284382708487,229.284382708487,229.284382708487,229.284382708487,229.284382708487,229.284382708487,229.284382708487,229.284382708487,229.284382708487,229.284382708487,229.284382708487,229.284382708487,229.284382708487,229.284382708487,229.284382708487,229.284382708487,229.284382708487,229.284382708487,229.284382708487,229.284382708487,229.284382708487,229.284382708487,229.284382708487,229.284382708487,229.284382708487,229.284382708487,229.284382708487,229.284382708487,229.284382708487,229.284382708487
229.284382708487,229.284382708487,229.284382708487,229.284382708487,229.284382708487,229.284382708487,229.284382708487,229.284382708487,229.284382708487,229.284382708487,229.284382708487,229.284382708487,229.284382708487,229.284382708487,229.284382708487,229.284382708487,229.284382708487,229.284382708487,229.284382708487,229.284382708487,229.284382708487,229.284382708487,229.284382708487,229.284382708487,229.284382708487,229.284382708487,229.284382708487,229.284382708487,229.284382708487,229.284382708487
229.284382708487,229.284382708487,229.284382708487,229.284382708487,229.284382708487,229.284382708487,229.284382708487,229.284382708487,229.284382708487,229.284382708487,229.284382708487,229.284382708487,229.284382708487,229.284382708487,229.284382708487,229.284382708487,229.284382708487,229.284382708487,229.284382708487,229.284382708487,229.284382708487,229.284382708487,229.284382708487,229.284382708487,229.284382708487,229.284382708487,229.284382708487,229.284382708487,229.284382708487,229.284382708487
229.284382708487,229.284382708487,229.284382708487,229.284382708487,229.284382708487,229.284382708487,229.284382708487,229.284382708487,229.284382708487,229.284382708487,229.284382708487,229.284382708487,229.284382708487,229.284382708487,229.284382708487,229.284382708487,229.284382708487,229.284382708487,229.284382708487,229.284382708487,229.284382708487,229.284382708487,229.284382708487,229.284382708487,229.284382708487,229.284382708487,229.284382708487,229.284382708487,229.284382708487,229.284382708487
