37.0692681095614,24.781011218554,169.345065052999,246.496021975874,99.7945616024024,37.2081975422074,68.4617511572908,216.076719690346,167.059155333631,54.4144544701549,30.2252091096204,443.330285271437,56.2067717875252,15.0949173030316,32.139157884196,26.1548014988693,127.630015557338,38.4349950243542,396.816028885094,186.829209365975,172.447312856974,748.823463065093,128.83841704412,35.6030362359675,24.871946048091,54.624723755159,404.494681391196,70.1903417702509,67.1989149905387,354.207811525054
1.93747260433781,1.87575510418401,33.4368406528965,21.0860634884673,47.1248152607155,2.50455169140002,1.68823478251215,29.5790338338212,21.8564150685727,32.7675087114418,25.2100283738171,38.7535772252393,3.30102829983036,1.64208804534746,1.72357789353657,1.75250569018476,11.7240158375081,1.86102328068,136.980376986563,52.0308480553493,26.3608083358752,62.0130474250356,33.7939740329688,1.93973893715736,1.79240211963167,4.47098372136566,43.83470381271,3.94036987508593,1.03043113675358,24.2606332398676
0.196694596026646,0.240646273868833,7.62885528147729,3.54464089998885,10.364892900279,0.294825280654663,0.260987857823238,1.49701251773638,10.1467612245715,4.16139754304186,10.078077225567,5.44726595537816,0.103464104064869,0.162379487049975,0.113112777414585,0.184701554307139,1.10877908478983,0.159154633750973,52.5165201232294,12.412051499399,15.7431916324367,11.2874965826245,8.83506407633558,0.212312939513254,0.184195821864591,0.261296033449639,7.51687012537707,0.258772579981041,0.170557440149423,5.22681741028612
0.00066838787222423,0.000230373734552813,1.41253263844612,0.699180865161225,0.643581645678296,0.00043557398350913,0.000275198750159689,0.590138237159863,0.459470229427666,0.420827579680008,1.28207836490355,0.472842255665455,0.000220553911617571,0.000236593668660134,0.000293565005449636,0.000103912097529246,0.535390923696355,0.00056856403580241,0.547707244331946,1.25343509958941,0.563370379965363,0.366233165147378,0.468002560380114,0.00017210391615663,0.000328205693222117,0.00027453402287847,0.626776733119868,0.000460733772342792,0.000145978890031984,0.68998286853116
1.13118403533008e-10,1.23918653116561e-11,0.00046332258568782,0.000451698512961229,0.000625619112952336,3.18323145620525e-11,8.28777046990581e-11,0.00034733979396151,0.0011086477597928,0.000196472894458566,0.000224206243274239,0.000466572496293338,3.2855496101547e-11,5.0931703299284e-11,2.94448909698986e-11,9.12905306904577e-11,0.00064894777324298,3.04680725093931e-11,0.000681491434988857,0.000366391646707598,0.00037907835542228,0.000459201112676055,0.000126647674278502,4.62705429526977e-11,3.14912540488876e-11,6.44604369881563e-11,0.000310783751388044,4.5588421926368e-11,1.11640474642627e-10,0.000472452029043779
0,0,1.02545527624898e-10,4.53610482509248e-11,4.19504431192763e-11,0,0,1.90993887372315e-11,4.12683220929466e-11,5.75255398871377e-11,4.38831193605438e-11,1.78488335222937e-11,0,0,0,0,4.67252903035842e-11,0,1.39834810397588e-10,5.79802872380242e-11,2.35331754083745e-11,4.24051904701628e-11,2.04636307898909e-11,0,0,0,3.03543856716715e-11,0,0,9.73159330897033e-11
0,0,0,0,0,0,0,0,0,0,0,0,0,0,0,0,0,0,0,0,0,0,0,0,0,0,0,0,0,0
0,0,0,0,0,0,0,0,0,0,0,0,0,0,0,0,0,0,0,0,0,0,0,0,0,0,0,0,0,0
0,0,0,0,0,0,0,0,0,0,0,0,0,0,0,0,0,0,0,0,0,0,0,0,0,0,0,0,0,0
0,0,0,0,0,0,0,0,0,0,0,0,0,0,0,0,0,0,0,0,0,0,0,0,0,0,0,0,0,0
0,0,0,0,0,0,0,0,0,0,0,0,0,0,0,0,0,0,0,0,0,0,0,0,0,0,0,0,0,0
0,0,0,0,0,0,0,0,0,0,0,0,0,0,0,0,0,0,0,0,0,0,0,0,0,0,0,0,0,0
0,0,0,0,0,0,0,0,0,0,0,0,0,0,0,0,0,0,0,0,0,0,0,0,0,0,0,0,0,0
0,0,0,0,0,0,0,0,0,0,0,0,0,0,0,0,0,0,0,0,0,0,0,0,0,0,0,0,0,0
