203.107533256744,143.87115028515,208.621168173052,163.619034748075,221.342565206176,214.047558014428,239.7248128846,230.6706379908,294.383529660221,156.381536341388,151.282314768459,290.694020354959,104.009923865358,141.244581667653,228.463258003761,262.756777930595,247.434717176003,174.168541120936,198.976022869668,148.492063989475,159.341853764438,224.684552148954,175.005743519115,252.525313062712,221.941627315426,262.124934716824,149.155627670647,184.40694393555,225.733474916505,151.836252509083
203.107533256744,143.87115028515,208.621168173052,152.138273748644,221.342565206176,169.386077011146,239.7248128846,230.6706379908,294.383529660221,156.381536341388,151.282314768459,286.927084800438,104.009923865358,141.244581667653,228.463258003761,262.756777930595,247.434717176003,174.168541120936,198.976022869668,148.492063989475,159.341853764438,224.684552148954,175.005743519115,252.525313062712,221.941627315426,262.124934716824,149.155627670647,184.40694393555,225.733474916505,151.836252509083
141.845245396896,118.525177683945,140.244691801691,152.138273748644,221.342565206176,131.660879734342,200.480095971426,204.761133996595,226.501964098332,124.896521004254,151.282314768459,171.125027141906,76.7539658393366,141.244581667653,96.869131640005,237.6900650455,170.830876223509,157.078003574773,198.976022869668,148.492063989475,159.341853764438,139.099236029434,175.005743519115,190.365879509456,171.863347786357,95.0918106077643,144.131366145723,157.716090578156,152.785993627691,143.988593992175
141.845245396896,118.525177683945,140.244691801691,107.400938834183,150.419879608977,131.660879734342,200.480095971426,204.761133996595,226.501964098332,109.000084319965,151.282314768459,171.125027141906,76.7539658393366,106.971242303899,96.869131640005,129.375179787122,154.12037377678,157.078003574773,198.976022869668,148.492063989475,159.341853764438,139.099236029434,141.09210818384,105.81675557199,171.863347786357,95.0918106077643,144.131366145723,157.716090578156,142.429062725211,111.333726908801
141.845245396896,118.525177683945,140.244691801691,107.400938834183,123.822380395688,114.170950389142,155.478053845155,106.291333290665,146.664801270304,109.000084319965,107.006025036691,120.814173227835,76.7539658393366,106.971242303899,81.4001443347956,129.375179787122,149.149244833915,111.07049719589,130.678249106533,148.492063989475,131.844453439949,112.98114222567,104.117923640658,105.81675557199,171.863347786357,95.0918106077643,107.788288474178,149.795045342602,133.002790452832,104.704792946208
136.563906481849,118.525177683945,124.930634412763,100.100566811929,106.247737011253,74.1797315576418,108.5287599305,88.6133316048717,140.637065952523,85.3991268064533,107.006025036691,86.0714558644472,76.7539658393366,92.5365213646837,81.4001443347956,121.563144113919,146.036122595294,110.551338124332,95.3777441996685,89.0812676458099,118.109508538026,90.2813018558759,87.6849935779042,105.81675557199,133.318842139008,79.6127254083294,71.5964965364187,132.755895003032,110.564242019893,103.78924197918
112.856553039357,109.71754396463,113.412798117745,88.0015418518183,84.4871939632671,74.1797315576418,95.1552403189626,86.3149373611568,114.389370865966,85.3991268064533,95.7740152754877,66.8765345421625,76.7539658393366,92.5342177058901,81.4001443347956,101.929512806193,109.386336002472,96.8166449132777,95.3777441996685,85.3406880989824,100.673462741489,90.2813018558759,85.7930677571203,100.012613592799,110.249611408319,79.6127254083294,71.5964965364187,105.576131175763,89.8485867853306,78.9332572083022
72.0988761548178,87.2685987495188,99.505411744351,81.2878921610759,33.0259967352576,73.1875775740909,79.5494838467175,77.0102666084754,94.6265352061178,74.7646407694961,73.2958805810958,64.236427754417,42.0070126790683,76.3357984986101,69.6322814246705,94.6743626554608,70.8871418626145,89.3505994421453,77.886714172243,61.419672618219,76.4546820770238,90.2813018558759,73.4817380731915,91.050193074791,78.7778664577563,79.6127254083294,71.5964965364187,74.1566283155457,57.1263116322471,75.6347207592703
72.0988761548178,49.6550109401237,49.943201830004,58.2002619614932,33.0259967352576,64.7506446905113,67.5470353218157,55.4685597964685,61.9836867628405,73.8661831282661,73.0949405335264,52.2512345425616,42.0070126790683,48.3989808456727,69.6322814246705,58.275557699274,57.7272877468467,64.3827070108846,60.0646636350098,61.419672618219,61.1081796633043,89.527566013373,58.919355395923,68.4217286210237,66.0471138726862,48.3500118973639,65.8900835112036,59.6616808840699,57.1263116322471,71.2173017849209
55.430795472791,49.6550109401237,49.943201830004,58.2002619614932,33.0259967352576,41.7677457744996,51.7145105828736,51.2812569674484,56.7070834436336,53.9347080771508,46.3758188205418,52.2512345425616,42.0070126790683,41.5912243861601,42.1958148361496,30.0205213744198,32.9539111842153,57.4473973233085,43.2335511418105,30.9333017789349,43.96710237459,47.1337058683409,43.4953844900865,58.2251962018872,52.0768034506623,30.6143093315527,48.2130433196776,35.4064269161497,36.0537714622301,57.7691686110561
54.5503613431665,45.5223332375101,49.943201830004,33.839675803426,33.0259967352576,28.1695372174843,42.094220681694,31.8187047092899,38.5289861955428,34.3015869787405,23.2472155746761,44.2931271238092,27.0647907159721,29.1900077617956,25.7122428558,17.5721939790658,8.44683404380817,28.6760295355687,28.9400227982073,28.8869840512573,32.4701341093541,36.5710894086606,28.9213438614877,35.7990015153002,32.3158421855389,20.8699094895208,23.5084939475787,27.943706006191,24.2394545096593,38.4291575334896
25.6748184199619,28.6319406276441,12.9361971026597,24.5488859605282,24.3622041349893,23.2907653753125,26.4382104959102,17.86112791614,5.18974874325454,23.717602803822,2.22018546398999,22.0302673654255,24.1486949044258,8.04800377889342,9.49881366762474,5.25641821508225,0.435982728213276,24.5429254612259,2.26032983156165,21.6175168099412,24.4538399609355,15.0413018932377,23.9615771495166,23.1846253710128,6.97622535090386,5.32883864988162,1.92114558621847,22.1312406327543,22.0078059151992,17.5125134128366
3.46035894596707,1.70211924384512,1.66704206046597,23.7612085411979,20.1996443114008,21.7300183816487,23.0815321903656,1.65731553977025,0.999547353121443,21.2948736742451,0.534984140788993,1.08653996557655,21.7378394804225,3.29236497800184,1.8603403603679,1.73146091465082,0.000187662339385497,3.35012567786089,0.00102425368731929,1.49350072735888,20.8500762800327,1.04222468177818,22.9420993042859,21.5557524864053,2.00332367914621,0.996047052473386,1.92114558621847,22.1312406327543,21.3567932729607,2.06452343752744
1.71005926636713,1.61906046317131,1.61905866066309,23.7612085411979,20.0722039676186,0.00228744295509387,21.7823382541812,1.61905902927788,0.99495911618601,21.2948736742451,1.4858353551972e-06,0.624100800852375,21.4815849388056,2.53792441627684,8.62367460285896e-06,1.61905893695325,3.19801074510906e-09,0.624139170018907,5.09362507727928e-09,1.37672086566454e-05,20.7315217071084,0.994959936539772,22.9420993042859,19.7930233820387,1.98991831231638,0.994959085783194,0.667328768739026,21.7844263142083,20.1911222878227,0.643742098178564
0.994959064876184,1.61905837879726,1.61905837850372,23.4867359177872,20.0722039676186,2.53407961281482e-09,21.1037519136682,1.6190583799571,0.994959060466272,21.2948736742451,2.90401658276096e-09,0.624099322473057,21.4815849388056,1.98991811848464,2.9783677746309e-09,1.61905837974928,3.13252712658141e-09,0.624099321397352,3.4838194551412e-09,2.49406184593681e-09,20.6958754838577,0.994959058623181,22.5564999323994,1.18554683624461,1.98991811544352,0.994959058807581,0.624099323836617,21.5857519700924,20.0670209629607,0.503720248989566
0.99495911919098,1.61918801277648,1.61905837838367,25.7649792630289,20.2468796667442,9.89120962913148e-09,28.6838805607379,1.61905838092639,0.994959060003794,0.906856345390906,3.35171534970868e-09,0.624099357248724,1.30230038517857,1.9901185584597,4.20163814851549e-09,1.6190584114247,3.78248057586461e-05,0.624122033822232,1.0453732102178e-08,3.91128196497448e-09,20.9731410945756,0.994959061689769,27.3642119862291,1.17316223715648,1.98991812696045,0.994959058880568,0.624099322539223,24.4112294808365,20.3649819470093,1.79338034207922
