83.8672602605448,37.2083585689065,38.4585316881289,57.360722864184,66.7905395047023,50.0049085117021,34.4316341612571,43.1188916202059,49.0909061080602,51.7451548638196,53.5389272662401,44.5327884205872,61.772308334117,41.3174882596259,57.2133208785763,42.5884701228993,60.2845925405586,47.3394440819484,51.090551709995,62.5895649980671,93.5111655376627,36.0237348524811,41.900585244477,50.9989096694917,62.9909081566329,56.2263206299008,57.2028601845009,56.439520523174,43.6186286742341,43.4721266806714
36.7204631871641,36.6768616705908,38.2261562202548,43.5733106076837,47.9955469106776,39.5525721143595,32.4102840945925,33.7229591145056,38.5402223489205,38.1810651410756,40.3247582223694,37.7685935557129,45.5194160065989,39.3676266411003,28.6856478595773,35.0157078496281,37.983485206872,34.759582387343,31.9504287866735,44.7923421034238,37.2613409252367,34.0221500786556,30.8528273334605,48.8898969313823,35.0648102335372,39.6218719381377,40.3567659527885,46.006253666364,33.7880152354983,35.2452638071099
26.8753872204766,23.6526109855708,31.9146500387046,30.4690666387623,41.4533948057697,38.8300705641809,32.4102840945925,33.7229591145056,32.7953180647132,35.6245537869045,36.6891141280485,36.2291622328835,36.5960404361454,36.6551693258598,28.6856478595773,33.5229826908753,33.1520083975674,29.9691557230576,31.9504287866735,38.0704562136498,29.1940355430456,32.8554668796833,30.8528273334605,36.9528150529336,35.0648102335372,39.6218719381377,33.0135924126398,34.9407788421181,24.5358761678303,34.9127877343344
25.9709030701401,23.6526109855708,31.1863410724623,30.4690666387623,30.419868081884,35.4313747030615,29.5223113222482,30.6423131149336,32.7953180647132,32.4364886595145,29.6954143284465,30.8375341268311,29.2835712305077,30.8829835094157,28.6856478595773,33.5229826908753,32.7358596060567,17.195891382733,31.9504287866735,31.2486884598306,29.1940355430456,17.598284784875,28.4714912453196,32.2610097983425,29.5337293521729,33.6293846092358,31.6852776963556,34.9407788421181,24.5358761678303,34.9127877343344
17.0657219433974,23.6526109855708,23.4839039302833,26.6005011978359,29.9570267219497,30.6392180487146,26.322699932648,26.776662268147,24.8004774335755,30.812703150405,13.6575325666927,26.0661521352831,26.7001347527812,28.2759719770634,28.6856478595773,13.4788818616357,32.7358596060567,5.92983260012215,13.7052229203632,24.4407141608508,29.1940355430456,17.598284784875,25.6485058289841,29.8552268190133,25.1794956153894,25.9091469140085,26.9192240494563,27.8658501939758,24.5358761678303,26.4400927424276
9.23244234045751,19.4315837290073,9.86680364257745,17.9480285431623,24.737529958466,27.1804739336726,12.414909482849,25.1641260908632,11.1899586442619,26.8619178565864,9.69759373770785,25.0227873780145,24.6707964700358,25.7798926351684,27.1148577950717,7.17178619601918,25.8008095958676,3.03955016578948,8.2079426822088,24.4407141608508,24.805530732041,17.598284784875,25.6485058289841,25.3390817777499,24.4345941718116,23.4099270430456,11.060411418935,23.6217915092579,23.8901088846187,17.1230518599245
4.98345474412736,19.4315837290073,7.56374104546421,12.9340630471725,24.737529958466,11.1411402563876,6.02586479951924,25.1641260908632,7.73989369451056,23.7420755268599,4.78801519660419,25.0227873780145,24.2766998580328,25.680831291023,24.7832343167192,4.88951972709583,23.7179177246735,3.03955016578948,5.45780327113516,24.1370950267165,23.9464049837884,17.598284784875,24.5894585630622,24.8532119959373,24.063252543353,23.4099270430456,7.06531720840667,22.2782287679734,23.8901088846187,8.11840642166999
4.98345474412736,19.4315837290073,6.17108429621294,8.2026982211828,24.328583138155,8.47861916160491,5.50318950503242,25.1641260908632,6.77942268351308,12.5920372650617,4.78801519660419,24.6391638131377,24.2766998580328,25.6504612123008,24.7832343167192,4.88951972709583,23.7179177246735,3.03955016578948,5.45780327113516,24.1370950267165,11.3561625558891,17.598284784875,24.5894585630622,24.6355039443142,24.063252543353,23.4099270430456,6.66218042221817,8.48412468796778,23.8901088846187,7.13007373835535
4.98345474412736,19.4315837290073,4.279344844967,6.73438903831357,23.3372822223505,1.99665957786283,5.34766420587266,24.4713382377631,4.6902728457826,8.15164697313639,4.78801519660419,24.6391638131377,24.2766998580328,24.2333876759653,24.7832343167192,4.88951972709583,23.7179177246735,3.03955016578948,5.45780327113516,24.1370950267165,6.56470787458784,17.598284784875,23.7661666935592,24.6355039443142,24.063252543353,23.4099270430456,4.48663354622431,2.68798515752678,23.8901088846187,4.39503717457501
4.77111680930921,19.4315837290073,4.279344844967,6.73438903831357,23.3372822223505,0.9308802747355,2.36455451923848,24.4713382377631,4.6902728457826,6.12926849607402,3.76712409850234,24.6391638131377,23.9512178668992,24.0750097291134,17.1942794437109,4.80674399274085,23.7179177246735,10.2666130583543,5.21524734257355,24.1370950267165,4.63905540920541,24.3336207825287,23.7661666935592,23.6859050582866,24.063252543353,23.4099270430456,4.48663354622431,1.93079393146809,23.348007770499,4.39503717457501
4.53824691634918,19.4315837290073,2.84350321193006,6.73438903831357,23.3372822223505,0.905639854846868,0.0662318988438528,24.4713382377631,4.6902728457826,6.12926849607402,3.76712409850234,24.2319420532203,23.9512178668992,24.0750097291134,8.43277471280726,3.5273384208399,22.1209384976432,10.2666130583543,5.21524734257355,24.1370950267165,3.02208020531816,24.3336207825287,23.7661666935592,23.6859050582866,24.063252543353,23.4099270430456,4.19278998886193,0.504112433156479,23.348007770499,4.39503717457501
2.85222945383248,19.4315837290073,0.739355233505194,4.80673604517597,23.3372822223505,0.896552176712248,0.0168674410488165,24.4713382377631,4.6902728457826,6.12926849607402,3.76712409850234,24.2319420532203,23.9512178668992,24.0750097291134,6.02626531604528,1.81167642803985,7.81811269915443,10.2666130583543,5.21524734257355,24.1370950267165,3.02208020531816,24.3336207825287,23.7661666935592,23.6859050582866,24.063252543353,23.4099270430456,2.35872480244825,0.45659512151633,23.348007770499,4.39503717457501
1.26614052822561,19.4315837290073,0.695789940351005,3.86175918664321,23.3372822223505,0.894887009804734,0.0148571159102175,24.4713382377631,4.13464799347548,5.89445850916809,3.76712409850234,24.2319420532203,23.9512178668992,24.0750097291134,6.02626531604528,1.81167642803985,7.11190656584677,10.2666130583543,5.21524734257355,23.9204284000898,2.60265566752423,24.3336207825287,23.7661666935592,23.6859050582866,24.063252543353,23.4099270430456,1.15948915962099,0.455496752014369,23.2264618990071,4.39503717457501
0.851973329126849,32.4693291164194,0.694250297142844,8.58194177416863,29.7554777523451,0.894866237654242,0.0148292266862882,32.6595478381091,8.13498650879865,11.105235163212,13.6355194566981,29.5622991057862,29.2116867439154,27.0124685312512,12.6426043542588,9.64402524663956,13.0275850349744,10.2666130583543,9.77451490018848,28.2154085125885,7.82822381215556,24.3336207825287,32.1288994337315,26.1167431583035,27.7460000797346,29.2074080557404,0.763816418779697,0.457527568554724,27.7971121253968,6.84727537151684
