112296187.86941,2234735.54579365,25710031.0348479,78286.5657728923,113921.264113664,82684.2935441541,14847312.1585394,58410.3328654022,55587709.2077043,1029803193.61489,1422139.27401928,56797198.886287,66678.2395492646,11192661.7585895,508812.227014923,3102895.99951459,10221985.8955568,454287491.504537,2705622.62184445,40297468.1591533,263411741.042033,1192813094.31246,798723312.29372,14564431.5148357,50362.3732125171,59621714.0646562,393746.506476015,55104508.2301914,75964.8852449117,168873518.237406
112296187.86941,2234735.54579365,10723300.5570454,78286.5657728923,113921.264113664,48813.5938584275,14847312.1585394,58410.3328654022,55587709.2077043,121373.820376522,1422139.27401928,56797198.886287,66678.2395492646,1702050.71485221,508812.227014923,50227.4469010968,10221985.8955568,185739.906908576,2705622.62184445,40297468.1591533,165130259.080705,523568.674454565,37712167.2076674,14564431.5148357,50362.3732125171,612055.60976724,393746.506476015,26193686.3887418,27068.0655628381,168873518.237406
112296187.86941,2234735.54579365,9694567.13177299,78286.5657728923,113921.264113664,48813.5938584275,14847312.1585394,58410.3328654022,55587709.2077043,121373.820376522,1422139.27401928,1826522.33251424,66678.2395492646,33112.665979237,508812.227014923,50227.4469010968,96025.8004401411,185739.906908576,2705622.62184445,40297468.1591533,16057602.0924699,523568.674454565,6417280.47969389,1050315.57418012,50362.3732125171,612055.60976724,141309.655188433,669380.120811233,27068.0655628381,68322.8412362681
41224.7645003084,200398.642510093,9694567.13177299,78286.5657728923,85698.0197307265,48813.5938584275,71777.3170149862,58410.3328654022,55587709.2077043,121373.820376522,1422139.27401928,748770.304778016,66678.2395492646,33112.665979237,131807.730505444,50227.4469010968,96025.8004401411,68094.9281948349,1328209.60604662,149435.994380038,100892.71262887,48007.6559884459,42239.8867324777,808370.370882319,32920.9818029678,612055.60976724,141309.655188433,617927.288868064,27068.0655628381,68322.8412362681
41224.7645003084,40441.280536042,98823.4999789979,78286.5657728923,82819.5860048957,48813.5938584275,55934.1124185381,58410.3328654022,4543942.9497012,65047.277595782,1422139.27401928,53012.0225355575,38991.6995702378,33112.665979237,89481.7853416262,50227.4469010968,96025.8004401411,68094.9281948349,76939.7657874867,78206.3876196638,56893.0158256464,48007.6559884459,42239.8867324777,200709.558400444,32920.9818029678,46740.167409124,71593.754464398,617927.288868064,27068.0655628381,68322.8412362681
20961.7462962564,40441.280536042,74083.3723156986,68712.853165839,82819.5860048957,48813.5938584275,39180.414925326,58410.3328654022,199944.806025208,65047.277595782,51131.526776467,53012.0225355575,38991.6995702378,19202.0359397056,38135.9285985103,35160.6259098449,43458.9648599019,68094.9281948349,60842.1325669979,78206.3876196638,43966.563471548,27113.1514483045,42239.8867324777,58609.9314241449,32920.9818029678,46740.167409124,58946.9021263791,420529.088060895,27068.0655628381,65400.8002506776
20961.7462962564,40441.280536042,61081.4249367616,68712.853165839,44418.6401767644,30343.4816228472,31919.566741666,30222.0356937899,39179.145168389,47487.9573195563,37427.0941669115,28301.567863344,38991.6995702378,19202.0359397056,27277.3740810051,35160.6259098449,32892.2084723195,68094.9281948349,39788.3306425322,29908.6697033915,43966.563471548,27113.1514483045,30259.2436461918,37455.3454767589,29349.9445230591,27256.2699896783,48906.8239320025,46616.5301996719,27068.0655628381,40433.1470254231
20961.7462962564,37989.7602884832,39625.2977558312,27792.4229788576,35950.2940477424,21663.9102177322,22961.4361978954,28972.1414272138,30859.0065195003,38289.1374511375,36134.7453120367,28301.567863344,38991.6995702378,19202.0359397056,27277.3740810051,32679.2038689109,28124.610474553,39660.7718599924,39461.518663075,29908.6697033915,22597.5844421301,27113.1514483045,22556.4641608475,32718.3319371701,24913.7406588432,23972.661971688,26349.0452786,41373.5748798046,22237.7309388374,38243.9742687978
13595.2392268538,8229.0500333425,19464.4503794789,22770.7801668204,9807.50084431968,2660.20969689804,4310.2538534834,15412.1559208606,13462.216116109,9298.05686820764,11243.6779910723,6843.08941943749,5637.98863986167,14891.6721698569,9046.32602494365,9564.38145146863,5509.23225106854,7933.28203716876,6013.63941548355,21533.7684382056,12539.0449854069,7372.378590735,2680.82164001842,12777.7042283789,12943.4324896787,4957.118315563,12790.5441979821,12364.7652631604,5291.33091685649,4365.37797478169
52.8045774012445,48.6351062995885,74.5497193562668,73.0488546855912,31.6337456505985,21.2953698839706,41.5131275485156,49.6209839780941,31.7835762754657,43.0904429362261,71.9592493912067,53.2363838935803,73.4712822170066,53.641997318953,56.4793756583063,100.498097796135,44.1076312877504,37.7415446154472,40.174922523341,92.954874531324,80.465429156269,56.6119628747444,33.8917294427342,60.0705743174595,75.8478102458117,34.1309054790473,39.608373851004,94.5286110471195,71.6533208759555,21.0542776284984
0.276635127601253,0.266903216825597,0.295828346124722,0.219129008678181,0.22428009367718,0.128370482319951,0.139635990385727,0.285700237548212,0.279581611684137,0.268340521982452,0.237633686246284,0.322665712016487,0.166911003559164,0.290095395364801,0.271224277424324,0.251652323315056,0.185278947699601,0.274037524736343,0.208406246875995,0.485184183184515,0.212300658258755,0.0947157794731766,0.149722397864196,0.181688800328629,0.230162368087178,0.242072728230255,0.206604192764246,0.244300550921423,0.230787872011092,0.160266129703302
1.12371473051098e-05,3.31938463205006e-05,1.84258303193019e-05,1.50238254263968e-05,3.22778053600814e-05,2.18079612182009e-05,6.89494214611841e-06,2.26052746938876e-05,1.98974788077066e-05,2.47564838673497e-05,3.17206986437668e-05,1.66286701528406e-05,1.33788705056759e-05,2.96924487770411e-05,1.55026131665181e-05,1.42309966122411e-05,1.93454190480224e-05,2.72642716936389e-05,9.52535458509374e-06,8.03352031653048e-05,1.97056670572238e-05,2.05388105314341e-05,1.47454009038483e-05,2.14239269098471e-05,1.44497009841871e-05,1.59664722900743e-05,1.53985196789108e-05,2.41356290189287e-05,2.40093003185393e-05,1.92809915802172e-05
6.25277607468888e-13,1.08002495835535e-12,2.55795384873636e-12,6.25277607468888e-13,1.59161572810262e-12,7.38964445190504e-13,3.97903932025656e-13,1.13686837721616e-12,5.11590769747272e-13,1.08002495835535e-12,5.11590769747272e-13,1.64845914696343e-12,9.66338120633736e-13,9.09494701772928e-13,4.54747350886464e-13,1.53477230924182e-12,5.11590769747272e-13,1.4210854715202e-12,2.8421709430404e-13,1.98951966012828e-12,1.25055521493778e-12,3.41060513164848e-13,6.82121026329696e-13,6.82121026329696e-13,4.54747350886464e-13,6.82121026329696e-13,3.97903932025656e-13,1.36424205265939e-12,1.30739863379858e-12,5.6843418860808e-13
0,0,0,0,0,0,0,0,0,0,0,0,0,0,0,0,0,0,0,0,0,0,0,0,0,0,0,0,0,0
0,0,0,0,0,0,0,0,0,0,0,0,0,0,0,0,0,0,0,0,0,0,0,0,0,0,0,0,0,0
0,0,0,0,0,0,0,0,0,0,0,0,0,0,0,0,0,0,0,0,0,0,0,0,0,0,0,0,0,0
