20961.7462962564,37989.7602884832,39625.2977558312,27792.4229788576,24991.8515278799,21663.9102177322,22961.4361978954,28972.1414272138,30859.0065195003,33939.1639683394,36134.7453120367,28301.567863344,27598.0745589303,19202.0359397056,27236.4673283607,30296.7502647816,28124.610474553,35524.2328258356,31253.1688319716,27703.0188952707,22597.5844421301,27113.1514483045,22556.4641608475,25064.0529404578,24490.514977844,23972.661971688,23525.5546427876,28732.3096859669,22237.7309388374,30064.1746194325
681.744702537078,708.917478772809,929.269474543322,1330.73536749299,447.612360378341,254.290587072334,374.29186322691,1202.89497761087,657.344736257986,316.06069481766,716.35064642799,462.631378903023,598.533152145607,1660.81715787698,1131.72574244112,763.155270130411,1020.91895549255,534.040785839701,174.373390347642,2681.47807569284,2280.26369042672,904.903912753503,213.742595769655,1328.17483948943,579.615465519018,704.132287614651,1074.3876525641,562.257079897036,620.047780721039,697.56021191416
26.5720305100083,32.0818379867191,32.9816122732223,41.8555950557276,30.9960365707284,11.7678659561409,14.0697147612928,23.2039169809289,26.6723290654672,21.7234386333467,31.0183828186362,20.9188673962004,30.6402609224418,35.3769150984291,30.0255134302352,50.1375598162904,20.8054881140456,17.6715462618437,15.8391868883239,41.7615421486533,44.1744115348979,25.8906792770966,7.64949338153258,29.4811051966662,54.9911082659367,22.6608265116947,24.626762271523,39.2352958174865,28.9850415845718,17.7016382623804
0.276635127601253,0.266903216825597,0.295828346124722,0.219129008678181,0.22428009367718,0.128370482319951,0.139635990385727,0.285700237548212,0.279581611684137,0.268340521982452,0.237633686246284,0.322665712016487,0.166911003559164,0.290095395364801,0.271224277424324,0.251652323315056,0.185278947699601,0.274037524736343,0.208406246875995,0.485184183184515,0.212300658258755,0.0947157794731766,0.149722397864196,0.181688800328629,0.230162368087178,0.242072728230255,0.206604192764246,0.244300550921423,0.230787872011092,0.160266129703302
3.2579952744527e-06,3.19330564479969e-06,3.37717426646122e-06,2.6639633006198e-06,3.48084944334914e-06,2.28595223461525e-06,9.76261901541875e-07,2.97749500077771e-06,4.12686824802222e-06,3.08892686007312e-06,2.60819376762811e-06,2.92500556042796e-06,2.82632635162372e-06,4.67692865413483e-06,1.34421674147234e-06,2.67572005441252e-06,3.1961844797479e-06,2.50869936735398e-06,8.0863776474871e-07,6.16685088061786e-06,2.52017326829446e-06,1.38468351451593e-06,1.06792418819168e-06,2.56134450182799e-06,2.1106868643983e-06,2.56691851063806e-06,2.3089319824976e-06,3.06207641642686e-06,2.67832081135566e-06,1.34534792550767e-06
0,0,0,0,0,0,0,0,0,0,0,0,0,0,0,0,0,0,0,0,0,0,0,0,0,0,0,0,0,0
0,0,0,0,0,0,0,0,0,0,0,0,0,0,0,0,0,0,0,0,0,0,0,0,0,0,0,0,0,0
0,0,0,0,0,0,0,0,0,0,0,0,0,0,0,0,0,0,0,0,0,0,0,0,0,0,0,0,0,0
0,0,0,0,0,0,0,0,0,0,0,0,0,0,0,0,0,0,0,0,0,0,0,0,0,0,0,0,0,0
0,0,0,0,0,0,0,0,0,0,0,0,0,0,0,0,0,0,0,0,0,0,0,0,0,0,0,0,0,0
0,0,0,0,0,0,0,0,0,0,0,0,0,0,0,0,0,0,0,0,0,0,0,0,0,0,0,0,0,0
0,0,0,0,0,0,0,0,0,0,0,0,0,0,0,0,0,0,0,0,0,0,0,0,0,0,0,0,0,0
0,0,0,0,0,0,0,0,0,0,0,0,0,0,0,0,0,0,0,0,0,0,0,0,0,0,0,0,0,0
0,0,0,0,0,0,0,0,0,0,0,0,0,0,0,0,0,0,0,0,0,0,0,0,0,0,0,0,0,0
