9347.57115518798,6365.55280509615,8333.37361528064,6708.24526214538,10266.4924126625,8086.16690846848,6017.5104327746,5783.52204011476,6973.93035927444,9369.09829335855,9603.96176077141,7690.51197118303,8410.12386253626,10067.666825211,8498.25421153411,5856.56986573614,5699.17421526608,8866.06373323093,5824.61618655331,9235.03176849269,9354.39230113648,7704.07267083832,9476.36708249736,8720.3974185548,7650.56084046855,6098.35968278057,8188.10213362339,6224.65520228798,7711.15341409753,3913.3839210357
7131.87093870963,6365.55280509615,8333.37361528064,6708.24526214538,5991.19770675822,5685.27060483431,6017.5104327746,5783.52204011476,6548.61454563327,9296.07658641201,6876.96284068832,5961.81080112656,8410.12386253626,5863.56861328947,6155.08509124801,5856.56986573614,5699.17421526608,8866.06373323093,5824.61618655331,9235.03176849269,8143.88376068814,6772.08790478859,7799.45251304028,8720.3974185548,5012.86676624624,6098.35968278057,6903.03355722748,6224.65520228798,7711.15341409753,3913.3839210357
5564.80855015019,5753.24943205617,5926.69979934475,5672.61076569754,5991.19770675822,5685.27060483431,6017.5104327746,5464.74787536604,4931.51796262654,4957.64122952911,4783.53553148912,5217.25111901826,7403.26394773502,5863.56861328947,5666.87302683597,5856.56986573614,5699.17421526608,6194.91268862846,5824.61618655331,7014.45470320256,5558.44553667704,5080.40998372228,6971.26930022613,5825.76012388093,5012.86676624624,6098.35968278057,5802.31785536144,6224.65520228798,7654.93815237903,3913.3839210357
5197.31768399942,5735.83162556775,5926.69979934475,5672.61076569754,5715.09313519888,5685.27060483431,6017.5104327746,5151.83957187874,4931.51796262654,4957.64122952911,4783.53553148912,5217.25111901826,6525.82942331582,5781.37668069128,4964.46770424416,5856.56986573614,4073.09968220987,6194.91268862846,5814.78478655644,5699.94301588205,5558.44553667704,5080.40998372228,6016.19769448214,5825.76012388093,4656.68615389155,5751.97128939786,5802.31785536144,4673.23475043553,6377.84408546291,3913.3839210357
4044.03347231238,5552.54667712746,5547.78354723613,4573.74456827775,5491.03961351797,3917.39828923503,4173.22467807192,3992.27002960645,4931.51796262654,4884.58554429315,4783.53553148912,4093.57521626277,4843.61353043254,5486.29606865695,4817.42500251289,4357.69052934232,3991.18810024676,4536.86025148441,5218.47452662247,5699.94301588205,5249.29973600993,5080.40998372228,5400.42086364366,5825.76012388093,3893.67675526424,4079.61373663937,4576.6762729183,4474.44180999152,6377.84408546291,3913.3839210357
2792.5640076796,2991.01342991682,5287.84031622039,3131.60545791426,3446.94714487858,2956.54652343128,2802.73681274347,3992.27002960645,3261.23493592641,4551.05285860793,4113.3192703397,2254.27019589184,3519.64102999984,4350.64568482851,3141.28671388166,3090.63619759436,2937.22698590789,4536.86025148441,3013.73089084944,3829.0929093498,4676.07060769472,3876.11768768149,4493.55210804745,4580.33192382058,3054.67962107398,2720.71921739226,4025.40394404657,2791.23857011972,3382.71011575021,3913.3839210357
1507.67193581682,1547.85869164773,1691.30102536547,1428.57390777795,1712.25536822703,1205.16588865373,1375.51672822333,2264.19960459093,1381.45552557779,1413.77520880962,1416.15885871911,1261.8944941516,1505.10318883663,1612.08414274489,1457.98836328377,1303.01859374239,1357.21331444221,2568.50883486663,1231.42412532316,1556.87746377232,1952.56486701219,1408.66925653795,1675.77415826138,1675.32137542506,1620.40960860212,1456.75352886436,1986.18097659476,1423.91001076116,1465.17177191421,1759.58495813736
798.262688019054,937.40226325116,953.165620824208,748.802405750335,984.354056077939,728.294966629122,838.0204529887,956.973820560527,719.843364049485,746.504202700346,777.627495127642,762.651117035918,854.804110159524,747.887724419802,888.37660530734,763.634930799877,781.191734816492,718.944813120411,831.62251115926,815.35319997642,769.36759749301,889.068197879441,649.265772923146,885.74757026065,759.347392310509,734.0798579136,735.645444085428,761.43332173685,868.238272915751,846.486364461609
353.056868382972,365.060154691144,403.139738119537,369.265754822678,376.194704836309,427.879051471018,360.521046044209,399.254206036359,370.673073109316,363.844373719553,372.349537209619,365.160488260231,366.57895849989,391.85673797082,385.055471535785,364.227997910008,373.187011371897,409.110539560317,341.332846608592,360.100837854111,374.495306243911,384.376908505456,409.881604505255,374.817378088908,365.698272023188,370.519629459933,375.253562703218,371.882319449951,364.117287855105,365.310954310741
302.371016413575,304.118751056501,304.420930770171,303.453339612725,304.289790606346,400.762396397134,302.984382492232,304.051877473779,304.211653839261,304.03218761326,303.649136383744,303.536430352903,303.557819228473,303.15467210922,304.113606394364,302.087343246696,303.795987886583,400.670810017009,303.343885684582,304.523675991483,304.666434210059,303.962746305474,400.475193817736,303.26944152747,302.427260076779,302.639156692075,303.284761389791,302.54642477997,303.878494409929,302.985207186363
300.010432064532,300.024469459798,300.021205369469,300.013733940721,300.014483385327,400.003941301551,300.00940749503,300.022009283535,300.014434441759,300.015439923049,300.015848322261,300.011707761964,300.015014200345,300.020297267352,300.015569980767,300.01941684438,300.019058191297,400.003834342208,300.016918799186,300.018493511219,300.017885832733,300.018057401313,400.0029975555,300.016459387803,300.013196966458,300.007717083922,300.021423075324,300.015250361408,300.018124181916,300.019576643038
300.000000913712,300.000001559697,300.000002273004,300.000000964061,300.000001371105,400.000000332256,300.000001425974,300.000001095746,300.000001844046,300.000001149697,300.000001079372,300.000001186526,300.000001591414,300.000002048293,300.000001432707,300.000001072999,300.00000166919,400.000000386783,300.00000075408,300.000001147251,300.000001777571,300.000001314074,400.000000311393,300.000001311954,300.000001222252,300.000001252706,300.000001279814,300.00000134026,300.00000138642,300.000002674412
300.000000000003,300.000000000003,300.000000000004,300.000000000003,300.000000000003,400.000000000001,300.000000000004,300.000000000003,300.000000000003,300.000000000005,300.000000000003,300.000000000004,300.000000000003,300.000000000003,300.000000000002,300.000000000004,300.000000000003,400.000000000001,300.000000000002,300.000000000004,300.000000000003,300.000000000003,400.000000000001,300.000000000004,300.000000000003,300.000000000004,300.000000000003,300.000000000004,300.000000000003,300.000000000004
300.000000000003,300.000000000003,300.000000000004,300.000000000003,300.000000000003,400.000000000001,300.000000000004,300.000000000003,300.000000000003,300.000000000005,300.000000000003,300.000000000004,300.000000000003,300.000000000003,300.000000000002,300.000000000004,300.000000000003,400.000000000001,300.000000000002,300.000000000004,300.000000000003,300.000000000003,400,300.000000000004,300.000000000003,300.000000000004,300.000000000003,300.000000000004,300.000000000003,300.000000000004
300.000000000001,300.000000000002,300.000000000002,300.000000000001,300.000000000001,400,300.000000000002,300.000000000002,300.000000000002,300.000000000002,300.000000000002,300.000000000001,300.000000000001,300.000000000002,300.000000000002,300.000000000002,300.000000000001,400,300.000000000002,300.000000000002,300.000000000002,300.000000000002,400,300.000000000001,300.000000000002,300.000000000001,300.000000000001,300.000000000002,300.000000000002,300.000000000002
300.000000000001,300.000000000001,300.000000000001,300.000000000001,300.000000000001,400,300.000000000001,300.000000000001,300.000000000001,300.000000000001,300.000000000001,300.000000000001,300.000000000001,300.000000000001,300.000000000001,300.000000000001,300.000000000001,400,300.000000000001,300.000000000001,300.000000000001,300.000000000001,400,300.000000000001,300.000000000001,300.000000000001,300.000000000001,300.000000000001,300.000000000001,300.000000000001
