546.91065714092,441.842551637143,507.356096432844,569.587314878511,414.518861740204,486.253460718944,569.39902837565,506.990350756541,476.781969084791,473.324337486097,533.956717375363,520.685752466766,453.926994910111,509.54515151716,430.937807608362,477.135050580541,589.63007679126,514.845270469426,480.601522205722,491.069290772852,395.580267339834,518.160403570356,505.370711259556,442.687823930692,576.256548781021,543.632743352303,481.888834264446,497.078895293721,487.565166548522,573.09012253515
317.050309196207,295.965491103703,339.171861856565,357.800068471111,343.907547047599,322.976067008899,343.786030923757,360.093614088611,344.868743474863,371.179756512248,312.10660757746,350.369435474224,335.900697430723,329.448266878973,324.479548231074,296.134284973074,386.116475604262,325.897418594633,336.854165029062,328.418210354617,313.143924894093,335.403758249047,334.130261284005,316.30617269679,345.144188666411,341.001058803446,314.283879172299,318.085531182641,312.526480897644,343.531903067892
281.897364493531,257.821383969385,283.570042694446,317.114709027743,289.021088448425,262.788358160938,287.864527909413,281.271746354769,277.232473210124,293.883549974692,266.570297603995,269.627240594421,277.996091174408,280.446226472843,267.875816888858,247.591389849063,297.266452746439,261.435024560451,290.869749016158,270.775765207328,270.417206381539,283.377042858887,270.313332021804,265.986675682228,279.611736697237,281.704515301768,271.878675845982,266.461781722125,263.599935730083,272.81334132533
259.902884659245,242.115766878718,256.953644236938,255.940995072737,254.878601712282,241.56254687408,249.518041729936,243.248900425901,242.771626152247,244.756542700246,245.431461161567,238.947345502288,257.377321979245,241.152422300119,236.941591569237,232.960883823699,254.94237289953,246.792682031167,246.358212584954,253.848447602573,249.691705648551,255.101273513092,243.427492115683,250.486168950818,251.458023948705,247.898306767624,251.628468643895,249.92399356939,246.327962007665,244.568910348279
259.32182304065,242.007264486314,255.777886915174,251.788965624046,253.699905029587,240.589625858153,247.338588376821,241.576270402606,241.527205775072,243.157588386395,244.96261592376,236.709703349281,256.349689100166,237.68552338579,236.881706114082,232.868743829776,251.844731297174,246.326131328241,244.884171157658,253.324640785996,249.400166764787,253.071737432971,242.615490859439,250.299179685745,250.092932443458,246.423923955769,251.318479954791,249.821109288352,245.801550711456,243.898144887751
259.321747378777,242.007262692706,255.777629708906,251.78812857082,253.698788885503,240.589411172386,247.337784882011,241.575733739972,241.526838302736,243.157498818506,244.962600536463,236.709177892888,256.349524159183,237.684127549829,236.881706006515,232.868743155024,251.844578627178,246.326098235099,244.884117741053,253.324605423292,249.400156532282,253.070931985385,242.615403350167,250.299178022625,250.092721707092,246.423780105022,251.318474489428,249.821108734725,245.801391409171,243.898065585888
259.321747378776,242.007262692706,255.777629708894,251.788128570749,253.698788884589,240.589411172378,247.337784881916,241.575733739934,241.526838302703,243.157498818505,244.962600536463,236.70917789288,256.34952415918,237.684127548924,236.881706006515,232.868743155024,251.844578627176,246.326098235099,244.884117741053,253.324605423291,249.400156532282,253.070931984656,242.615403350162,250.299178022625,250.092721707086,246.42378010502,251.318474489428,249.821108734725,245.801391409146,243.898065585887
259.321747378776,242.007262692706,255.777629708894,251.788128570749,253.698788884589,240.589411172378,247.337784881916,241.575733739934,241.526838302703,243.157498818505,244.962600536463,236.70917789288,256.34952415918,237.684127548924,236.881706006515,232.868743155024,251.844578627176,246.326098235099,244.884117741053,253.324605423291,249.400156532282,253.070931984656,242.615403350162,250.299178022625,250.092721707086,246.42378010502,251.318474489428,249.821108734725,245.801391409146,243.898065585887
259.321747378776,242.007262692706,255.777629708894,251.788128570749,253.698788884589,240.589411172378,247.337784881916,241.575733739934,241.526838302703,243.157498818505,244.962600536463,236.70917789288,256.34952415918,237.684127548924,236.881706006515,232.868743155024,251.844578627176,246.326098235099,244.884117741053,253.324605423291,249.400156532282,253.070931984656,242.615403350162,250.299178022625,250.092721707086,246.42378010502,251.318474489428,249.821108734725,245.801391409146,243.898065585887
259.321747378776,242.007262692706,255.777629708894,251.788128570749,253.698788884589,240.589411172378,247.337784881916,241.575733739934,241.526838302703,243.157498818505,244.962600536463,236.70917789288,256.34952415918,237.684127548924,236.881706006515,232.868743155024,251.844578627176,246.326098235099,244.884117741053,253.324605423291,249.400156532282,253.070931984656,242.615403350162,250.299178022625,250.092721707086,246.42378010502,251.318474489428,249.821108734725,245.801391409146,243.898065585887
259.321747378776,242.007262692706,255.777629708894,251.788128570749,253.698788884589,240.589411172378,247.337784881916,241.575733739933,241.526838302703,243.157498818505,244.962600536463,236.70917789288,256.34952415918,237.684127548924,236.881706006515,232.868743155024,251.844578627176,246.326098235099,244.884117741053,253.324605423291,249.400156532282,253.070931984656,242.615403350162,250.299178022625,250.092721707086,246.42378010502,251.318474489428,249.821108734725,245.801391409146,243.898065585887
259.321747378776,242.007262692706,255.777629708894,251.788128570749,253.698788884588,240.589411172378,247.337784881916,241.575733739933,241.526838302703,243.157498818505,244.962600536463,236.70917789288,256.34952415918,237.684127548924,236.881706006515,232.868743155024,251.844578627176,246.326098235099,244.884117741053,253.324605423291,249.400156532282,253.070931984656,242.615403350162,250.299178022625,250.092721707086,246.42378010502,251.318474489428,249.821108734725,245.801391409146,243.898065585887
259.321747378776,242.007262692706,255.777629708894,251.788128570749,253.698788884588,240.589411172378,247.337784881916,241.575733739933,241.526838302703,243.157498818505,244.962600536463,236.70917789288,256.34952415918,237.684127548924,236.881706006515,232.868743155024,251.844578627176,246.326098235099,244.884117741053,253.324605423291,249.400156532282,253.070931984656,242.615403350162,250.299178022625,250.092721707086,246.42378010502,251.318474489428,249.821108734725,245.801391409146,243.898065585887
259.321747378776,242.007262692706,255.777629708894,251.788128570749,253.698788884588,240.589411172378,247.337784881916,241.575733739933,241.526838302703,243.157498818505,244.962600536463,236.70917789288,256.34952415918,237.684127548924,236.881706006515,232.868743155024,251.844578627176,246.326098235099,244.884117741053,253.324605423291,249.400156532282,253.070931984656,242.615403350162,250.299178022625,250.092721707086,246.42378010502,251.318474489428,249.821108734725,245.801391409146,243.898065585887
