124.719234573874,138.1920068499,148.122991243572,123.500136973842,132.824380973984,122.594658701187,121.33916128766,140.412662700241,142.047723292793,125.810299830744,142.481745387943,139.550471935769,131.800499358742,111.372149929303,147.215670995062,145.117541937881,107.590690353062,139.793169636786,140.069171002394,128.780835699848,155.657462850732,137.071699287371,154.3990257792,133.645075176553,123.827461221962,143.209907103307,136.913411836117,152.399543725734,148.746131312208,143.720895130978
114.71143759867,106.67512887169,119.811236446906,114.052040740169,109.130083708217,122.594658701187,108.159196763232,120.798933992173,117.253748640833,100.813640657805,125.374643519983,108.595735150118,109.538347862273,102.947208110685,101.591141802339,114.961744264567,107.590690353062,101.131532059697,99.8048554165132,113.551495907354,116.393736007751,86.459669462971,121.061599247875,126.060369325709,110.336700442053,125.600946498597,88.8729218262934,99.3874130296348,109.326207794899,114.410501137054
106.598937253837,106.478958340427,115.115854955169,111.978190027344,88.5869951924535,99.7351340761835,107.103068999874,108.024952210147,92.1173258401487,100.813640657805,92.4187568370062,93.5501857125734,104.208530662934,97.9074578636582,101.591141802339,108.63869826528,107.590690353062,94.8586334086908,99.8048554165132,108.9144576495,94.587967380573,86.459669462971,107.976815119263,103.17138330555,96.9469062259149,97.3232880819209,88.8729218262934,96.9105658611024,99.8721319722893,106.206059058693
100.883729706067,102.277316393183,93.9038893929892,89.9806671099506,88.5869951924535,99.7351340761835,106.210440790567,103.145662377689,92.1173258401487,100.813640657805,92.4187568370062,92.7782601552623,89.4485796804159,93.2993534995551,88.2606049573557,102.613812074477,94.0097268157258,94.8586334086908,88.2074807643706,96.6388076375659,83.5326366631928,86.459669462971,71.0289756070963,94.9384522918084,96.9469062259149,97.3232880819209,88.8729218262934,96.9105658611024,95.1109998522013,101.898603554249
12.463961389273,72.8787645930679,6.98533007993956,3.23924233359605,6.15310995590164,5.25822753953582,5.15568520218312,5.9923271060602,87.9698978134135,6.92537795941041,5.30568116268978,76.836319446712,5.2768269903454,4.39318776385926,3.18197077708965,10.3104163155726,5.1622520782721,9.18740237490636,16.6936943988626,8.00043393140936,6.51119166203193,9.20133123538699,13.0384522326668,18.9858424723901,6.14547115776679,11.0397925611074,5.38607845361116,18.1088125262627,6.2364462538826,24.43760517556
5.9697543432203,3.97983623040329,6.9647133996566,2.98487717134958,5.96975434257365,4.97479528548843,3.97983622849267,5.96975434256251,4.9747953001629,3.9798362286308,4.97479528548888,5.96975434994602,4.97479528549843,2.98487717147259,2.98487717130365,7.95967245686927,4.9747952854849,6.96471339985942,6.96471339985294,7.95967245675888,5.96975434259025,5.96975434270973,4.97479528570602,5.96974930503995,5.96975434256888,6.96471340061419,4.97479528549002,3.97983622910976,5.96975434259832,6.96471339998277
5.96975434255978,3.97983622837319,6.96471339965308,2.98487717127989,5.96975434255978,4.97479528546648,3.97983622837319,5.96975434255978,4.97479528546648,3.97983622837319,4.97479528546648,5.96975434255978,4.97479528546648,2.98487717127989,2.98487717127989,7.95967245674638,4.97479528546648,6.96471339965308,6.96471339965308,7.95967245674638,5.96975434255978,5.96975434255978,4.97479528546648,5.96974930474073,5.96975434255978,6.96471339965308,4.97479528546648,3.97983622837319,5.96975434255978,6.96471339965308
5.96975434255978,3.97983622837319,6.96471339965308,2.98487717127989,5.96975434255978,4.97479528546648,3.97983622837319,5.96975434255978,4.97479528546648,3.97983622837319,4.97479528546648,5.96975434255978,4.97479528546648,2.98487717127989,2.98487717127989,7.95967245674638,4.97479528546648,6.96471339965308,6.96471339965308,7.95967245674638,5.96975434255978,5.96975434255978,4.97479528546648,5.96974930474073,5.96975434255978,6.96471339965308,4.97479528546648,3.97983622837319,5.96975434255978,6.96471339965308
5.96975434255978,3.97983622837319,6.96471339965308,2.98487717127989,5.96975434255978,4.97479528546648,3.97983622837319,5.96975434255978,4.97479528546648,3.97983622837319,4.97479528546648,5.96975434255978,4.97479528546648,2.98487717127989,2.98487717127989,7.95967245674638,4.97479528546648,6.96471339965308,6.96471339965308,7.95967245674638,5.96975434255978,5.96975434255978,4.97479528546648,5.96974930474073,5.96975434255978,6.96471339965308,4.97479528546648,3.97983622837319,5.96975434255978,6.96471339965308
5.96975434255978,3.97983622837319,6.96471339965308,2.98487717127989,5.96975434255978,4.97479528546648,3.97983622837319,5.96975434255978,4.97479528546648,3.97983622837319,4.97479528546648,5.96975434255978,4.97479528546648,2.98487717127989,2.98487717127989,7.95967245674638,4.97479528546648,6.96471339965308,6.96471339965308,7.95967245674638,5.96975434255978,5.96975434255978,4.97479528546648,5.96974930474073,5.96975434255978,6.96471339965308,4.97479528546648,3.97983622837319,5.96975434255978,6.96471339965308
5.96975434255978,3.97983622837319,6.96471339965308,2.98487717127989,5.96975434255978,4.97479528546648,3.97983622837319,5.96975434255978,4.97479528546648,3.97983622837319,4.97479528546648,5.96975434255978,4.97479528546648,2.98487717127989,2.98487717127989,7.95967245674638,4.97479528546648,6.96471339965308,6.96471339965308,7.95967245674638,5.96975434255978,5.96975434255978,4.97479528546648,5.96974930474073,5.96975434255978,6.96471339965308,4.97479528546648,3.97983622837319,5.96975434255978,6.96471339965308
5.96975434255978,3.97983622837319,6.96471339965308,2.98487717127989,5.96975434255978,4.97479528546648,3.97983622837319,5.96975434255978,4.97479528546648,3.97983622837319,4.97479528546648,5.96975434255978,4.97479528546648,2.98487717127989,2.98487717127989,7.95967245674638,4.97479528546648,6.96471339965308,6.96471339965308,7.95967245674638,5.96975434255978,5.96975434255978,4.97479528546648,5.96974930474073,5.96975434255978,6.96471339965308,4.97479528546648,3.97983622837319,5.96975434255978,6.96471339965308
5.96975434255978,3.97983622837319,6.96471339965308,2.98487717127989,5.96975434255978,4.97479528546648,3.97983622837319,5.96975434255978,4.97479528546648,3.97983622837319,4.97479528546648,5.96975434255978,4.97479528546648,2.98487717127989,2.98487717127989,7.95967245674638,4.97479528546648,6.96471339965308,6.96471339965308,7.95967245674638,5.96975434255978,5.96975434255978,4.97479528546648,5.96974930474073,5.96975434255978,6.96471339965308,4.97479528546648,3.97983622837319,5.96975434255978,6.96471339965308
5.96975434255978,3.97983622837319,6.96471339965308,2.98487717127989,5.96975434255978,4.97479528546648,3.97983622837319,5.96975434255978,4.97479528546648,3.97983622837319,4.97479528546648,5.96975434255978,4.97479528546648,2.98487717127989,2.98487717127989,7.95967245674638,4.97479528546648,6.96471339965308,6.96471339965308,7.95967245674638,5.96975434255978,5.96975434255978,4.97479528546648,5.96974930474073,5.96975434255978,6.96471339965308,4.97479528546648,3.97983622837319,5.96975434255978,6.96471339965308
