277.773976787361,688.857351849873,461.967523269216,416.329668449395,560.84780506519,454.393589772204,250.945012841384,631.305873532521,484.060957697178,380.010098574672,396.640830482883,415.312993057258,621.279336161934,446.724991008272,292.178322981975,533.418759446969,345.088790018431,443.580948837141,361.816727212549,395.325673695807,358.719634004166,573.987825853414,552.997525536305,651.801876664287,262.731968331856,566.519163019944,424.955119841839,227.605286997532,409.714165976879,548.860673831107
277.773976787361,542.028888345776,461.967523269216,401.857228777439,560.84780506519,443.965317514954,250.945012841384,499.793989071601,484.060957697178,380.010098574672,396.640830482883,415.312993057258,616.241081377031,446.724991008272,292.178322981975,458.509578385113,321.010954140362,235.404709760066,361.816727212549,395.325673695807,358.719634004166,365.075143924398,520.671815290652,543.172468445309,262.731968331856,558.294954090972,424.955119841839,227.605286997532,248.104750909104,548.860673831107
277.773976787361,542.028888345776,461.967523269216,323.342360863369,560.84780506519,443.965317514954,250.945012841384,397.509567164814,484.060957697178,380.010098574672,396.640830482883,298.358569006864,616.241081377031,446.724991008272,292.178322981975,458.509578385113,321.010954140362,235.404709760066,361.816727212549,395.325673695807,358.719634004166,365.075143924398,520.671815290652,543.172468445309,262.731968331856,558.294954090972,424.955119841839,227.605286997532,248.104750909104,295.295012491416
277.773976787361,419.897540416229,436.407471592222,323.342360863369,532.386143518134,421.97012135671,250.945012841384,397.509567164814,393.713342128326,324.104724389711,396.640830482883,298.358569006864,499.774957103369,446.724991008272,292.178322981975,421.050275205434,321.010954140362,235.404709760066,361.816727212549,395.325673695807,358.719634004166,365.075143924398,467.145407197369,543.172468445309,262.731968331856,420.710404895126,424.955119841839,227.605286997532,248.104750909104,295.295012491416
277.773976787361,419.897540416229,436.407471592222,323.342360863369,469.182067885675,324.564903883777,250.945012841384,397.509567164814,358.882330296549,324.104724389711,357.680098921658,288.500215880975,316.920346471379,371.58017245845,292.178322981975,224.030940090401,321.010954140362,235.404709760066,330.133688253055,336.563547724026,358.719634004166,365.075143924398,321.938855665285,432.337319173989,262.731968331856,396.044623696077,330.265467843225,227.605286997532,248.104750909104,295.295012491416
277.773976787361,400.952818787505,333.909765228867,269.205013724549,325.53014550502,278.388978450842,250.945012841384,304.357409685668,342.531114253574,318.928272953042,300.984343059727,288.500215880975,309.494351460101,371.58017245845,292.178322981975,224.030940090401,186.910039068534,228.868292264987,330.133688253055,336.563547724026,251.190301068811,365.075143924398,231.908425404996,277.575151124403,262.731968331856,382.079799572137,200.113223730082,227.605286997532,206.7999401385,283.9792549668
277.773976787361,393.182171883263,231.594226325667,161.140373459629,229.535154217112,232.920253850331,250.945012841384,281.494094799649,210.184362508592,318.928272953042,207.108598171426,288.500215880975,306.377967979462,287.745597773945,183.705249936474,224.030940090401,186.910039068534,228.868292264987,235.848234492431,215.70729781483,189.077362291774,242.241636412146,231.908425404996,224.834754587199,262.731968331856,274.677217249769,200.113223730082,227.605286997532,125.047532314553,258.546307893797
203.693511414206,171.341723217912,179.296978063518,143.05526689856,177.380979607683,186.134178183787,173.930047363632,216.733756304835,200.95097407311,234.568306087767,195.488086111971,226.448041852493,131.884432227858,161.347821150126,155.318022853432,224.030940090401,165.671969743255,153.102562001307,174.882347725105,186.113591619363,189.077362291774,173.230029944512,176.971503764366,175.996100635585,212.087051381041,216.744771504407,189.282682648828,158.45979538059,125.047532314553,190.717232443972
139.68092414978,110.764847212692,155.287049477436,143.05526689856,136.685296328718,145.463643564783,173.930047363632,138.018487395152,129.049511124078,152.657422726217,127.04569608833,129.99976858344,125.712215647779,148.156018335656,131.119046073579,132.768627902854,154.392898596477,149.064710145426,163.434470332573,131.565839990441,150.012537630043,160.103296329341,122.665564429352,129.378772559317,148.168428632157,169.157209190705,119.336180087634,113.825884948606,124.082216617795,130.50781506243
103.060374374915,109.058437963573,115.696895292579,105.454023777869,102.578598142292,91.9338976781746,107.415246526985,119.212238461558,120.393701409775,94.5691270205962,98.0692965643807,105.553991006517,101.353046568902,93.5272352130874,112.181940469827,93.1580361031406,116.225659029668,103.224720498691,109.005466779523,96.2050782163724,113.437692578431,106.329222632172,94.4563784889342,90.0564792845221,105.368830553901,95.1449274452411,114.939213838312,104.145739079791,99.9399849226661,96.9897590639721
76.745574274295,79.3721668126955,50.6615718714215,70.3749109906944,99.6725073658954,91.9338976781746,59.1332748227514,78.3263064677371,49.8680869841592,86.7149377067267,48.3432279613376,82.2492565741068,51.895205274549,45.0331820639119,88.6667197246265,41.7114893927205,80.5931969559551,42.0794990453003,47.8021070532941,83.7373893089589,67.0721378021699,90.8945224207455,80.4006184876293,87.1110317388006,93.1675819920179,55.2020704381566,63.2145853291354,79.3136332157292,38.7728487645511,57.5426944932078
25.3579732164055,69.5649793341736,23.9559641916985,57.6153479777067,56.9229356874739,87.1486538103895,25.5565892905659,40.5466771581478,23.8900573544072,58.9336394402631,23.0432189589571,54.5988383492431,25.6783250539875,26.0304711729577,83.6420496693172,9.02961703124765,27.431156515072,25.0577791414969,25.5651934900759,24.9062567041085,54.6126837991451,76.6826435674261,51.4302879619972,24.6114034515808,63.5881610034085,25.5216507705954,60.5680241528348,64.5780810134916,24.15137324078,56.4599473647868
20.2472428717415,51.8657356498693,22.5280292313071,53.3951164016971,21.840301286486,23.5857917256319,20.9551299660507,20.7665794982472,20.9689691504097,55.5337690160341,22.292291400405,54.5988383492431,22.338453994849,23.0753373038051,21.9157404441376,0.625222278926913,20.5540381531366,22.5698926920634,21.0600073761407,0.00483385318852925,47.7387223691596,23.3305516002367,33.2877387908247,20.5992443908131,52.9134804766859,20.6967166137779,55.4380231888563,20.9186138907849,21.64105343182,56.4599473647868
20.2019600750475,48.6283233091103,21.6831993660414,48.2972201266389,21.494839084236,21.5389818190283,20.7897214867555,20.5110594297068,20.8101108849135,47.8481469653873,1.33637736174205,50.8915154980364,21.4497626550228,22.7277478068172,20.8115431770739,0.624346518298353,20.477222064756,21.9481795682741,20.9016130786822,1.13091118691955e-08,44.2480086420837,2.5843378269492,21.7575750214844,20.4518812507113,52.9134804766859,20.4620968824734,51.1235430977208,20.4694315011093,21.4755707071868,56.4599473647868
20.12780523272,38.4442578498677,20.507842762617,45.0853835441815,21.4639964380808,21.4543420741898,20.7497640514928,20.465575843584,20.6968628330972,47.8481469653873,0.624346515366369,44.579395398775,21.39180278512,22.3503197855694,20.7079917878123,0.624346513485307,20.4525993060927,21.9481795682741,20.5775419108611,1.36515154736117e-09,43.5940300384816,1.17816945693608,20.7475293259322,20.4441687441172,44.61483129831,20.4168385519627,45.6526714879587,20.4260316995592,21.4755707071868,46.3670043661846
20.1094724604254,21.1280258418346,20.4603920037425,45.0853835441815,21.4098083470778,21.4245470903013,20.7497640514928,20.4283578980185,20.6968628330972,45.3232899722436,0.624346512140619,41.4802329959109,21.39180278512,2.19504675600183,20.7079917878123,0.62434651229205,20.4360198022775,21.3540233783633,20.5775419108611,5.8457771956455e-10,43.5940300384816,1.17816945693608,20.4302163469706,20.4404933308181,44.61483129831,20.3997669318412,45.100093225213,20.4148520769807,21.4439457042372,40.69179648616
