2217.3838586905,1281.70448761439,718.194616228642,1584.62346217169,1619.38673434131,1429.5078621685,1465.21491280602,2252.23786669734,2039.11722722739,1373.88719644885,1965.27919169503,1766.62920695454,1280.09718470517,567.192275037353,1512.92505735165,1045.14829863944,1186.77954257732,1762.84632592338,725.829087589001,1472.514435277,1516.48984881155,1464.9314156995,1755.47179795871,1991.36680422895,1391.47388623822,1443.681268056,2068.8878695742,1382.00908621525,1844.50352427572,1578.87957187282
1741.28750242362,1281.70448761439,718.194616228642,1189.3810281497,959.613202490749,1429.5078621685,1465.21491280602,1262.42207340756,1262.09462656695,1373.88719644885,1144.57409215544,1766.62920695454,976.118966428178,567.192275037353,677.89705197486,1045.14829863944,1186.77954257732,1607.23616529225,725.829087589001,1472.514435277,1062.40960968113,1464.9314156995,1162.94778728471,1818.56069420772,1168.79965644622,1443.681268056,1818.69647207659,1064.31753277678,1825.5264391278,1578.87957187282
1531.7628247188,1001.78512170178,718.194616228642,1189.3810281497,959.613202490749,1429.5078621685,1465.21491280602,764.174520342874,1262.09462656695,1295.01810576664,1093.77865013549,1371.11941899329,976.118966428178,567.192275037353,677.89705197486,1045.14829863944,1049.372226131,1554.74622658878,725.829087589001,1472.514435277,1062.40960968113,1464.9314156995,1162.94778728471,1056.09136124354,1168.79965644622,991.760300391247,1818.69647207659,1064.31753277678,1416.38217052663,846.319757053041
649.335916725403,1001.78512170178,718.194616228642,1065.60445879542,959.613202490749,1429.5078621685,1465.21491280602,764.174520342874,940.458048887357,1295.01810576664,879.565062745951,1156.39368736005,734.058074485516,567.192275037353,641.375207196919,1045.14829863944,1049.372226131,897.779417519575,725.829087589001,1472.514435277,1062.40960968113,1464.9314156995,1004.05911532864,887.259573384351,1168.79965644622,991.760300391247,1257.03968815673,1064.31753277678,1259.20841730813,620.265760705223
649.335916725403,1001.78512170178,718.194616228642,898.071859489023,959.613202490749,662.902160836912,1103.63758635049,764.174520342874,940.458048887357,826.185424215692,879.565062745951,1156.39368736005,559.443904935171,567.192275037353,641.375207196919,1045.14829863944,828.834702469674,897.779417519575,725.829087589001,1352.25422564559,822.537629157024,1004.11811516508,1004.05911532864,858.19665369861,871.253846212408,805.568496626119,777.548146676549,1064.31753277678,719.317404453828,620.265760705223
649.335916725403,802.124376146935,718.194616228642,898.071859489023,798.68340587167,461.059617594703,660.368038311968,764.174520342874,686.651802348561,758.045943090972,836.887601563943,872.315083961452,559.443904935171,567.192275037353,577.667346702154,700.841278041079,595.509911904337,704.948971078175,725.829087589001,974.790358903562,546.34792951511,869.857192331675,892.594666448489,822.598043128622,772.901203814138,700.740768951548,777.548146676549,810.716097635684,719.317404453828,465.467544505203
649.335916725403,543.385901300987,510.631309770601,647.770208638402,700.840936504944,443.896538345725,660.368038311968,764.174520342874,614.227654207138,492.109843144056,622.303147648858,513.231783477455,473.942253216218,494.236293931783,514.792683464799,535.553047328099,552.39983237536,406.841550304743,521.334196872022,714.178809797487,444.586800051378,589.752043622418,640.47349116847,465.258380515573,729.860367072747,596.675439797166,777.548146676549,681.943594545281,397.507104298578,426.143930524097
329.629047337409,386.422600530291,388.067535996344,347.011225667417,345.583519871566,372.893098984524,375.891716412676,311.791377159366,507.498128184991,307.422707743683,413.982168994958,367.050728406607,312.636196024211,328.162754288113,301.837450296315,328.710494774208,335.271928306561,272.617591585675,327.707950774311,341.800569985667,364.838933307935,333.437345881528,342.412751632864,321.701505099046,346.005433975723,355.275858169992,448.320504084977,355.421015422265,279.990841121277,295.075144070286
211.774541690136,225.677991591672,250.342342934845,204.620284840815,213.166007169685,246.5871619734,214.85558120655,206.900708201124,283.800794521115,201.602000772012,227.271145749119,202.085900339905,201.635136537373,212.303456326765,219.941074408998,213.403247518504,195.682168119441,201.951524504136,205.944655037211,199.794856503264,200.858280010842,216.071991073821,219.614799361484,209.254238642641,201.205376755975,209.389183943383,216.452695876634,211.610452765775,196.921433776522,207.711090629203
182.685727439082,184.240082924101,183.388664381733,183.943651859216,183.193322148954,184.945189657166,183.286031767431,182.963390016032,184.067390280756,182.399462257308,183.069464791063,182.295234569328,182.846362921142,183.264723830354,182.89413467647,183.726745127316,183.564846458717,181.885662477217,182.851050339099,183.007753246942,183.803544063984,183.744383044776,183.34578446677,182.822368336067,183.644521156582,182.121779840012,183.247049488329,183.235604869439,183.389190387409,183.386974091774
180.842992598846,180.860863784516,180.889568714255,180.880750289578,180.849630127782,180.914505441193,180.83059972908,180.869895966042,180.888318556032,180.830276193679,180.886985586058,180.821258665321,180.842149459324,180.86494355399,180.837521625111,180.850083781127,180.840751269264,180.827311690192,180.844378235815,180.868423086536,180.877245517323,180.8735667262,180.862188232293,180.848144975554,180.895712619812,180.865498732456,180.892215480216,180.850506789235,180.845286375511,180.859632283785
180.781420295084,180.781562665655,180.781546686876,180.781668636937,180.781391391866,180.78163330383,180.781352115849,180.781502294087,180.781528717178,180.781391161113,180.781601506686,180.781335907759,180.781458311528,180.781506787407,180.781435936688,180.781525422083,180.781483164887,180.7813182872,180.78138156251,180.781427807141,180.781427047848,180.781649910953,180.781481131509,180.781393658117,180.781489189877,180.781440834952,180.781581305435,180.781505472138,180.781389505842,180.781559197533
180.78127167975,180.781271685015,180.78127168725,180.78127168551,180.781271678597,180.781271683615,180.781271678316,180.781271680625,180.781271683685,180.781271678831,180.781271682844,180.781271678119,180.781271682188,180.781271681832,180.781271679744,180.781271682976,180.78127168144,180.781271678009,180.781271678989,180.781271682645,180.781271680937,180.781271682951,180.781271681133,180.781271679753,180.781271682687,180.781271681916,180.781271684854,180.781271682107,180.781271679247,180.781271683277
180.781271677747,180.781271677747,180.781271677747,180.781271677747,180.781271677747,180.781271677747,180.781271677747,180.781271677747,180.781271677747,180.781271677747,180.781271677747,180.781271677747,180.781271677747,180.781271677747,180.781271677747,180.781271677747,180.781271677747,180.781271677747,180.781271677747,180.781271677747,180.781271677747,180.781271677747,180.781271677747,180.781271677747,180.781271677747,180.781271677747,180.781271677747,180.781271677747,180.781271677747,180.781271677747
180.781271677747,180.781271677747,180.781271677747,180.781271677747,180.781271677747,180.781271677747,180.781271677747,180.781271677747,180.781271677747,180.781271677747,180.781271677747,180.781271677747,180.781271677747,180.781271677747,180.781271677747,180.781271677747,180.781271677747,180.781271677747,180.781271677747,180.781271677747,180.781271677747,180.781271677747,180.781271677747,180.781271677747,180.781271677747,180.781271677747,180.781271677747,180.781271677747,180.781271677747,180.781271677747
180.781271677747,180.781271677747,180.781271677747,180.781271677747,180.781271677747,180.781271677747,180.781271677747,180.781271677747,180.781271677747,180.781271677747,180.781271677747,180.781271677747,180.781271677747,180.781271677747,180.781271677747,180.781271677747,180.781271677747,180.781271677747,180.781271677747,180.781271677747,180.781271677747,180.781271677747,180.781271677747,180.781271677747,180.781271677747,180.781271677747,180.781271677747,180.781271677747,180.781271677747,180.781271677747
