20.2334472625903
3.47071829137576
24.0790814969123
3.6520377088068
2.65882294404491
23.1987782973779
3.56671733349094
3.29802781074795
5.14710344667219
22.4692647199472
21.3725697807045
3.61437110491897
24.0858054939813
3.64804563244115
3.30291470539214
23.7711879469084
0.828526568795496
3.51611164020551
3.87702720848756
4.54350315864804
2.05977838464332
3.67285237840679
7.68059080741159
4.83913168824165
22.6344599956678
3.51145999705795
4.22322563837497
4.51000796284825
4.05747092125785
2.47714736595663
