30644.7267301246,24413.8697941272,15195.8918897179,30160.7392145957,59381.3259516922,16786.4295149743,36494.0908272919,38691.7414641759,37583.596774643,21412.576316828,15231.8659815382,201420.330544164,16420.0861992417,13351.9168458878,28269.9376614963,16795.0268857405,27597.5340984273,58468.1176021595,45312.557627286,57663.3113604695,26542.243102871,13145.0293199608,25376.4635639908,20110.7667773328,12641.6869144587,28905.7289501515,25719.9854778926,12196.470010213,23925.2607670089,21926.4217804239
30644.7267301246,24413.8697941272,15195.8918897179,30160.7392145957,19086.0858957143,16786.4295149743,15448.9335165689,15127.9209549461,21501.764402831,20742.7191608662,15231.8659815382,13963.2385401254,15785.3462589006,13351.9168458878,27620.8608592149,16795.0268857405,27597.5340984273,28359.0131479886,8023.0442661107,45901.3826297119,26542.243102871,9700.47283472342,25376.4635639908,10449.8319536994,10780.3099343385,28905.7289501515,25719.9854778926,12196.470010213,13102.0535116984,13484.4398868732
10961.5263997995,24413.8697941272,14877.9751042316,18872.4820631422,13546.6150894333,16786.4295149743,15448.9335165689,11286.7177686936,21501.764402831,15276.2611737869,14407.4806544172,13963.2385401254,11601.4904423898,13351.9168458878,10948.612857178,16795.0268857405,26455.3004093136,21349.9408620787,8023.0442661107,12250.2547848363,26542.243102871,9700.47283472342,15443.4733623278,10449.8319536994,10780.3099343385,24262.9939814621,22066.6299898674,7014.53335897427,13102.0535116984,13484.4398868732
10961.5263997995,21136.6248382512,12660.7762334637,7986.08191395849,13546.6150894333,7252.95756366068,9302.82108258596,11286.7177686936,16718.2673455935,15276.2611737869,11864.0319434872,13963.2385401254,11601.4904423898,13351.9168458878,10948.612857178,5526.62773244787,6813.47077489603,4916.43736737619,8023.0442661107,12250.2547848363,23945.1542899283,7565.3784599452,15443.4733623278,10449.8319536994,8022.23957408945,10064.8046089464,18557.0541267083,7014.53335897427,13102.0535116984,7622.65893550002
10961.5263997995,9037.25974975677,8881.19915876783,7986.08191395849,11322.3367347898,7252.95756366068,5609.66551610113,9749.25109038594,10866.3975970882,15276.2611737869,10026.3076203881,13963.2385401254,11601.4904423898,13351.9168458878,8776.48855263161,5526.62773244787,6813.47077489603,4916.43736737619,8023.0442661107,11491.6415273057,15745.9044173522,7142.98668559708,8944.55907897831,8351.49662126902,6796.49745451581,10064.8046089464,13718.9019058356,7014.53335897427,13102.0535116984,7622.65893550002
3134.42682834927,2635.33477410513,5095.26977313918,2542.55240277024,4449.32616340183,1676.75876179257,1621.76527119396,1646.09915032204,4130.36493135395,1722.17851210446,3778.14766639596,6229.78468310603,5053.90728963051,3438.87446805451,5388.7653122921,3845.88560417828,4690.76758561082,1980.61860416457,5666.12465968066,3631.29095167494,2357.14960866859,6593.94736587608,1474.8602591506,4051.26184717609,1548.85856372098,8728.57388582513,7106.42958826485,4824.20007326475,1852.41081125542,1046.45982531484
45.4611301461429,378.138945571063,50.6136834345164,73.2300442967046,79.5005780212149,66.0109125834273,99.540482861797,138.365826896178,102.59017479601,248.760056298551,70.6337817775227,154.082335777159,204.963883377761,359.649312094604,375.355251206134,237.084320306426,101.880291731751,103.831691609609,309.721520351941,401.867199447628,44.6995458652295,388.357842748343,69.6406809932956,33.6622097897859,32.066199721005,444.41445920457,200.475592206134,107.930669215834,229.954129712851,48.283034728592
2.95032651909088,3.69399268070157,2.5074183097455,2.22135737447638,4.34503205825268,2.19561355499479,3.61249722510939,2.39278963343605,10.1071119474527,1.54921561997179,5.34565116717181,2.88602243959508,7.77994551018543,5.41359170442115,5.35142708541366,5.34124297710338,2.04536911989658,6.01129611113868,5.41020813227141,4.99149054002248,2.01377478546038,3.22784821151851,2.68325039764528,1.64843634333681,7.95040847653848,6.95069355859022,1.82269764234877,3.66627815698723,2.64409773536028,5.72987385437511
0.0219398737959295,0.0283540384083949,0.0181248266255238,0.0239626719550188,0.0220290832675687,0.0158537398031058,0.0180329935399186,0.0340392998072048,0.0369939537343384,0.0172238507413454,0.0374344724045272,0.105112070784799,0.050609144524401,0.119267089186053,0.114078876372162,0.0217490881715321,0.0538305390386995,0.101517602402225,0.0515125332468642,0.0206565750822278,0.0309296861029225,0.053629795217887,0.0199218149032276,0.0128461390253847,0.0420296320969555,0.041417824935138,0.0340472818651847,0.0327461745513915,0.024156530484106,0.0358856504796563
2.66794722847408e-05,1.21030772106678e-05,1.80216934495547e-05,1.57624169219162e-05,2.4771972846338e-05,6.32619787666044e-06,3.74635561684045e-06,1.74653765725452e-05,4.66664721443522e-05,5.86193880280916e-06,0.000111505207996743,2.15465514656898e-05,5.93591408346583e-05,6.19841699744939e-06,5.12609605607395e-05,6.6757725107891e-06,4.95472971238087e-05,1.94106199273847e-05,1.91992849636335e-05,2.02402445665939e-05,8.27664081270996e-06,1.70052944099552e-05,5.92768441265434e-06,1.27166298398151e-05,4.25384848767862e-06,2.53846314421935e-05,1.25289574270937e-05,1.24093784279466e-05,1.13026580379483e-05,1.73088894825923e-05
5.60930857318453e-10,1.11981535155792e-10,5.61612978344783e-11,2.26236807066016e-10,2.56704879575409e-10,8.8220986071974e-11,3.53566065314226e-11,3.66071617463604e-10,3.55669271812076e-10,1.32104105432518e-10,3.4754066291498e-10,2.05602646019543e-10,5.14432940690313e-10,8.35143509902991e-10,1.49611878441647e-10,1.03284492070088e-10,7.57722773414571e-11,2.76941136689857e-10,6.11066752753686e-11,6.11635186942294e-11,6.78710421198048e-11,5.08521225128789e-10,6.92352841724642e-11,6.16182660451159e-11,3.76871867047157e-11,1.48816070577595e-10,2.124806997017e-10,6.37214725429658e-11,6.14477357885335e-11,9.19158082979266e-11
0,0,0,0,0,0,0,0,0,0,0,0,0,0,0,0,0,0,0,0,0,0,0,0,0,0,0,0,0,0
0,0,0,0,0,0,0,0,0,0,0,0,0,0,0,0,0,0,0,0,0,0,0,0,0,0,0,0,0,0
0,0,0,0,0,0,0,0,0,0,0,0,0,0,0,0,0,0,0,0,0,0,0,0,0,0,0,0,0,0
0,0,0,0,0,0,0,0,0,0,0,0,0,0,0,0,0,0,0,0,0,0,0,0,0,0,0,0,0,0
0,0,0,0,0,0,0,0,0,0,0,0,0,0,0,0,0,0,0,0,0,0,0,0,0,0,0,0,0,0
