3134.42682834927,2635.33477410513,5095.26977313918,2542.55240277024,4449.32616340183,1676.75876179257,1621.76527119396,1646.09915032204,4130.36493135395,1722.17851210446,3778.14766639596,6229.78468310603,5053.90728963051,3438.87446805451,5388.7653122921,3845.88560417828,4690.76758561082,1980.61860416457,5666.12465968066,3631.29095167494,2357.14960866859,6593.94736587608,1474.8602591506,4051.26184717609,1548.85856372098,8728.57388582513,7106.42958826485,4824.20007326475,1852.41081125542,1046.45982531484
40.9708917861013,43.4382654205684,25.2971501965125,23.0273383699405,16.7642429095528,19.4357176167177,26.1657513392277,12.0688632987026,22.6053321386745,15.5034605282742,34.8511483287575,33.0371605869706,25.8331069499111,49.1263817709369,45.0283761300409,39.9427399126726,33.5843959092699,41.2033470502615,28.7603453522771,27.6872143225457,10.5829221843187,32.0939225562923,12.2237422535007,6.18682815154153,26.0276938071206,48.1200701205818,25.3816415528078,23.7554218977708,25.5749300558498,19.79065456006
0.88972598063026,0.582825148941026,0.854694593653676,0.476046836072385,0.63094432410611,1.33950391561655,0.927590051360028,0.611850057266111,1.47951091560174,0.434335973468933,1.34002111093571,1.95068880475458,1.84305193469061,0.349267811480161,1.4880070746355,0.41230869900636,1.16476945834256,1.48054860460388,1.71771762732908,1.14625360038838,0.696842825463932,0.788293150323682,0.773186591170372,0.192852971027435,0.677672106525449,1.19456101722005,0.882348040323848,0.471102396362085,0.765211652579467,0.605809625543543
0.0022846711530633,0.00106408448397133,0.00137042155336076,0.0017088379840402,0.000577638975869377,0.000497951136026131,0.00111326397160383,0.0016581181436095,0.00160355572131721,0.000824457116209487,0.00254425299397099,0.00192731536498059,0.00324386506480323,0.00342535199348504,0.00261046785647068,0.000498046448399236,0.000918521516780402,0.00160672667868766,0.00209496126711883,0.00160929304809088,0.000981051984240366,0.00126495454372844,0.00121579559169049,0.000560561843144569,0.000456013260418331,0.001928062133004,0.00128493100527294,0.0012772494239357,0.000588882022157122,0.000921580833107782
5.60930857318453e-10,1.11981535155792e-10,5.61612978344783e-11,2.26236807066016e-10,2.56704879575409e-10,8.8220986071974e-11,3.53566065314226e-11,3.66071617463604e-10,3.55669271812076e-10,1.32104105432518e-10,3.4754066291498e-10,2.05602646019543e-10,5.14432940690313e-10,8.35143509902991e-10,1.49611878441647e-10,1.03284492070088e-10,7.57722773414571e-11,2.76941136689857e-10,6.11066752753686e-11,6.11635186942294e-11,6.78710421198048e-11,5.08521225128789e-10,6.92352841724642e-11,6.16182660451159e-11,3.76871867047157e-11,1.48816070577595e-10,2.124806997017e-10,6.37214725429658e-11,6.14477357885335e-11,9.19158082979266e-11
0,0,0,0,0,0,0,0,0,0,0,0,0,0,0,0,0,0,0,0,0,0,0,0,0,0,0,0,0,0
0,0,0,0,0,0,0,0,0,0,0,0,0,0,0,0,0,0,0,0,0,0,0,0,0,0,0,0,0,0
0,0,0,0,0,0,0,0,0,0,0,0,0,0,0,0,0,0,0,0,0,0,0,0,0,0,0,0,0,0
0,0,0,0,0,0,0,0,0,0,0,0,0,0,0,0,0,0,0,0,0,0,0,0,0,0,0,0,0,0
0,0,0,0,0,0,0,0,0,0,0,0,0,0,0,0,0,0,0,0,0,0,0,0,0,0,0,0,0,0
0,0,0,0,0,0,0,0,0,0,0,0,0,0,0,0,0,0,0,0,0,0,0,0,0,0,0,0,0,0
0,0,0,0,0,0,0,0,0,0,0,0,0,0,0,0,0,0,0,0,0,0,0,0,0,0,0,0,0,0
0,0,0,0,0,0,0,0,0,0,0,0,0,0,0,0,0,0,0,0,0,0,0,0,0,0,0,0,0,0
0,0,0,0,0,0,0,0,0,0,0,0,0,0,0,0,0,0,0,0,0,0,0,0,0,0,0,0,0,0
