57.7813360227321,62.4064349428552,74.7417007624468,100.758705639143,79.1622784377665,70.824818667448,62.8639872251632,74.5602388044961,59.2104232613947,54.3022265564997,48.1572748805809,69.0297728829615,63.4440110922608,57.7349597450586,81.6488422283867,66.9727977908562,76.2893117587571,71.0984858975182,50.8693245111783,52.0801512255676,72.9009893178566,61.5575350790431,77.8922492521147,58.9234629806027,72.624142907873,74.2829412855515,48.2203009910577,70.4189710154192,88.836540837432,65.8003419738848
53.2059992585519,62.4064349428552,67.5046386977656,87.5365562667398,56.4197733461126,57.1361135015288,59.8388505540174,69.8836897534593,59.2104232613947,49.0015319665338,46.5740538580842,63.0535355807232,63.4440110922608,57.6769987793671,67.8327904884819,66.6887175795709,57.1186111560634,52.9696323646242,50.8693245111783,52.0801512255676,70.4867133740821,61.5575350790431,77.8922492521147,44.8121305327204,69.9475869147287,62.1524044858032,48.2203009910577,68.5717086915067,47.5709425233478,65.8003419738848
50.5421431248227,51.571550599338,45.762102782539,67.674193393822,50.4095882344695,44.2967646107306,45.2435722075405,61.2564706582646,37.7618658485864,47.099117755977,39.3574910590312,43.3344996847608,53.658003003338,48.426491915647,54.6865259145217,38.8794521237381,57.1186111560634,38.4475824335934,50.4022100117135,38.7680432681044,50.497421464916,60.2349585238671,71.0037777034054,44.8121305327204,36.8880261182006,56.3067735061983,48.2203009910577,65.7578807493264,44.0084942993733,64.8194092071392
39.3657643845152,51.571550599338,45.762102782539,37.3954394536156,44.7289826637577,44.2967646107306,24.8363098409606,44.0927978678455,36.1310159857774,29.9816855956584,24.8819161487876,43.3344996847608,39.3733679571022,48.426491915647,33.2496948491485,31.6942902424884,42.0901823955847,38.4475824335934,24.1913930556221,23.4668020681929,22.9234821789704,54.343216635612,48.3187727563189,35.4070970060254,36.8880261182006,32.8699585114394,29.6735005766238,49.7564999297375,44.0084942993733,48.1735378038074
27.5789225021132,28.6703599784454,34.7295525381637,36.1165907823926,27.6514042977318,25.0092033422965,20.3316086890438,18.4995119505908,18.3414183700003,22.3008044309806,16.4647461307552,31.5878054554988,25.2982882114794,38.2209622485058,30.6271242494631,30.414990613107,37.9358196997287,32.8731485778162,16.8260960328942,16.4067092791329,22.9234821789704,39.3739518897611,43.5853970988976,18.844102576304,19.2851303892375,21.3849805334488,23.1974096702078,36.7782547387486,18.6433530901992,42.2576376636919
9.47288091177768,13.5565692820446,12.9474634941564,23.2464276257853,12.4533288479274,8.69504068888955,6.77084048856534,8.30278021190838,12.9925106891743,10.4893291089026,10.8365932302621,9.93994432169757,12.0828311387921,23.2981154535936,8.55146860038326,16.9653161643494,13.4485194868937,17.8041322525095,11.0416758254453,10.791170129525,11.6934076124531,16.532751128927,9.58238720965835,14.3027889164458,10.6899280866155,11.7548225392271,7.85921220440468,13.4036362761738,10.9528381670966,21.1306093098988
3.01952665160218,4.22133441112612,10.8252973180122,3.99293805644368,4.99424509319783,4.71761907564519,2.5287422713069,4.76607935668892,4.44054949735778,4.98529085385951,4.95052660096269,5.22607149294515,4.72656628734876,3.98119848577426,5.72536788515015,4.80542518089976,5.02720305664411,4.54982177365127,4.07833031134817,4.43031529598557,4.77705636733219,8.83284245914388,6.26278569362319,6.26421300680249,2.80795588459512,7.90028303653992,3.51968715109422,3.93600340446619,4.52479599375181,9.71971616008079
1.19345236410436,1.75569715045276,1.78966904059712,1.72657928780961,1.27827413672821,0.955811221278282,1.33455531845493,1.53626644680151,0.882816142728188,1.51373771015187,1.87392038276994,1.24495222227256,1.68502139788052,1.3518505733266,0.911594282879946,1.15066516628747,1.44640880220732,1.28160809639962,0.684887552207215,1.05247380967467,1.31580480717321,4.07495456844458,1.15949770942439,0.868641724795339,1.24441428758928,1.6357328454967,0.687169151558464,0.793865221251053,1.34769219914961,1.63731220296859
0.153578633288816,0.2813563968881,0.229593531844671,0.158206659532198,0.12734030593208,0.250998412759373,0.227364508521987,0.226314392945824,0.143261428875235,0.151922039818373,0.183369726211026,0.225372535421002,0.220673905068224,0.149796508171107,0.104813694410154,0.203826927102796,0.203193067599614,0.159924762709124,0.117689972866856,0.126385296501098,0.163812749303816,0.409122231314655,0.185864158737445,0.168590007823695,0.134293260220943,0.180722134061966,0.157220524547029,0.13056413216384,0.147058255553588,0.233306147285248
0.00439650047940177,0.00816061162504411,0.0156897462622965,0.0143779349144779,0.00458071268280946,0.00427991971662323,0.00921427874038727,0.00918969173039841,0.00642414854587514,0.00757209862831587,0.0115003423228472,0.00817128369021702,0.00969082283552325,0.0119243853571334,0.00891382315978717,0.00479946156326605,0.011179773472918,0.0137700314053291,0.00506068770675938,0.00702996750112561,0.00732140370951129,0.0142727228380863,0.00746512440275637,0.0105607687473821,0.00571849725747597,0.00790784498587982,0.00566151243344848,0.00854110629984461,0.00873668457586518,0.011160272385041
4.76642273952166e-05,0.000126580547657795,0.000164803643883715,0.000135480582002856,0.000132060183091198,8.66888974542235e-05,8.218714629038e-05,0.000218520587736748,8.9674318815014e-05,5.43501741958607e-05,4.88920534280624e-05,6.49182653660318e-05,0.000154056558699267,5.17060194624719e-05,8.02558014356691e-05,6.04009585458698e-05,0.00013193482106999,0.000135372996624028,5.25853221233774e-05,6.98826316920531e-05,9.62246433573455e-05,0.000216751125549308,6.54250985689941e-05,6.40922166894597e-05,5.18211201097074e-05,8.05052638952475e-05,9.75949437815871e-05,3.97080127640947e-05,9.21995941780551e-05,7.90395095009444e-05
1.507099796072e-07,2.23202050619875e-07,1.25745600598748e-07,2.05719402401883e-07,1.67082248481165e-07,1.8557568637334e-07,1.01917521533323e-07,3.40367364515259e-07,8.35500486573437e-08,3.93727077607764e-08,7.51304014556808e-08,5.7164811551047e-08,9.53115204538335e-08,6.38946175968158e-08,5.83198243475636e-07,1.24958319247526e-07,1.44074647323578e-07,1.1220618034713e-07,4.73200998385437e-08,1.450415538784e-07,6.90332626618329e-08,2.09519839700079e-07,9.27116161619779e-08,6.90165506966878e-08,1.21483367365727e-07,9.08827360035502e-08,6.61701733406517e-08,7.0969349508232e-08,7.06002765582525e-07,1.01119667306193e-07
0,1.13686837721616e-13,0,1.13686837721616e-13,1.13686837721616e-13,0,0,1.13686837721616e-13,0,0,0,0,1.13686837721616e-13,0,3.56381860910915e-07,0,1.13686837721616e-13,0,0,0,0,0,0,0,0,1.13686837721616e-13,0,0,3.55537622453994e-07,0
0,0,0,0,0,0,0,0,0,0,0,0,1.13686837721616e-13,0,3.55992483491718e-07,0,0,0,0,0,0,0,0,0,0,1.13686837721616e-13,0,0,3.55468500856659e-07,0
0,0,0,0,0,0,0,0,0,0,0,0,1.13686837721616e-13,0,3.55606402990816e-07,0,0,0,0,0,0,0,0,0,0,1.13686837721616e-13,0,0,3.55391080120171e-07,0
0,0,0,0,0,0,0,0,0,0,0,0,1.13686837721616e-13,0,3.55369365934166e-07,0,0,0,0,0,0,0,0,0,0,1.13686837721616e-13,0,0,3.55373799720837e-07,0
