91.9181481525511,79.0896979210884,64.1885278375562,74.6691841756924,71.7214616772881,66.3137416143063,88.6835463266057,79.0393343433025,84.6286860371456,89.9680971886914,82.6133799733298,63.5176170116206,111.889229997463,78.702109944194,128.53292008649,68.4279958117177,78.6211857165777,79.100894189779,73.2969836303196,94.8999354384619,68.9438791097609,90.7487434754789,73.7796597245215,73.2961785525317,74.5949078476847,89.4578318537015,115.427146308857,75.4320441576529,75.667282244242,114.264440442686
54.771158056029,48.6156563019131,60.024180634085,62.4406380838741,55.486630213747,58.9316395713686,85.7096209986084,71.6489049183683,66.9486566094511,67.6506206173499,64.9316223447386,58.3063926320974,59.0749613256326,62.4399450839005,53.6564607372202,51.2504414701607,53.7803910880666,75.4827070171596,69.99680047623,73.8420062823366,67.3634302475916,56.7085105466476,62.0572957193313,56.2794574625077,59.8832709344815,70.2120209859177,60.0735988288916,73.7794717696429,56.721335264057,49.6862369705
41.2503167452614,41.6529485865465,41.7221326756155,51.942710464481,49.6989138700742,52.790108839733,60.3725988278106,56.2163964238862,51.5350954906198,57.8197774998985,40.7933262964539,58.3063926320974,54.0608966337013,62.4399450839005,53.6564607372202,49.5686936791112,40.7495611262416,59.9131519408947,60.0116984750903,68.5388713241437,48.8813540409906,50.8403870992856,35.1510709092249,56.2794574625077,50.9373291574016,62.7288539976603,60.0735988288916,51.5183048912731,53.2124848791168,45.8676560321535
12.3833059257408,26.0431854778114,41.7221326756155,36.0319635723699,32.672454351896,47.9872785091925,43.2461218480687,36.7672539823914,32.6015757658595,32.7128750766535,28.606635326998,48.5179241875367,32.2932069292031,32.9430800155844,31.0313971758524,18.4858318354138,25.4123112603622,56.8255575708604,34.576868792798,37.8647459205004,24.9452240477126,32.9422958804003,26.4179392565468,49.2399968726959,27.5648689401812,47.8357744453308,52.904129576762,34.2302988227498,33.6015571445425,17.7191868874115
1.00659124588992,8.40417492271808,9.16488278617521,21.2678817630078,21.9673717969351,7.54022088910824,24.0937838276493,24.1206912996511,2.36030598852949,8.4989471347692,0.866850608606455,6.81623530072625,22.6820417560482,21.156445127345,6.17483650755571,4.60282376206533,22.2628608011394,24.9850288025434,23.6524344030749,22.4222109245341,3.63999817800936,3.40642724189502,22.739257570714,4.54410208862282,22.0534520615479,22.0237985304261,52.904129576762,22.1680112984127,0.770497302454714,1.59721795707583
0.994959061561303,1.61906661467083,1.6190638300302,21.0549213651852,20.1001840667225,6.30047452432336e-06,0.441452607771225,22.2342892540939,1.98991817189426,5.28200553162606e-06,0.624099388496461,1.41366839288298,21.4155653662679,21.156445127345,1.58922084434812,1.61905920057279,21.5674537090315,0.669371107697998,22.4892972375287,8.92271486918617e-06,2.42140924803607,1.0485373836907,21.4937529766712,5.64205247428617e-05,4.42957320768778,20.7420367899372,20.1211981973174,4.01668347643545,0.624099387573551,0.668259414465183
0.994959061421014,1.61905837972222,1.6190583808409,21.0362978151215,20.0839389017983,1.52408574649598e-09,7.93515937402844e-08,22.2342892540939,1.98991811599126,2.51839082920924e-09,0.624099321800259,1.16399294499524,21.1817330284132,21.156445127345,1.27556412649892,1.61905837942004,21.4138249558071,0.624099326976648,22.4115701380763,1.86651050171349e-09,1.62283908481686,0.659409736820407,21.4706604174489,3.75689523934852e-09,0.471153718598316,1.94920870101191,20.0887646538411,2.29248181252092,0.624099321467611,2.58958380072727e-07
0.994959060501969,1.61905837923632,1.6190583808409,21.0362978151215,20.0651407359826,7.5692696555052e-10,1.56592250277754e-09,22.2342892540939,1.98991811599126,2.27169039135333e-09,0.624099321800259,1.16399294499524,2.19401879988459,21.156445127345,1.02098332201808,1.61905837942004,0.624105194814774,0.624099321142012,22.4115701380763,1.86651050171349e-09,1.61905838300754,0.659409736820407,5.71933479974632,3.75689523934852e-09,0.471153718598316,0.931403761364209,20.0849794236699,2.29248181252092,0.624099321227504,2.28192220674828e-09
0.994959060241854,1.61905837918107,1.6190583808409,21.0294237704538,20.0651407359826,3.97903932025656e-11,1.37015376822092e-09,22.2342892540939,1.98991811599126,1.67688085639384e-09,0.624099321800259,1.16399294499524,1.22416364098285,21.156445127345,1.02098332201808,1.61905837942004,0.62409932212995,0.624099321142012,22.2082561558348,1.86651050171349e-09,1.61905838021926,0.608895955063645,4.64385503940116,4.19731804868206e-10,0.391016294300925,0.931403285026818,20.0849794236699,2.01324214264082,0.624099321006724,4.42696546087973e-10
0.994959059775283,1.61905837881909,1.6190583808409,21.0294237704538,20.0651407359826,2.66027200268582e-11,1.16347109724302e-09,22.2342892540939,1.9899181157532,6.35736796539277e-10,0.624099321800259,0.880405006236515,1.22416364098285,21.156445127345,1.02098332201808,1.61905837768541,0.624099321900076,0.624099321142012,22.2082561558348,1.86651050171349e-09,1.61905837863833,0.556912044906539,4.07482986003743,4.19731804868206e-10,0.391016294300925,0.931403281294706,20.0849794236699,2.01324214264082,0.624099321006724,4.42696546087973e-10
0.994959059329631,1.61905837875179,1.6190583808409,21.0294237704538,20.0577699857909,2.66027200268582e-11,9.74750946625136e-10,22.2342892540939,1.98991811491351,5.03632691106759e-10,0.624099321178164,0.880405006236515,0.846682187638862,21.156445127345,1.02098332201808,1.61905837760651,0.624099321055837,0.62409932096989,22.2082561558348,1.86651050171349e-09,1.61905837797258,0.47538241512143,3.56474533912478,4.19731804868206e-10,0.364491042164445,0.931403280180575,20.0666629757952,2.01324214264082,0.624099320833693,4.42696546087973e-10
0.994959059205939,1.61905837875179,1.6190583808409,21.026645446083,20.0577699857909,2.66027200268582e-11,5.79575498704799e-10,21.7634278596906,1.98991811479004,5.03632691106759e-10,0.624099320917367,0.880405006236515,0.805859495756749,21.156445127345,1.02098332201808,1.61905837760651,0.624099320734558,0.624099320897813,22.2082561558348,1.86651050171349e-09,1.61905837775907,0.373230463238087,3.56474533912478,4.19731804868206e-10,0.364491042164445,0.931403280110317,20.0666629757952,2.01324214264082,0.624099320833693,4.42696546087973e-10
0.99495905893491,1.6190583786929,1.6190583808409,21.026645446083,20.0577699857909,2.66027200268582e-11,4.14729584008455e-10,21.6989176051741,1.98991811471615,5.03632691106759e-10,0.624099320801406,0.880405006236515,0.805859493491653,21.156445127345,0.996878974670381,1.61905837760651,0.624099320559253,0.624099320897813,22.2082561558348,1.86651050171349e-09,1.61905837775294,0.373230463238087,3.56474533912478,4.19731804868206e-10,0.337785581312573,0.931403280110317,20.0666629757952,2.01324214264082,0.624099320833693,4.42696546087973e-10
0.994959058285531,1.61905837868994,1.61905837938207,21.026645446083,20.0559394513953,2.66027200268582e-11,2.19642970478162e-10,21.650027459975,1.98991811471615,4.95447238790803e-10,0.62409932073615,0.880405006236515,0.805859492829313,21.0246714058096,0.996878974670381,1.61905837760651,0.624099320519235,0.624099320800724,22.2082561558348,1.78079062607139e-09,1.61905837772679,0.373230463238087,3.54516109175529,4.19731804868206e-10,0.139321636501563,0.931403280097811,20.05985376473,2.01324214264082,0.624099320754567,4.42696546087973e-10
