42.5251138746448,41.5561474485007,37.2550926884319,40.2827025840866,44.2693803781572,51.6743227627826,34.0148497646505,34.1056916967377,34.8108081183987,45.6283203404091,29.6030126174933,36.8721285293905,42.3093332423391,41.5804588902251,75.6326779009778,42.0119867654148,35.011093582159,34.3336715278556,36.3899869949255,40.0418860050563,43.5685631209981,38.3978170029282,38.6274454370669,40.4542353038851,37.6266847792767,46.8168671917124,31.3186098687165,30.4492776882134,30.1290163587842,38.6151462849498
42.5251138746448,30.3542745211294,30.6226299492005,32.0005600133359,33.2148048803942,33.4434364419367,31.65536891389,29.3140596675248,34.8108081183987,36.1261849675684,29.6030126174933,32.2755462362329,36.092367722878,30.1194223508082,36.6404912143562,36.391412659988,35.011093582159,19.7745938003677,33.93796674142,23.2641338102508,32.5730385988077,32.0034022561272,28.402415620289,35.9775402685218,35.5067511004349,32.0629677808765,31.3186098687165,30.4492776882134,28.9726204033614,32.846718107864
42.5251138746448,30.2295301941977,25.7817540744672,32.0005600133359,32.6500219631416,33.3607648340785,30.2255956450558,29.3140596675248,28.6369279956562,36.1261849675684,29.6030126174933,26.5639255080068,32.0360997541097,27.136438476,34.6795418291649,25.6861276129748,31.0104943638748,17.352370140306,33.5278469852533,23.2641338102508,29.0444826158782,29.0387096853433,27.1226071025926,26.995547066268,29.7126170756801,28.446804323411,31.1836632041795,30.4492776882134,25.3358161768433,32.846718107864
42.5251138746448,24.7906712341151,25.7817540744672,27.5900252083575,27.7793578679034,25.149198678494,25.4940951924982,27.0701078645529,28.6369279956562,20.6590808967417,26.3146125584067,14.9891929281766,30.059335919771,26.2156221714254,28.8267396623537,6.1960725963977,29.6059854537766,10.1842908921144,13.4944171469579,23.2641338102508,26.4551768628812,25.8084097640071,25.7406512925077,14.8716857138115,21.1169270947084,14.6013724609065,27.9111297072513,27.1838422577302,25.3358161768433,21.6542872360733
42.5251138746448,10.0992002319681,24.7173615094243,23.8411089014749,12.7194744755247,25.149198678494,24.645153014877,24.6072913190751,7.45478135156327,11.1698551652144,24.6082168138018,9.483723287472,26.4581685825947,24.1346220357073,25.5754470417605,6.1960725963977,25.3943403630192,7.84632747674823,6.97880788236353,15.1580680682719,25.6086636045802,25.8084097640071,9.47335455932898,6.69227305794675,12.383440761635,8.17494491010029,25.6298317876781,25.0641788280618,24.4608577425265,10.8183585022243
42.5251138746448,4.41265768208905,23.8899577660163,23.8411089014749,5.7176750208414,23.337003012688,24.2095525074342,8.16903631355126,1.7129742495481,6.85973378305471,23.8889581916133,5.69416858008708,23.9381426362752,24.1346220357073,24.2588284035296,4.20975243009434,24.7784933855132,4.98264561231554,4.35301422179828,6.9869303111609,24.4515382795025,24.9678475153578,5.96057724413868,3.87109284336384,5.06967847405031,5.34350967767796,22.9787906309612,6.88340048721057,24.4608577425265,4.69591906201276
42.5251138746448,4.40741063564656,23.8899577660163,23.8411089014749,5.2071683468148,16.2843784193556,23.9688450020826,5.08414008132377,1.6045183834899,5.1513853674096,23.8889581916133,5.69416858008708,23.9381426362752,23.3423888825441,23.8094494944339,4.20975243009434,24.7784933855132,3.40845439787017,4.35301422179828,5.79158680702403,12.134400609355,24.9678475153578,4.63380278308023,3.87109284336384,4.25283805454137,1.57448628614247,22.9787906309612,5.31048885940299,23.3285120590072,4.69591906201276
42.5251138746448,3.93462805124409,23.8422061130123,23.8411089014749,4.16255070999841,16.2843784193556,23.9688450020826,4.64905491170066,0.219948397385451,2.79764592155561,23.8889581916133,5.02895147599838,22.9018775595764,23.3423888825441,23.5835710556921,3.98681632149783,23.8305427391356,3.40845439787017,3.02894176779546,4.29978396264141,12.134400609355,24.861856296211,4.63380278308023,3.87109284336384,4.25283805454137,0.750144269332395,22.9787906309612,4.85643541423997,23.3285120590072,4.0147082304552
42.5251138746448,3.93462805124409,12.1231083016737,23.8411089014749,4.16255070999841,16.2843784193556,4.978017679809,4.64905491170066,0.157239209401723,2.79764592155561,23.8889581916133,3.14678420024848,22.9018775595764,23.3423888825441,23.5835710556921,3.98681632149783,23.8305427391356,3.40845439787017,1.65880689756705,4.13093119360065,12.134400609355,24.861856296211,3.95782018276577,3.87109284336384,4.25283805454137,0.670438667332292,22.6133896033057,4.09939577156956,23.3285120590072,1.42697319739818
42.5251138746448,3.59713872545717,4.71097143032739,23.7925649608105,3.9975540775622,16.2843784193556,3.76409055343902,4.18626397354365,0.157225805513917,2.79764592155561,23.8889581916133,2.87820744269811,22.9018775595764,23.3423888825441,23.5835710556921,3.57846749203827,23.8305427391356,3.40845439787017,1.65880689756705,4.13093119360065,12.134400609355,24.5407452439113,0.872934354717017,3.87109284336384,3.88732693305928,0.66998736381629,22.0464401201616,4.09939577156956,23.3285120590072,0.20162850646102
42.5251138746448,3.59713872545717,2.78832762477487,23.6326598849046,3.2653817411001,16.2843784193556,2.89944554507701,2.79196169334045,0.157223469479959,2.79764592155561,22.707878862725,2.3314156290935,22.9018775595764,22.5066906418829,23.5835710556921,3.57846749203827,23.8305427391356,3.11498089665611,1.65880689756705,4.01800109343594,8.86928035721576,23.6667574129251,0.186469544947613,3.87109284336384,3.88732693305928,0.669878712510126,22.0464401201616,2.4882108618549,23.3285120590072,0.163774270057729
42.5251138746448,3.38439600617812,2.08850664674901,23.4880187190538,3.2653817411001,16.2843784193556,2.68348818804816,2.79196169334045,0.15722305751342,2.79764592155561,22.707878862725,2.3314156290935,22.9018775595764,22.5066906418829,23.5835710556921,3.57846749203827,23.8305427391356,3.11498089665611,1.65880689756705,3.27323825874782,6.44847182754756,23.1738863297378,0.186355499986803,3.50915763985086,3.88732693305928,0.669877712549805,22.0464401201616,2.00431892858751,23.3285120590072,0.163769723563291
42.5251138746448,3.38439600617812,2.02262368252104,23.4880187190538,3.2653817411001,16.2843784193556,2.34624864761645,2.79196169334045,0.157222981179075,2.73999206454164,22.5656576631577,2.3314156290935,15.2070085294558,22.5066906418829,23.2832301016465,2.75545788581712,23.8305427391356,3.07956944145099,1.53361286726067,3.27323825874782,6.44847182754756,23.1738863297378,0.186353673695521,2.71681476021286,3.88732693305928,0.669877712549805,21.2311102943991,2.00431892858751,23.3285120590072,0.163768235479438
42.5251138746448,3.38439600617812,2.02262368252104,23.4880187190538,2.36060538010179,2.00488339432832,2.34624864761645,2.79196169334045,0.157222970080966,2.73999206454164,20.7513646597276,1.8187701405086,5.631720441977,22.5066906418829,22.3695351152596,2.63778071556089,23.8305427391356,3.07956944145099,1.53361286726067,3.20464463715689,6.38346649341247,23.1738863297378,0.186348795263712,2.71681476021286,2.08918184509184,0.66987768901663,21.2311102943991,2.00431892858751,23.3285120590072,0.163767987639403
