309.795734688735,287.694807374125,290.999361792231,291.418689653055,310.69851209669,291.759266211718,294.175184082759,281.625322280885,293.504612411121,317.593959008188,303.972175215902,346.7349226548,310.833822986558,322.902803133569,308.180183269134,253.886622151357,362.744874236229,260.490977510616,258.11689846895,276.931518120057,260.695985587538,305.61419486973,292.687538693704,256.30496047276,294.742803327495,256.208757574404,350.10125565892,284.933825232152,258.097118218716,305.686674426537
233.731422690569,234.048970465576,233.529379913139,231.43473418184,232.479453079345,232.935329020845,232.139158238425,232.71218924788,232.594686982997,238.043084347566,237.123183269481,235.281060697795,233.237169795116,237.085319065436,232.993630418393,232.546758755919,237.640401851246,232.662074838108,231.242987056178,232.581305960611,232.856279999343,235.508099592864,233.408263049919,231.7421511388,231.60722480466,231.930432353184,235.013847111565,238.42439758669,232.177365027965,238.105792939326
229.992569318288,229.80079325063,229.652731292706,229.719305276134,229.911647347006,229.87960544681,229.945122155845,229.550113057537,229.61342893726,229.986480560764,229.900980407045,230.098396428292,229.84968903352,229.845102561389,229.82172658067,229.606656733787,229.985142265316,229.864784088473,229.542244661417,229.861295954261,229.774834324252,229.952716546896,229.892087423651,229.640692610105,229.642288427315,229.690602084918,230.121780517191,229.894714925884,229.876346191361,229.731859278994
229.299432150941,229.292761492706,229.301129956327,229.292430423046,229.30310474094,229.305536941603,229.30035984221,229.288014811577,229.291609541,229.298200653768,229.304752656533,229.300376545374,229.293707836614,229.296148392886,229.300357565128,229.297995302655,229.306836996334,229.296923463205,229.292082024354,229.293227849312,229.295346811896,229.302391800332,229.296983854224,229.294907134366,229.297914082787,229.288502570118,229.310020270249,229.297149919853,229.298800832607,229.294418996702
229.284385734501,229.284385535807,229.284386154993,229.284386608645,229.284385665133,229.284386555707,229.284383996299,229.284383640522,229.284384530265,229.284385005414,229.284385353717,229.284386643903,229.284385802618,229.284386463172,229.284384011095,229.284384277446,229.284387283376,229.284383606761,229.284383779607,229.284383942948,229.28438507538,229.284385260949,229.284384710171,229.284385058793,229.284385245187,229.28438448408,229.284387078916,229.284385238986,229.284385545272,229.284384237953
229.284382708487,229.284382708487,229.284382708487,229.284382708487,229.284382708487,229.284382708487,229.284382708487,229.284382708487,229.284382708487,229.284382708487,229.284382708487,229.284382708487,229.284382708487,229.284382708487,229.284382708487,229.284382708487,229.284382708487,229.284382708487,229.284382708487,229.284382708487,229.284382708487,229.284382708487,229.284382708487,229.284382708487,229.284382708487,229.284382708487,229.284382708487,229.284382708487,229.284382708487,229.284382708487
229.284382708487,229.284382708487,229.284382708487,229.284382708487,229.284382708487,229.284382708487,229.284382708487,229.284382708487,229.284382708487,229.284382708487,229.284382708487,229.284382708487,229.284382708487,229.284382708487,229.284382708487,229.284382708487,229.284382708487,229.284382708487,229.284382708487,229.284382708487,229.284382708487,229.284382708487,229.284382708487,229.284382708487,229.284382708487,229.284382708487,229.284382708487,229.284382708487,229.284382708487,229.284382708487
229.284382708487,229.284382708487,229.284382708487,229.284382708487,229.284382708487,229.284382708487,229.284382708487,229.284382708487,229.284382708487,229.284382708487,229.284382708487,229.284382708487,229.284382708487,229.284382708487,229.284382708487,229.284382708487,229.284382708487,229.284382708487,229.284382708487,229.284382708487,229.284382708487,229.284382708487,229.284382708487,229.284382708487,229.284382708487,229.284382708487,229.284382708487,229.284382708487,229.284382708487,229.284382708487
229.284382708487,229.284382708487,229.284382708487,229.284382708487,229.284382708487,229.284382708487,229.284382708487,229.284382708487,229.284382708487,229.284382708487,229.284382708487,229.284382708487,229.284382708487,229.284382708487,229.284382708487,229.284382708487,229.284382708487,229.284382708487,229.284382708487,229.284382708487,229.284382708487,229.284382708487,229.284382708487,229.284382708487,229.284382708487,229.284382708487,229.284382708487,229.284382708487,229.284382708487,229.284382708487
229.284382708487,229.284382708487,229.284382708487,229.284382708487,229.284382708487,229.284382708487,229.284382708487,229.284382708487,229.284382708487,229.284382708487,229.284382708487,229.284382708487,229.284382708487,229.284382708487,229.284382708487,229.284382708487,229.284382708487,229.284382708487,229.284382708487,229.284382708487,229.284382708487,229.284382708487,229.284382708487,229.284382708487,229.284382708487,229.284382708487,229.284382708487,229.284382708487,229.284382708487,229.284382708487
229.284382708487,229.284382708487,229.284382708487,229.284382708487,229.284382708487,229.284382708487,229.284382708487,229.284382708487,229.284382708487,229.284382708487,229.284382708487,229.284382708487,229.284382708487,229.284382708487,229.284382708487,229.284382708487,229.284382708487,229.284382708487,229.284382708487,229.284382708487,229.284382708487,229.284382708487,229.284382708487,229.284382708487,229.284382708487,229.284382708487,229.284382708487,229.284382708487,229.284382708487,229.284382708487
229.284382708487,229.284382708487,229.284382708487,229.284382708487,229.284382708487,229.284382708487,229.284382708487,229.284382708487,229.284382708487,229.284382708487,229.284382708487,229.284382708487,229.284382708487,229.284382708487,229.284382708487,229.284382708487,229.284382708487,229.284382708487,229.284382708487,229.284382708487,229.284382708487,229.284382708487,229.284382708487,229.284382708487,229.284382708487,229.284382708487,229.284382708487,229.284382708487,229.284382708487,229.284382708487
229.284382708487,229.284382708487,229.284382708487,229.284382708487,229.284382708487,229.284382708487,229.284382708487,229.284382708487,229.284382708487,229.284382708487,229.284382708487,229.284382708487,229.284382708487,229.284382708487,229.284382708487,229.284382708487,229.284382708487,229.284382708487,229.284382708487,229.284382708487,229.284382708487,229.284382708487,229.284382708487,229.284382708487,229.284382708487,229.284382708487,229.284382708487,229.284382708487,229.284382708487,229.284382708487
229.284382708487,229.284382708487,229.284382708487,229.284382708487,229.284382708487,229.284382708487,229.284382708487,229.284382708487,229.284382708487,229.284382708487,229.284382708487,229.284382708487,229.284382708487,229.284382708487,229.284382708487,229.284382708487,229.284382708487,229.284382708487,229.284382708487,229.284382708487,229.284382708487,229.284382708487,229.284382708487,229.284382708487,229.284382708487,229.284382708487,229.284382708487,229.284382708487,229.284382708487,229.284382708487
