1885.47679458555,1562.647236167,548.639841125944,1894.26172632336,1313.37999774797,1086.01738802085,854.617313711809,1894.82187837946,1325.96695407573,1671.55273749207,1758.93804491237,1319.65842979469,1524.10200004702,1457.80118669483,1991.33597353568,844.351828358776,771.427462736561,1453.95326534881,928.758505788943,2178.61776978051,1865.33014525834,829.643714563244,1142.74924926353,1193.46772331823,1912.01818961525,610.669369253946,2032.40754848342,757.200827004581,635.995658737388,895.813512882672
1885.47679458555,691.984010576359,436.175312548104,1643.27427977888,587.095398947328,1086.01738802085,854.617313711809,1536.49860993274,1039.77021549145,1261.01291753603,1100.9682610547,1319.65842979469,591.232551985377,1119.07779673212,1184.41008095161,844.351828358776,633.769313251266,1453.95326534881,487.63981801218,1770.72172400794,1834.57794844332,484.114822443302,1142.74924926353,1193.46772331823,1533.00132368343,384.114235216155,2032.40754848342,587.449955432708,635.995658737388,895.813512882672
916.982877789046,501.614240337013,428.617129573988,1643.27427977888,587.095398947328,976.699764086516,854.617313711809,869.884254443857,607.214213333569,725.148988960633,451.017640307155,1319.65842979469,459.79130284245,960.994148469513,427.170165912402,844.351828358776,290.604096500014,1453.95326534881,338.692558898017,768.272249915978,1491.85697232492,288.23786908159,1142.74924926353,605.177985562697,1122.9260523893,359.355113268337,1594.06401839477,451.783581652807,541.307547796758,678.739081344135
320.768279253542,274.190566722267,288.62207809999,1289.49135937896,506.780566091915,264.849225699762,854.617313711809,869.884254443857,299.101960432548,524.586230572,300.559834710342,1319.65842979469,371.059427161648,676.528108855202,315.517283690949,586.571532819284,290.604096500014,1243.99794731931,262.95299288246,363.737279785577,1105.04457255219,217.496784199735,357.073130030335,192.577510561634,1122.9260523893,338.580204827813,783.021641734623,267.33644055821,443.683480426965,457.001941791378
185.209786804238,200.145756659252,208.536707629524,972.060350498783,209.118854012403,159.970564493407,759.126315609848,722.470296618726,227.123672923254,182.264807671787,174.360293844078,976.259465204014,197.270995456988,185.73318400314,210.050073476301,214.913164099954,169.18881506034,847.095328341676,181.648998950898,191.192374709193,713.612314784426,182.663295361157,188.495732865245,175.125030271533,1043.46472884765,212.082575969037,181.246423709999,198.409801087531,215.241162457279,221.524102682924
165.218878932995,158.244839549006,153.077213255325,606.129599296263,157.114643605634,156.085036779085,625.163451556396,504.825346060657,153.006863107022,155.769330733789,160.979388990458,718.859153283554,159.356808581172,159.018842560708,162.855857290208,157.657583139674,152.988305400251,569.062420450375,156.885727154723,156.622442891881,651.221009351079,155.153784281738,165.014211507259,157.628693904971,753.341295393116,158.257892485559,160.315269062376,162.109478210331,158.371517231352,163.714432784525
152.829485086673,142.74852175633,106.162522601636,408.421245933017,153.818219869618,151.44287526457,410.516436128364,371.232278124462,153.006863107022,152.961005551009,149.760205019611,410.072061003667,148.631215628055,149.377828704246,150.440049587638,146.854569967092,138.518587660124,379.882835904298,149.44346578205,111.014894938858,443.184623971751,152.145145699033,151.936409584265,146.176109474356,412.180333085242,152.386381165434,151.449824678115,124.98958541687,151.677183949698,127.558270939834
15.8858931074642,16.0913427653932,9.08393023866938,324.234596348131,19.6368664903671,12.2428678097885,326.749811591696,319.001854008489,22.3983921368072,17.4568289038011,15.6226265833943,334.487219922089,11.3660073757574,13.2128027256026,13.0249532918874,13.7599437610388,10.6775263728437,321.48785599145,9.84375273374508,12.2135195075844,403.407824102423,13.807241992291,17.4375902471279,10.0861441432053,327.935527841324,11.4550045380256,11.6827022221682,15.3228818570933,11.2487869435963,15.1666540176648
1.07116696348839,1.16783944962253,0.757553765981811,301.407889022852,1.66705083915394,1.28336491182336,302.919683160787,301.134553001668,1.21254634920206,1.11464902352418,1.05384314906178,302.018736858392,1.30510961914933,1.60044326112939,0.85560410709104,1.3304104343797,0.981064029835579,301.480455904454,0.741091210592003,0.606926882666357,400.279990761501,1.40713934081896,1.76464211753864,0.738914274156286,301.36934220109,1.21745990175077,1.2005283065505,1.16399700138072,1.33612452574789,0.93658701986169
0.0208115521359105,0.027600881487615,0.0173427328445541,300.024742266999,0.0407642057757585,0.0191379672032781,300.022365073986,300.01557794714,0.0285405932127105,0.0356880204476511,0.0193056866869483,300.038504408458,0.020601151151368,0.0329956388609389,0.0202941961242686,0.0261631546104582,0.0257867413793065,300.021034227089,0.0220905647402105,0.0234457921001194,400.004934743529,0.0216402657979415,0.0221090234135772,0.0213513901126134,300.046916195417,0.0280929014156754,0.0294743918661879,0.0137433309118933,0.0355486112443941,0.0284252510955412
4.8816110847838e-05,3.92428100894904e-05,3.89900678783306e-05,300.000044320567,0.000106212452919863,3.55192173628893e-05,300.000091161453,300.000050156802,6.94920749992889e-05,7.00648297424777e-05,9.46229083638173e-05,300.000114993898,6.71745533509238e-05,4.5732066155324e-05,8.67866483531543e-05,0.000201847316930071,7.87398594184197e-05,300.000060242164,5.10372296957939e-05,4.68489361082902e-05,400.000014690237,8.03412026471051e-05,7.96418357822404e-05,4.75176070722227e-05,300.000092410692,4.66925371256366e-05,2.99913372145966e-05,5.40456835551595e-05,7.37918603590515e-05,7.82435108703794e-05
3.08591552311555e-09,3.10228642774746e-09,3.0872797651682e-09,300.000000002453,9.20590537134558e-09,3.16276782541536e-09,300.00000001036,300.000000006818,6.48833520244807e-09,4.06134859076701e-09,7.64021024224348e-09,300.000000008765,5.60839907848276e-09,4.30236468673684e-09,7.83711584517732e-09,1.5881141735008e-08,5.44150680070743e-09,300.000000003567,2.34331309911795e-09,2.54703991231509e-09,400.000000000985,7.6597643783316e-09,4.0918166632764e-09,2.85581336356699e-09,300.000000006214,2.04772732104175e-09,2.44608600041829e-09,2.86627255263738e-09,6.89806256559677e-09,5.13591658091173e-09
4.54747350886464e-13,4.54747350886464e-13,4.54747350886464e-13,300,4.54747350886464e-13,4.54747350886464e-13,300,300,4.54747350886464e-13,4.54747350886464e-13,4.54747350886464e-13,300,4.54747350886464e-13,4.54747350886464e-13,4.54747350886464e-13,4.54747350886464e-13,4.54747350886464e-13,300,4.54747350886464e-13,4.54747350886464e-13,400,4.54747350886464e-13,4.54747350886464e-13,4.54747350886464e-13,300,4.54747350886464e-13,4.54747350886464e-13,4.54747350886464e-13,4.54747350886464e-13,4.54747350886464e-13
4.54747350886464e-13,4.54747350886464e-13,4.54747350886464e-13,300,4.54747350886464e-13,4.54747350886464e-13,300,300,4.54747350886464e-13,4.54747350886464e-13,4.54747350886464e-13,300,4.54747350886464e-13,4.54747350886464e-13,4.54747350886464e-13,4.54747350886464e-13,4.54747350886464e-13,300,4.54747350886464e-13,4.54747350886464e-13,400,4.54747350886464e-13,4.54747350886464e-13,4.54747350886464e-13,300,4.54747350886464e-13,4.54747350886464e-13,4.54747350886464e-13,4.54747350886464e-13,4.54747350886464e-13
4.54747350886464e-13,4.54747350886464e-13,0,300,4.54747350886464e-13,4.54747350886464e-13,300,300,4.54747350886464e-13,4.54747350886464e-13,4.54747350886464e-13,300,4.54747350886464e-13,4.54747350886464e-13,4.54747350886464e-13,4.54747350886464e-13,4.54747350886464e-13,300,4.54747350886464e-13,4.54747350886464e-13,400,4.54747350886464e-13,4.54747350886464e-13,4.54747350886464e-13,300,4.54747350886464e-13,4.54747350886464e-13,4.54747350886464e-13,4.54747350886464e-13,0
4.54747350886464e-13,0,0,300,4.54747350886464e-13,4.54747350886464e-13,300,300,4.54747350886464e-13,4.54747350886464e-13,4.54747350886464e-13,300,0,0,0,4.54747350886464e-13,4.54747350886464e-13,300,4.54747350886464e-13,0,400,4.54747350886464e-13,4.54747350886464e-13,4.54747350886464e-13,300,0,4.54747350886464e-13,4.54747350886464e-13,0,0
