113.611595728342,220.445185530163,173.09238011342,196.120669496479,177.073194627063,218.443479143742,252.372934147517,173.31659909868,85.8264333456637,272.228568616884,182.225753830065,271.330453315832,109.485215518966,171.103320505888,145.446884192659,132.613694402543,129.561465867059,177.760799973502,427.24859893235,258.486014336528,346.08656127082,284.917352325556,150.109135581365,232.572868633346,195.221336290715,211.67374968145,249.021083615297,189.632603921151,357.772479420217,153.563136732562
54.9456443587251,84.7432986712134,26.1760521428573,70.3318771774079,66.0086864396869,102.745853037925,56.3847169925175,54.3644863684847,37.2397114537148,62.7113631386748,58.1907693455627,73.9028960588641,76.8361139017135,88.0969587605296,51.5649050445055,92.1489709090599,68.2068912674538,77.7254078769489,82.9484344921684,134.082493161161,72.157191936679,90.3938973032182,74.9300319278288,38.953481754242,79.4580743962952,80.3786070377938,37.1927350677515,72.8735851409259,92.3075869448189,57.3590470045051
40.4539544516244,18.9118661969122,11.7213613829235,18.7244820865131,15.0069474429732,20.073498652437,10.3173064443893,11.9665929156674,14.4481256226737,19.5894391264106,14.0081426835821,22.7172816010143,9.18380060222819,37.3932740158892,49.8987970585412,68.1125427827875,23.8276865263615,6.98034040824245,34.2772816044022,72.4291199304142,35.8115856215479,14.4576128125682,65.7794729043815,10.1098545088972,18.6133921730776,74.1278878795477,12.9069195295402,23.8680804426376,29.5730002043607,18.8794444202279
5.71782845112477,0.365709718804908,9.12033910781253,5.95808887328411,9.18307409492405,6.21691441453584,0.220098938995932,4.37375149883712,9.05103587953158,0.460964456148247,0.466314413546172,0.709716269789965,4.27632372454747,0.229610058468438,4.50565597955449,0.620719883428023,4.34556426674789,0.3017701943877,4.10312182624108,1.65612161916584,0.639113094676702,5.75407030061945,0.548082213981331,9.10237902263196,6.10320503490925,28.6859873706774,0.469576379989746,0.52680157746488,0.673221768631322,6.21619098253706
3.98876788001866,4.12036380339487e-05,8.91623124867425,3.98691194959969,8.91637442188312,3.98710244298258,8.18190192717339e-05,3.98665068280258,8.91625397749823,0.000203517665283925,0.000218517535870433,0.000577962751663108,3.98665230401173,5.93680553038212e-05,3.98664727678693,0.000357731371536829,3.98665956469705,3.06999978079148e-05,3.9866093515493,0.0010413795102977,0.000111583562670603,3.98748596692832,8.09727299042606e-05,8.91637818716356,3.98799616823493,0.0357169889242641,0.000126521350807707,9.64627538451168e-05,0.000394667396903969,3.98953329460625
3.98657911237018,5.51381162949838e-12,8.9161019278896,3.98657911235426,8.91610192800931,3.98657911238007,3.18323145620525e-12,3.98657911235176,8.91610192792882,8.46966941026039e-12,1.60866875376087e-11,4.47357706434559e-11,3.98657911235011,8.07176547823474e-12,3.98657911235688,1.35855771077331e-11,3.98657911236012,5.6843418860808e-12,3.98657911235648,8.28777046990581e-11,1.69961822393816e-11,3.98657911238058,3.63797880709171e-12,8.91610192805132,3.98657911243714,2.771685103653e-10,1.17097442853265e-11,9.9475983006414e-12,4.42241798737086e-11,3.98657911241736
3.98657911234716,0,8.91610192778131,3.98657911234716,8.91610192778131,3.98657911234716,0,3.98657911234716,8.91610192778131,0,0,0,3.98657911234716,0,3.98657911234716,0,3.98657911234716,0,3.98657911234716,0,0,3.98657911234716,0,8.91610192778131,3.98657911234716,0,0,0,0,3.98657911234716
3.98657911234716,0,8.91610192778131,3.98657911234716,8.91610192778131,3.98657911234716,0,3.98657911234716,8.91610192778131,0,0,0,3.98657911234716,0,3.98657911234716,0,3.98657911234716,0,3.98657911234716,0,0,3.98657911234716,0,8.91610192778131,3.98657911234716,0,0,0,0,3.98657911234716
3.98657911234716,0,8.91610192778131,3.98657911234716,8.91610192778131,3.98657911234716,0,3.98657911234716,8.91610192778131,0,0,0,3.98657911234716,0,3.98657911234716,0,3.98657911234716,0,3.98657911234716,0,0,3.98657911234716,0,8.91610192778131,3.98657911234716,0,0,0,0,3.98657911234716
3.98657911234716,0,8.91610192778131,3.98657911234716,8.91610192778131,3.98657911234716,0,3.98657911234716,8.91610192778131,0,0,0,3.98657911234716,0,3.98657911234716,0,3.98657911234716,0,3.98657911234716,0,0,3.98657911234716,0,8.91610192778131,3.98657911234716,0,0,0,0,3.98657911234716
3.98657911234716,0,8.91610192778131,3.98657911234716,8.91610192778131,3.98657911234716,0,3.98657911234716,8.91610192778131,0,0,0,3.98657911234716,0,3.98657911234716,0,3.98657911234716,0,3.98657911234716,0,0,3.98657911234716,0,8.91610192778131,3.98657911234716,0,0,0,0,3.98657911234716
3.98657911234716,0,8.91610192778131,3.98657911234716,8.91610192778131,3.98657911234716,0,3.98657911234716,8.91610192778131,0,0,0,3.98657911234716,0,3.98657911234716,0,3.98657911234716,0,3.98657911234716,0,0,3.98657911234716,0,8.91610192778131,3.98657911234716,0,0,0,0,3.98657911234716
3.98657911234716,0,8.91610192778131,3.98657911234716,8.91610192778131,3.98657911234716,0,3.98657911234716,8.91610192778131,0,0,0,3.98657911234716,0,3.98657911234716,0,3.98657911234716,0,3.98657911234716,0,0,3.98657911234716,0,8.91610192778131,3.98657911234716,0,0,0,0,3.98657911234716
3.98657911234716,0,8.91610192778131,3.98657911234716,8.91610192778131,3.98657911234716,0,3.98657911234716,8.91610192778131,0,0,0,3.98657911234716,0,3.98657911234716,0,3.98657911234716,0,3.98657911234716,0,0,3.98657911234716,0,8.91610192778131,3.98657911234716,0,0,0,0,3.98657911234716
