755.726249071661,2290.547547249,2110.60606867293,807.890191473128,1787.07533353637,1760.31894055825,1152.20488988371,2715.82660384883,1778.67473231974,2488.57307707845,1265.92148954158,1973.222353365,3706.15062895817,2524.48207619972,1526.95446128938,1780.53257714645,2719.73782367437,1378.58502433585,1649.19008999916,1860.95232109788,2038.02621531167,1790.79749641457,1937.44833092427,1195.65388856824,2474.82002948286,788.31232119904,1646.77696194717,1236.8748278438,1947.59231577391,1484.2761069074
755.726249071661,2290.547547249,1511.12563525751,807.890191473128,1507.68851607917,1760.31894055825,1152.20488988371,2703.11449674952,894.744567973183,2488.57307707845,1265.92148954158,1973.222353365,3706.15062895817,906.792854008891,1526.95446128938,1780.53257714645,1416.71366521782,537.240919676277,1354.01834056867,1860.95232109788,1201.8078146681,848.203543477423,1203.57114604418,1195.65388856824,2430.99444245551,788.31232119904,547.93496011929,264.657066310713,956.964777808994,775.26627643733
755.726249071661,1446.88161340523,1080.95605300627,517.023419863421,1251.73677902689,288.444433057979,1152.20488988371,995.303684045346,472.567092885772,966.013754528006,1265.92148954158,711.617352298592,1971.14942525392,751.867067099696,304.569143794016,1780.53257714645,990.105522017793,537.240919676277,388.176351057038,1429.44462425083,1201.8078146681,848.203543477423,957.882827877688,714.457437190924,1386.88594884518,421.9654081812,547.93496011929,264.657066310713,700.15076787323,559.531410283667
755.726249071661,1006.80098912512,855.055646703562,385.553886771925,803.141077929685,288.444433057979,847.505053719231,826.077430315256,472.567092885772,827.415610347672,493.806519283014,539.459211937567,1532.13975855606,701.680466195191,304.569143794016,864.124795391192,639.590133262423,487.346633411719,82.6289137619582,1429.44462425083,820.758684833273,624.670575193885,290.262592787736,714.457437190924,1386.88594884518,106.810497445657,364.934099885856,264.657066310713,381.672233431333,559.531410283667
439.234361369693,447.063611857828,505.579812662484,171.701056046584,162.558573323151,163.398019337036,525.097666531114,356.329498920401,20.1825598869187,533.113629201452,244.741419912208,92.3923045915408,924.764934157681,189.544149319751,285.032856090912,631.875729621296,333.021796490901,179.280563773444,82.6289137619582,489.597999992005,617.221357055436,624.670575193885,186.920116008021,475.06314447217,755.334888742012,106.810497445657,209.723690933423,259.713984388583,95.7122403166504,268.70539417064
189.908344361503,230.287896912427,324.190806931616,18.8040316278834,37.8919003293089,163.398019337036,246.807267818242,133.00307366996,20.1825598869187,445.472480979264,244.741419912208,34.5799836737497,477.514690040901,170.671153794974,145.231988957293,299.070151461141,30.5481602898468,28.1265065944185,16.8663295051458,479.301176222046,208.202397250028,184.181666743998,27.8799220470123,201.008009122982,443.693304429842,37.3183187168725,68.3127292003321,220.516434971268,34.1177835967003,39.7237620553946
32.1895828845385,45.5453078769979,86.3411167425087,2.34513819304323,1.54849635884671,56.5009261731933,119.572720552661,85.9778854400345,2.45355857710013,63.2146602339662,91.6914040028521,2.53650420920246,57.0135162912266,25.590298331908,67.0695838754475,68.7224999668501,4.83821669498604,7.31799737256097,8.22721779121764,74.2798875637561,57.2282849986188,62.8371761373937,5.96822861220232,105.576304852728,89.4660610979433,1.39282866712904,8.94830443581714,44.6156158103473,9.52067436887717,14.4572392865084
6.38045934352442,6.74937610272514,7.03607738393953,0.252733928219754,0.98570392792135,12.4019481612777,32.7007722088005,14.6542419415322,1.26268809883095,17.7131352559486,36.0712743260826,0.185568557692477,12.1218682197151,20.4407761681241,10.2670131332799,24.7741084138109,0.766299445702316,0.677774304553736,0.415824885290704,20.1089260025592,30.6279490010139,14.633346022736,0.411325411941561,17.0270739769745,9.25546074963006,0.932272742236478,0.869999375369957,16.1883570699559,0.433162231658571,0.626574910440013
2.07774055563675,2.75570279556348,2.11330733110253,0.00567042432578546,0.00763240070739357,0.807701099187625,3.69635037409671,1.57465814708382,0.0290577725423873,2.59492356347096,2.04592946631897,0.00702307502649546,3.75438975314125,2.50525369713171,0.46149826996259,1.62720781740791,0.01038483312891,0.0196008908662861,0.0293792179057846,4.13671072078023,1.39377706431219,3.12096836084538,0.00334268105348201,2.13510466521268,1.15867959098523,0.00614389536849558,0.0183131356553758,1.57681663298126,0.0149471133634052,0.0123241951954469
0.315035483182669,0.152957089976098,0.259927219109954,1.11182225737139e-06,4.36537982295704e-06,0.207421541671238,0.193227196439352,0.234106347095462,6.67317385705246e-06,0.171990321233238,0.240434824699491,1.62969092798448e-06,0.216944160954199,0.124930662900624,0.139741098327363,0.231443339455609,6.35992284969689e-06,5.30919010088837e-06,6.58476039916422e-06,0.128961030016399,0.240758570274124,0.26217125638243,2.6184579837718e-06,0.26249672775441,0.180621080774131,1.10590424355905e-05,2.19203946016933e-06,0.183470564927688,4.79376740258886e-06,6.95051357979537e-06
0.00025800181890645,0.000322718424399682,0.000500264136462647,2.71711542154662e-11,3.04680725093931e-11,0.000173654430682291,0.000101843990250927,0.000238091194773915,4.47926140623167e-11,0.000442625580262757,0.000524877039538296,3.76303432858549e-11,0.000112483816678832,0.000239281174458483,8.0966057112164e-05,0.000402710461230527,3.66071617463604e-11,2.80806489172392e-11,4.2632564145606e-11,0.000747589207662713,0.000221084720692488,0.000158525886604366,3.61524143954739e-11,0.000686456642824851,0.000206849946721377,1.03455022326671e-10,1.22781784739345e-11,0.000304268937156849,1.11413100967184e-11,1.083435563487e-10
1.66804738910287e-08,3.63544359061052e-08,3.20188746627537e-08,0,0,2.64255959336879e-08,1.18066054710653e-08,2.18971081267227e-08,0,2.11232418223517e-08,2.55281520367134e-08,0,5.83705741519225e-08,8.3492750491132e-09,1.23424115372472e-08,2.84221641777549e-08,0,0,0,5.18710976393777e-08,2.42545183937182e-08,1.51715084939497e-08,0,4.59878037872841e-08,1.41317286761478e-08,0,0,2.26897327593178e-08,0,0
0,0,0,0,0,0,0,0,0,0,0,0,0,0,0,0,0,0,0,0,0,0,0,0,0,0,0,0,0,0
0,0,0,0,0,0,0,0,0,0,0,0,0,0,0,0,0,0,0,0,0,0,0,0,0,0,0,0,0,0
0,0,0,0,0,0,0,0,0,0,0,0,0,0,0,0,0,0,0,0,0,0,0,0,0,0,0,0,0,0
0,0,0,0,0,0,0,0,0,0,0,0,0,0,0,0,0,0,0,0,0,0,0,0,0,0,0,0,0,0
