157.169943600368,168.139633842368,643.583322064791,157.108137601484,159.160210323636,154.499896814363,515.364610479239,158.183524451819,173.225260026116,162.001786644646,160.675310154902,156.187211344453,582.419838204828,163.011003579861,159.494217667057,157.151420722606,171.230953030863,155.224146663998,157.337491574594,149.262743507717,160.043866788552,167.210067311854,164.116114502483,477.911833618341,657.120681574139,164.659838274477,157.112491452835,495.197435279131,162.377461565267,154.906296292286
87.3308195579775,43.586980819884,345.154622740904,106.232526206973,85.8819097467263,49.6689196820857,327.760251626336,89.725726402673,73.839652091719,39.5532810072191,47.1033358402042,27.0610254426015,407.856355712375,39.6180061305008,46.7281151519437,62.4653547284443,119.511403342277,91.8599710687749,50.445156390821,57.4327297230143,67.1392711522035,47.5545841846483,51.1623393011905,331.868945038153,341.543924569794,47.8040565853116,42.6266020415792,345.534812406553,28.3548402471879,59.2371865360533
6.08210670100061,4.87514659079079,315.049992240881,10.9377099892363,9.15113665630042,7.06779810100215,312.82213345548,12.3700665102683,7.70249998224199,5.00861614251744,4.72567842796389,8.05694563444331,400.774083534482,4.89126326519863,5.60703880358642,5.75974875480006,8.90927426690814,7.15265511323514,3.91539672801673,5.1579021703883,7.84393414404849,5.82600595940858,4.80194524044919,311.404311730695,308.446781579238,5.41300271153978,6.24220843523153,313.918834621854,4.31572107227839,6.30717161991151
0.324118808669482,0.20407860859541,300.255697554212,0.313041716236057,0.269768495791595,0.27037270485198,300.285754721066,0.371871866484526,0.334026631028337,0.223546519350748,0.199805038877003,0.207672916988486,400.042214985359,0.210883090731841,0.237831926256149,0.172357443762394,0.25753823036348,0.246820811558791,0.276600938381762,0.157372110229971,0.276602235753217,0.310073527610712,0.134833271966272,300.348172488299,300.258784293192,0.190654943801292,0.325920411926745,300.259587792397,0.270283699799165,0.227433089174156
0.000108394806829892,6.92282374075148e-05,300.000046661341,0.0001243110273208,8.81786531863327e-05,9.78489765657287e-05,300.000071352023,6.74803436595539e-05,0.000152668213104334,5.04355284647318e-05,9.33677611101302e-05,0.000105914039068011,400.000007783511,7.60843972784642e-05,0.000101392079614016,7.14784800948109e-05,0.00012415409901223,0.000100581810329459,9.78942134679528e-05,6.11276996096421e-05,9.09800360204827e-05,0.000126468880353059,9.18804435059428e-05,300.00006760092,300.000118753782,2.70394666586071e-05,8.4409664850682e-05,300.000087609675,6.33452636975562e-05,0.000101051042292966
1.50066625792533e-11,6.82121026329696e-12,300.000000000015,2.22826201934367e-11,1.77351466845721e-11,1.04591890703887e-11,300.000000000012,1.00044417195022e-11,1.2732925824821e-11,5.91171556152403e-12,1.54614099301398e-11,9.09494701772928e-12,400.000000000001,6.82121026329696e-12,1.18234311230481e-11,6.3664629124105e-12,1.13686837721616e-11,9.54969436861575e-12,7.27595761418343e-12,5.45696821063757e-12,1.8644641386345e-11,1.77351466845721e-11,8.64019966684282e-12,300.000000000007,300.000000000026,6.3664629124105e-12,9.54969436861575e-12,300.000000000013,6.82121026329696e-12,1.18234311230481e-11
4.54747350886464e-13,4.54747350886464e-13,300,4.54747350886464e-13,4.54747350886464e-13,4.54747350886464e-13,300,4.54747350886464e-13,4.54747350886464e-13,4.54747350886464e-13,4.54747350886464e-13,4.54747350886464e-13,400,4.54747350886464e-13,4.54747350886464e-13,4.54747350886464e-13,4.54747350886464e-13,4.54747350886464e-13,4.54747350886464e-13,4.54747350886464e-13,4.54747350886464e-13,4.54747350886464e-13,4.54747350886464e-13,300,300,4.54747350886464e-13,4.54747350886464e-13,300,4.54747350886464e-13,4.54747350886464e-13
4.54747350886464e-13,4.54747350886464e-13,300,4.54747350886464e-13,4.54747350886464e-13,4.54747350886464e-13,300,4.54747350886464e-13,4.54747350886464e-13,4.54747350886464e-13,4.54747350886464e-13,4.54747350886464e-13,400,4.54747350886464e-13,4.54747350886464e-13,4.54747350886464e-13,4.54747350886464e-13,4.54747350886464e-13,4.54747350886464e-13,4.54747350886464e-13,4.54747350886464e-13,4.54747350886464e-13,4.54747350886464e-13,300,300,4.54747350886464e-13,4.54747350886464e-13,300,4.54747350886464e-13,4.54747350886464e-13
4.54747350886464e-13,4.54747350886464e-13,300,4.54747350886464e-13,4.54747350886464e-13,4.54747350886464e-13,300,4.54747350886464e-13,4.54747350886464e-13,4.54747350886464e-13,4.54747350886464e-13,4.54747350886464e-13,400,4.54747350886464e-13,4.54747350886464e-13,4.54747350886464e-13,4.54747350886464e-13,4.54747350886464e-13,4.54747350886464e-13,4.54747350886464e-13,4.54747350886464e-13,4.54747350886464e-13,4.54747350886464e-13,300,300,4.54747350886464e-13,4.54747350886464e-13,300,4.54747350886464e-13,4.54747350886464e-13
0,0,300,0,4.54747350886464e-13,0,300,4.54747350886464e-13,0,4.54747350886464e-13,0,4.54747350886464e-13,400,0,0,0,4.54747350886464e-13,4.54747350886464e-13,0,0,0,4.54747350886464e-13,0,300,300,0,0,300,4.54747350886464e-13,0
0,0,300,0,0,0,300,4.54747350886464e-13,0,0,0,0,400,0,0,0,4.54747350886464e-13,0,0,0,0,0,0,300,300,0,0,300,0,0
0,0,300,0,0,0,300,0,0,0,0,0,400,0,0,0,0,0,0,0,0,0,0,300,300,0,0,300,0,0
0,0,300,0,0,0,300,0,0,0,0,0,400,0,0,0,0,0,0,0,0,0,0,300,300,0,0,300,0,0
0,0,300,0,0,0,300,0,0,0,0,0,400,0,0,0,0,0,0,0,0,0,0,300,300,0,0,300,0,0
