406.341745813455,308.628360937581,618.852391870365,286.725337893855,408.24287948329,379.257363325347,357.667239512565,690.769603391623,265.077733332871,279.97905916052,527.28936925582,418.475181833007,448.945523004104,397.90291784785,421.440748258696,466.088201168513,585.782133605139,498.811451466343,447.203917933779,368.409627773673,414.613248783407,426.04319945065,369.119420410652,432.318923836261,408.393497967038,253.601576783631,671.479246530406,404.957413190405,351.45161122601,342.917626649225
406.341745813455,298.981449693666,618.852391870365,286.725337893855,408.24287948329,287.15110000919,266.503584058173,461.602402335745,265.077733332871,279.97905916052,446.641316073815,411.365690137708,430.377116442224,397.90291784785,421.440748258696,391.109005057671,408.163733104701,495.370309595534,355.281872938221,310.621705167594,366.905408951699,390.147117243885,369.119420410652,432.318923836261,399.237496585896,253.601576783631,419.248700060506,404.957413190405,277.10517814025,296.534216536753
234.161930032683,298.981449693666,342.861497429864,286.725337893855,396.244923277109,275.929115352712,266.503584058173,421.724615298138,224.053422357018,279.97905916052,446.641316073815,295.390142161924,430.377116442224,397.90291784785,315.789277693823,280.964559328522,366.170581422457,288.053200911752,355.281872938221,264.51836076991,366.905408951699,390.147117243885,355.576431076616,411.391746568598,241.953302870629,253.601576783631,283.031629344952,344.407207742378,242.55025959915,203.472346642623
234.161930032683,298.981449693666,281.904297478165,286.725337893855,244.796782561618,270.267393422745,258.054258383215,403.47045556386,208.695450009967,279.97905916052,408.824649474356,219.940880440614,360.105935941056,300.013889190847,228.589351147559,254.772738958314,316.18008757854,218.562329934735,314.801675791301,259.340780183618,303.099689897238,272.411801225572,258.032776767487,290.222822442719,227.75907900104,253.601576783631,255.862871809402,330.21015464838,213.171490359603,203.472346642623
234.161930032683,213.795175392983,212.631261650396,256.986491373108,244.796782561618,221.70293587846,222.673695284287,293.274655364167,196.835555901243,206.120633102708,334.146990264031,219.940880440614,330.001633530596,262.660987228723,226.467905297993,211.810175832891,295.054772102761,195.689209180208,244.538666627367,235.425011429326,238.384520559825,228.83133897179,223.323620210083,244.467577441181,205.491572056265,220.144316576276,230.726103966791,254.121592769238,191.030846495592,203.472346642623
227.572430551021,195.746783035701,188.085669023237,239.974329632376,196.50890060598,211.056764210218,185.30539769871,215.596533934646,189.655148117098,182.082815998545,303.869466144088,193.534628889411,241.524969939032,211.587877378423,183.525677457441,180.603550525078,268.560707289131,185.20517627464,222.491240034721,192.630328360792,196.735787892205,181.916613648096,195.94545300012,184.612180349327,188.113992657053,182.357344449578,230.726103966791,212.032041374122,181.701123124011,180.940300439295
190.567959808511,171.435727947336,175.847767974471,183.930217286488,180.393193838185,179.693702832147,172.938964621278,174.241768682163,173.359057323474,170.827513573085,233.012009384126,171.999254493215,185.386807688722,178.318681049999,170.867513510655,170.327861878146,227.797273639078,172.903793656079,176.600708025535,183.147512888085,176.21887482596,173.022606533991,178.520224542739,173.031737255241,172.744240014262,175.075286049509,209.549264759863,181.633770297058,172.353154779127,171.313447534524
175.655983706712,166.959326810416,166.977318803475,170.098927636909,166.109697159759,169.774405456234,165.544205997268,167.755762017876,166.030933146787,167.119341865983,172.021034787648,166.88146418556,166.832040853754,170.527981935027,165.515115970234,165.348626361844,178.427464153919,166.165658970865,168.657301457287,166.094635608292,166.511564576603,165.450075974743,166.26879951496,165.304555459309,166.458727386655,166.908564805897,179.055869395466,169.645142897007,168.736266929264,165.419184877829
169.142761864205,164.972330565872,164.951397433591,164.985208861203,164.931354406675,165.267253716083,164.92945221938,165.257576628272,164.952365360572,164.954346558639,167.586591398083,164.945984301018,164.958517047783,164.966471881358,164.932150130059,164.953177543455,170.562684937658,164.936548015738,165.29777855184,164.954501190462,165.13894112731,164.938223511294,164.947687269255,164.937770363859,164.932205838536,164.954766281318,167.383362216793,166.789416499142,165.272998587466,164.993549177626
164.928052936024,164.931029401879,164.921988825301,164.931947159776,164.921958073167,164.932298749188,164.921973733889,165.213171571774,164.931058152582,164.931040230153,165.222362136135,164.931048550135,164.921990410123,164.931066389173,164.921964469502,164.931058967273,166.823449933627,164.922053016064,165.21331949274,164.931125977769,165.09802017473,164.931026512343,164.931048586312,164.921984221446,164.92198469059,164.931103658895,164.825021878301,166.664801934063,165.213568528455,164.975906710901
164.643345181608,164.931007905553,164.921941573477,164.931007917699,164.921941569522,164.931007931894,164.921941571769,165.212606442167,164.931007906192,164.931007905961,165.212616712474,164.931007905288,164.921941573195,164.931007910654,164.921941572291,164.931007906743,166.597448816844,164.921941572107,165.212606397513,164.931007913274,165.097283995658,164.931007905678,164.93100790787,164.921941570632,164.921941571128,164.931007906147,164.641006292883,166.661969574716,165.212606293276,164.975867634873
164.637807624376,164.931007902907,164.921941568,164.931007902907,164.921941568,164.931007902907,164.921941568,165.212605597675,164.931007902907,164.931007902907,165.212605597771,164.931007902907,164.921941568,164.931007902907,164.921941568,164.931007902907,166.593790548327,164.921941568,165.212605597674,164.931007902907,165.097282939018,164.931007902907,164.931007902907,164.921941568,164.921941568,164.931007902907,164.63780128432,166.661963845759,165.212605597667,164.975867633901
164.637783643715,164.931007902907,164.921941568,164.931007902907,164.921941568,164.931007902907,164.921941568,165.212605597661,164.931007902907,164.931007902907,165.212605597661,164.931007902907,164.921941568,164.931007902907,164.921941568,164.931007902907,166.593784869397,164.921941568,165.212605597661,164.931007902907,165.097282938968,164.931007902907,164.931007902907,164.921941568,164.921941568,164.931007902907,164.637783643044,166.66196384554,165.212605597661,164.975867633901
164.637783641465,164.931007902907,164.921941568,164.931007902907,164.921941568,164.931007902907,164.921941568,165.212605597661,164.931007902907,164.931007902907,165.212605597661,164.931007902907,164.921941568,164.931007902907,164.921941568,164.931007902907,166.593784869251,164.921941568,165.212605597661,164.931007902907,165.097282938968,164.931007902907,164.931007902907,164.921941568,164.921941568,164.931007902907,164.637783641465,166.66196384554,165.212605597661,164.975867633901
164.637783641465,164.975867633901,164.921941568006,164.931007902916,164.975867633901,164.921941568008,164.921941568006,165.212605598006,164.975867633902,164.93100790291,165.212605598189,164.921941568008,164.931007902927,164.931007902921,164.921941568002,164.931007902912,166.593784869251,164.921941568009,165.212605598171,164.975867633902,165.097291759965,164.931007902907,164.921941568006,164.921941568007,164.931007902911,164.975867633902,164.637783641465,166.26994419957,165.212605597762,164.975867633902
164.637783674302,164.975867633901,164.921941568005,164.931007902908,164.975867633901,164.921941568001,164.921941568001,165.212605597893,164.975867633901,164.931007902908,165.212605597832,164.921941568,164.931007902909,164.931007902908,164.921941568001,164.931007902911,166.593784870863,164.921941568,165.212605597694,164.975867633901,165.097283931811,164.931007902907,164.921941568002,164.921941568001,164.931007902908,164.975867633901,164.702302955269,166.269944199312,165.21260559774,164.975867633901
