15.1710969565714,63.381454138412,32.6430081736738,18.7085799624253,57.2552397207527,158.787986897891,42.8407162170575,114.294554396075,30.7839047959809,59.9652423322718,121.412134841274,35.3291820720048,43.2448622315233,32.4245494132209,17.3211672704361,94.0675181425952,25.7815361650759,40.0914329971652,13.5801308610309,36.0076258862257,26.0295574928455,57.2730376942304,20.5223522869995,44.1975565982593,47.0653348920212,33.9542155048155,53.9852885718376,41.8324185292471,19.5398206759792,55.4544316162373
1.40948290489496,2.6575115488115,0.879894288535411,0.993360346430109,2.11588772034213,2.35621166170642,1.19742532148348,2.77259324721717,1.30846795302114,4.06586124165199,1.85790761222063,2.69225823014506,3.2441381191087,1.30615995769006,1.57956437264079,1.08389596108304,2.54948758048943,0.971329936210168,2.65896047828858,1.19547449668619,1.6049465887819,2.91832262036041,1.13751097081422,3.70218964886851,3.9975848850255,1.05821391664767,2.20602329679082,2.41074172330229,0.769519027926663,1.52361788586347
0.267786289530136,0.201026968844531,0.142150301950323,0.170689550814245,0.291859476455329,0.322357625894711,0.27025698036141,0.327282851902964,0.279220211541769,0.262675562378718,0.298716089813979,0.200653042391764,0.227388355832545,0.22998542753669,0.202371970928425,0.231905378696069,0.234910146642733,0.262757687786575,0.218724520845626,0.0995980862979877,0.279883443461813,0.257905709715715,0.172730136873838,0.383038273211696,0.164814448459879,0.263659303748682,0.32145465817257,0.218188239602455,0.180587761441416,0.173462268173239
0.000786330338087282,0.000247581914095463,0.00017885603438117,0.00038706122268195,0.00093327987531211,0.00130856711552951,0.000576004469508007,0.000385725081514465,0.000359596669909479,0.000772100907397544,0.000759615433480576,0.000233001817036893,0.00106481483283005,7.02107771530791e-05,0.000324174529055199,0.000487608264279515,0.000193788543583651,0.000319714349984679,0.000213727229606775,0.00019990084535948,0.000627210625566477,0.00117340966039592,0.000128789145378505,0.000700485439551812,0.00051607574425816,0.000223543699235051,0.000370737752177774,0.00031917539774895,0.000100034262686677,0.00026238017585456
5.61612978344783e-11,3.87672116630711e-11,1.4210854715202e-11,6.42330633127131e-11,2.42266651184764e-10,1.06979314296041e-10,2.0122570276726e-11,5.33191268914379e-11,3.19460013997741e-11,2.51247911364771e-11,5.59339241590351e-11,3.31965566147119e-11,9.07220965018496e-11,1.78488335222937e-11,4.12683220929466e-11,5.17275111633353e-11,1.60298441187479e-11,9.66338120633736e-12,1.30739863379858e-11,1.68256519827992e-11,2.26236807066016e-11,1.3369572116062e-10,9.2086338554509e-12,9.92486093309708e-11,2.00088834390044e-11,4.08135747420602e-11,6.92352841724642e-11,3.70619090972468e-11,5.45696821063757e-12,4.49063009000383e-11
0,0,0,0,0,0,0,0,0,0,0,0,0,0,0,0,0,0,0,0,0,0,0,0,0,0,0,0,0,0
0,0,0,0,0,0,0,0,0,0,0,0,0,0,0,0,0,0,0,0,0,0,0,0,0,0,0,0,0,0
0,0,0,0,0,0,0,0,0,0,0,0,0,0,0,0,0,0,0,0,0,0,0,0,0,0,0,0,0,0
0,0,0,0,0,0,0,0,0,0,0,0,0,0,0,0,0,0,0,0,0,0,0,0,0,0,0,0,0,0
0,0,0,0,0,0,0,0,0,0,0,0,0,0,0,0,0,0,0,0,0,0,0,0,0,0,0,0,0,0
0,0,0,0,0,0,0,0,0,0,0,0,0,0,0,0,0,0,0,0,0,0,0,0,0,0,0,0,0,0
0,0,0,0,0,0,0,0,0,0,0,0,0,0,0,0,0,0,0,0,0,0,0,0,0,0,0,0,0,0
0,0,0,0,0,0,0,0,0,0,0,0,0,0,0,0,0,0,0,0,0,0,0,0,0,0,0,0,0,0
0,0,0,0,0,0,0,0,0,0,0,0,0,0,0,0,0,0,0,0,0,0,0,0,0,0,0,0,0,0
