698809342.632839,594421044.416106,285700000.743194,748770794.035742,216932963.501361,697989902.679647,133310899.145338,896341546.410218,704106954.525092,1571002199.16652,317146531.051292,178134241.468516,988120168.714533,799575243.19927,755060600.898367,564878150.557938,493086375.208446,2017064094.43855,1833810980.06003,162844376.82737,526805093.506614,260171649.812873,1987329426.70227,899662861.260977,1284517498.46364,342711058.898211,91240461.9068232,478781506.284133,306431778.646084,1172734828.14554
73577287.3072896,594421044.416106,196884929.460096,618364420.098074,216932963.501361,697989902.679647,133310899.145338,896341546.410218,454784632.473696,509793291.246915,317146531.051292,178134241.468516,301307259.398184,309124961.2337,53181420.9827793,564878150.557938,493086375.208446,540502915.450406,738422557.969595,162844376.82737,46829744.4292033,142541854.357547,1919481644.48554,616450104.043842,736292603.570653,45653616.3290778,91240461.9068232,478781506.284133,306431778.646084,710506570.661974
73577287.3072896,293027032.285542,196884929.460096,297820813.070959,192220348.670368,130061107.359453,59220033.656151,347328868.865013,207041892.791096,509793291.246915,317146531.051292,178134241.468516,301307259.398184,123965210.232741,49631286.8199264,158759365.740059,286507910.270456,243916347.823031,738422557.969595,162844376.82737,46829744.4292033,142541854.357547,467569131.715262,76849057.3223089,520092680.958114,45653616.3290778,91240461.9068232,478781506.284133,306431778.646084,359900756.612207
24933448.6279197,293027032.285542,85942931.8146977,32840173.867561,192220348.670368,26436564.2068688,59220033.656151,163410994.757427,123036421.315539,143602015.478764,246469243.027801,68188728.2198967,83317247.9701861,40811494.4475916,15921230.9077287,158759365.740059,286507910.270456,206632932.26091,84985406.5818406,10479507.6912178,46829744.4292033,119160349.236685,82003845.4289972,76849057.3223089,261773169.082754,45653616.3290778,91240461.9068232,56519859.3865473,142045825.62643,343298832.728582
24933448.6279197,104225083.627858,85942931.8146977,32840173.867561,26311613.8186384,20598651.9628919,59220033.656151,61026798.214735,60066149.5146175,120064941.161381,23193160.1995223,68188728.2198967,23289181.6713465,32165749.4238197,13080021.0837538,40441253.5032351,147962505.679692,7676357.36348284,84985406.5818406,10479507.6912178,46829744.4292033,6032810.34795469,31875966.2986977,17181561.803638,46317503.6693537,11562258.8181383,3443667.68896457,56519859.3865473,68736624.8487794,162627469.902562
12702754.2259756,24498567.7297116,6525773.94851385,1205002.40675806,26229341.6026449,2944922.70590656,29264967.5928216,13430241.085523,4844632.07601328,4981217.60991923,15378857.1550684,7486997.79386087,6506895.41813488,11424936.8455791,3824637.00495591,5286988.47740833,10473064.630625,143346.080472323,3663174.02638645,3616333.18251951,8971587.45647286,5912591.81914974,19140301.8391845,17181561.803638,4804746.83288545,11562258.8181383,3443667.68896457,9894792.79613119,8454453.89964983,9924274.67822718
611190.4792349,4115527.49648496,1936823.39703753,1156318.52713637,10904631.3957177,1885075.0040886,2321545.77219508,1643810.27083392,399314.480619983,1000926.22869017,157795.598269282,1225603.99044842,1280947.45165506,302605.837743039,718978.558335781,422853.195460789,5812110.64551604,143346.080472323,2934819.37613383,795286.559519653,376059.493096501,953899.062104368,3287753.002013,1158802.57566085,212642.010894282,7985176.37314152,107555.371843799,4929307.70225903,205994.539919536,952064.448501172
17256.7232052006,237129.620887346,19999.1568542817,47627.2995302805,5294.83842639701,121678.714224356,236277.983047051,38249.2277703711,62696.7078441395,10267.7610331781,36629.6976020278,28749.7049318448,52031.3298909146,20750.5513839363,58320.5846952273,34495.5855136926,32806.8423871766,6923.00803052566,59658.6805169855,25165.3898517111,35146.2280632696,226837.925571671,15165.5148318076,73687.8771884143,23744.934165048,22953.7383846684,27881.6020412743,193190.45670837,20562.837812698,93479.8396226227
348.6638566859,2742.72829812623,536.323578995361,336.091463410462,1516.52223840694,158.284004808016,2213.93626137712,158.78471501668,448.887272331494,245.997606979296,206.923394413207,284.818218289895,1296.53881837256,379.958679949392,694.817406427103,261.548142375917,986.7283812549,141.948379128363,4514.74987506522,724.807179414446,1292.15950233748,527.191241060596,485.31066733807,247.352359832773,328.968656021108,3732.46694884422,1114.02261095139,668.588069207944,436.959485961961,513.754192469598
44.1785496229311,100.081000328553,34.5958680115291,36.9813346704236,51.9616152944263,63.5700927578393,82.1558719922725,67.4470100508661,40.5227739088509,30.4617585797432,12.2440854159634,40.468126487832,64.1662791276422,36.8366400265991,69.609216995857,37.9873087059293,83.7638643838691,44.1971496168937,56.3677405711865,56.6845873369887,51.8370065101515,90.1005779412019,69.0546833452174,61.8683096682166,77.6440100609075,90.6625140152796,18.2866105016906,105.662836562433,36.6350124313187,35.4426480116738
1.18649192951284,16.7595869845356,4.16333379693901,1.3144493645998,8.21954368953629,1.3514225786289,17.7567717983238,10.1480702811759,1.27956347343297,1.16208310995103,1.91706236667665,4.24384464100513,1.56304517768012,10.3154482929033,6.50220454364876,5.34707954347527,1.59730117850222,5.33306746394533,0.486203794830999,10.0828303310884,9.26495811128052,33.0497210262097,5.22527464524751,14.8571232024944,9.2737876971164,4.74510986270502,8.23107499087769,2.13920091436421,1.32776930394039,5.26685062501542
1.06324861707458,15.4843627683847,4.08051482410997,1.11008712670446,8.04300447706441,1.20234571652327,17.2773594698688,10.012807983667,1.12019951064894,1.10381769474498,1.49121215894229,4.14355426503198,1.28615559019704,10.2132549389557,5.66871111779528,5.18030776941259,1.49225229540616,5.20285676282833,0.319670929752192,9.99452435526837,9.1516839784581,30.5907164161845,5.13823716981415,5.10214777435817,9.06427915645872,4.13028327902975,8.04731269309718,1.32605389718105,1.2462046700939,5.18218211023418
1.05721536822648,15.4843342463532,4.07909999475146,1.10632550852347,8.03879867094474,1.19744892151652,17.2678977527071,10.0099348561962,1.11162982236715,1.10232609240256,1.49045582753592,4.14073262575175,1.28011813279227,10.2086778643152,5.6316387621589,5.17382131560498,1.49225229540616,5.19780132431833,0.312640508682989,9.99247513472756,9.1489691292079,30.5905670449681,5.13375199112397,5.0574949697193,9.06157534700787,4.10970570831023,8.04339327609023,1.31422158639953,1.24308267318224,5.17961566135887
1.05718437067958,15.4843342462054,4.07909348548014,1.10631623603035,8.03874305582985,1.19742480655418,17.2677789197,10.0099129027117,1.11152326964429,1.10231546751652,1.4904534826785,4.14071982968221,1.28009967947241,10.2086461614263,5.6314024172259,5.17380317721768,1.49225229540616,5.19778423641719,0.312607199205559,9.99246275950759,9.14895311555506,30.5905670447764,5.13373663829111,5.05727088648996,9.06155657135218,4.10915381609811,8.04336180275504,1.31412672484976,1.24307059733496,5.17960627703087
1.05718429437889,15.4843342462054,4.07909346526571,1.10631611101212,8.03874300457232,1.19742476302463,17.2677787626719,10.00991289646,1.11152311329965,1.10231536670653,1.49045334452603,4.14071934011463,1.28009953931269,10.2086460723174,5.6314021907956,5.17380305830648,1.49225229540616,5.1977840994482,0.312607120197754,9.99246274430402,9.14895308650443,30.5905670447764,5.13373659417243,5.05727078942436,9.06155649861716,4.10915340200791,8.04336178116159,1.31412659730199,1.24307047499883,5.17960621574639
1.11848883573816,15.6641123228223,4.08699989875026,1.08265531326856,8.04448096878764,1.19524869031602,17.2949025838798,10.0782899997571,1.12623835901263,0.0970054434615122,1.45267469207033,4.10635533027948,0.132587757356077,10.1921312175041,5.58779982222268,5.10105963395722,1.53277025019474,5.17264248162633,0.353265543994212,9.98302412047929,9.1201635080281,18.2218694702217,5.12066224440878,5.11894074813495,9.05504784221307,5.67929864769462,8.02492859300696,1.35863405048303,1.28755532096716,5.02733499542092
