212.893266168137
100.322980048961
361.450346652311
100.251870794676
100.351277019873
208.439796439782
213.843838889481
363.032911194148
218.168972384246
100.32070610839
215.965792419189
11.9549631217137
100.338934499074
299.709189381794
100.321794344009
9.36164554192055
211.150372115726
100.324913686211
3.66498209199017
100.336312493569
210.509011604793
214.92861236359
118.625731514884
100.350943086681
100.304484703795
216.020881137302
212.487725179783
211.124131569184
216.454979275823
210.865492914239
