253.350902731381
241.94070580913
246.408785808504
255.26317208688
260.604227580937
240.778220132324
247.412060885571
247.259738668964
239.403150494711
251.791829126076
242.193066748517
243.647472588549
252.175666100698
255.876012390093
238.457552622353
243.402265042123
234.394789875323
238.871296328486
240.563210124349
255.170613113713
238.304279020767
247.183257410443
246.862696095426
253.826755591995
232.279188358913
257.419071189265
240.351163225323
244.542689411059
256.818537506196
243.325845681439
