52.0563032183786
39.684918137795
23.1559113120218
29.9684092637622
52.9395040158142
26.0210842114193
53.9020265539018
6.10486232410722
27.1403217236812
91.863473032281
45.9846577007875
25.288641363564
41.9767533056895
94.7588584896096
74.901267334697
26.6890954945234
97.6328834553469
42.0940756320358
54.9753594205504
33.235203220371
65.3845369450012
58.8442329516467
51.7725639470386
24.3706460559602
57.6381562388267
74.8800001006769
14.2791943494665
33.522488929184
21.9537380566437
15.4648179659066
