20.9796292306903
0.329349905906383
20.3940057734449
20.4375613076852
45.9756192140751
0.994959057383994
38.0310527839274
0.312173256642382
21.0946284575975
20.0186043579545
1.61930556957464
42.4003376663325
0.62434651238641
21.0911921231418
0.312173256128972
40.0565094980861
41.781904549606
20.3507029415614
21.1013712267129
20.1370594798786
20.6923901700341
45.458295320472
2.30209137055158
39.3056372885769
0.792349971062777
42.7919782202812
20.3321151415887
37.7917253141816
20.4309576756643
20.7293143841548
