394.262753878011,483.877407647096,417.195678284573,419.258376072031,356.222851189932,330.222606277586,637.599423696819,366.613204764547,397.849688955341,494.896451181409,419.921001389032,285.419564828275,480.875877176285,460.60399875882,667.634964672776,447.057617887987,431.265376886932,412.852809474762,387.866643134556,298.094055318939,513.825718491295,349.618156319297,476.185993435477,504.069768714537,387.805645813823,495.136595559064,721.981130738784,447.951222798402,388.262862213931,4240.73949575197
394.262753878011,321.540612908589,403.297292181119,419.258376072031,356.222851189932,330.222606277586,637.599423696819,284.651968313016,397.849688955341,352.432155669727,335.543553989122,285.419564828275,480.875877176285,460.60399875882,485.943286412094,445.641718476784,312.463091196988,412.852809474762,387.866643134556,298.094055318939,407.858355336504,280.751674808543,476.185993435477,305.974453804242,338.431123846545,495.136595559064,306.857038145095,432.458038819842,388.262862213931,439.463957136018
394.262753878011,321.540612908589,403.297292181119,368.722359676542,353.473044473169,330.222606277586,396.828445581295,245.258872090988,359.98788782127,331.84041883691,321.660136118292,285.419564828275,408.098186055968,408.558075901709,380.028498051747,354.659200193924,312.463091196988,264.13196951709,378.738993966967,298.094055318939,378.649334861491,280.751674808543,476.185993435477,298.720288245454,270.416205813926,495.136595559064,235.256524664541,307.904860739199,310.976759934903,382.987682216768
333.755227315499,297.445244306363,275.223546338509,291.954991137822,283.756914997149,330.222606277586,395.522517786134,245.258872090988,307.303874489737,319.82443670136,318.178276502378,285.419564828275,298.650714970271,321.458074474051,207.828071631464,346.961540577266,288.065786889517,264.13196951709,270.627824072825,243.379699069627,353.037951116185,280.751674808543,476.185993435477,261.034371119651,270.416205813926,367.75718696046,225.211779774128,306.445993828886,310.976759934903,280.530456863643
245.593801642256,246.552533638102,267.504316825158,248.770561482113,243.005741623848,235.110416222019,269.15782308816,207.192913063992,260.844664946947,200.115716595995,238.44386393915,239.422097835998,248.76962600741,248.678833629067,207.828071631464,288.532743617786,246.895924204587,251.955418962515,255.934455662294,205.87551915081,232.474529134673,275.365428004129,249.993978017188,261.034371119651,270.416205813926,323.088127915738,198.683881862904,242.236862032171,233.134943971034,275.819132763179
185.976689860475,232.960435829302,199.567221526903,188.308373621046,221.955097608487,235.110416222019,201.11547996034,177.74244902883,202.407720540908,183.864082108611,223.834239666759,197.298501119059,220.797983947662,236.001641351961,190.424099953764,238.762614419285,207.350540618947,182.599993532404,202.830177123217,202.074050105824,196.097835134326,252.361882190165,191.876901750442,213.869546877755,240.220093163265,218.518457355704,191.149998969518,225.390152147323,208.858689084593,222.068264603573
178.468558036692,181.366580401422,181.965649174016,175.06325427526,180.062956457649,184.709046280092,177.422100142196,175.677525644552,181.107044070719,177.578446639452,190.331446629541,183.872802674491,178.549395842665,226.223309179139,177.774084943961,183.753896972652,174.651047866263,176.407996230374,179.605878492607,192.35575746302,181.017577804422,193.13419851409,173.260748166314,193.540344282064,211.372607697469,177.688469020718,177.378258269209,180.928751270477,178.755954296128,181.053578549624
172.691430581152,173.74269532,173.320122211539,171.771479392632,171.377509680623,171.099147786844,171.41143002671,172.825621882524,171.370418187702,172.73405661751,173.257342256451,169.404369745654,171.396521057712,180.188231240959,170.354209918395,175.724572509966,171.168144841251,169.431275792504,170.702580378981,174.843838490117,172.024092520057,172.251612774629,170.979099473854,174.334055778954,171.874587514393,171.914377414552,175.514542833942,171.742926209058,170.766023504573,172.964484699521
167.980144596512,169.179728064799,166.5731475232,166.627858250759,167.275904127355,166.289212457793,165.416049436956,166.57466844945,165.973177309696,168.094351559922,170.774380682912,166.315254512709,165.895789312693,169.280772934105,165.284706643304,168.407153499085,166.052593067079,166.108087334421,168.913564268615,168.110538994718,166.22805271011,167.599275332635,165.736774410988,167.168048729202,168.721001697541,167.082070143093,168.747819091492,167.964696577963,167.855899821203,168.433729659325
166.815560510945,169.039499258081,165.115261773424,165.166953950349,165.318813897355,165.080009576128,165.042593739954,165.488463377184,165.085616384204,166.484199391383,170.43671802002,165.001768451431,165.095054158588,168.321799099789,164.932987592686,166.872783371966,165.279390911182,165.556378489738,168.858784012252,165.041576326506,165.113157253618,165.46785527699,164.964899198704,165.14507773761,168.600432953592,166.887265722309,167.348391503473,167.456083687264,165.272219795085,166.581655484932
166.518818354597,169.010541083715,165.06825279896,165.146341562654,165.212864127404,165.072776008625,165.012743016619,165.468726026606,165.072699704813,166.475128425874,170.433864790215,164.975874742178,165.067890714005,168.226160148201,164.931008051242,165.659188094708,165.263478722778,165.40727188159,165.253086956708,164.975992664192,165.072745824044,165.442977480271,164.923441804553,164.954068570967,168.598263900178,166.886596784977,167.340211228959,167.450038819974,165.212913844233,166.579302835333
166.515362787944,169.010374002941,165.068192333671,165.109569360785,165.212605616653,165.072592697591,165.012141565582,165.468359622075,165.072592882795,166.474275467123,170.432565622709,164.975867679067,165.067596101647,168.220959599161,164.931007902907,165.212619913332,165.262937221192,165.402532486823,165.247880201273,164.975867635245,165.072594378614,165.441468324448,164.921941573322,164.950765676835,168.598199400982,165.132560711869,167.339884096674,167.449811205024,165.212605645673,164.975872825589
164.936820977667,164.931040911131,165.068192332853,164.931007910399,165.212605597661,164.931093315655,164.930631086282,165.067600308386,165.072592882795,164.946772306515,165.019246526493,164.954162917668,164.922107660525,168.220623820972,164.931007902907,165.212605597756,164.931058700228,165.268956747924,165.013817284023,164.975867633901,164.931010605391,164.991614420049,164.921941568,164.922779803835,165.06770912928,164.931007908739,164.419373109928,164.931067797609,165.212605597661,164.931046376619
164.921941573472,164.931007902907,165.068192332853,164.921941568611,165.212605597661,164.931007902915,164.921941568904,164.931007902942,164.921941652027,164.931007902907,164.922391878347,164.931007902919,164.921941568255,168.220621506402,164.931007902907,164.931007904835,164.931007902907,164.93389536784,164.921941568,164.975867633901,164.931007902907,164.931007902938,164.921941568,164.921941568059,164.931007944658,164.931007902907,164.419369485119,164.931007902907,165.212605597661,164.931007902907
164.921941568,164.931007902907,165.068192332853,164.921941568,165.212605597661,164.931007902907,164.921941568,164.931007902907,164.921941568,164.931007902907,164.921941568,164.931007902907,164.921941568,168.220621506402,163.954789811272,164.931007902907,164.931007902907,164.931007902907,164.921941568,164.975867633901,164.931007902907,164.921941568,164.921941568,164.921941568,164.931007902907,164.931007902907,163.714849549329,164.931007902907,165.212605597661,164.931007902907
164.921941568,164.921941568035,164.921941569945,164.921941568,164.921941568006,164.921941568005,164.921941568,164.921941568008,164.921941568,164.921941571757,164.921941568,164.921941568003,164.921941568,164.931007902915,163.924512134327,164.921941568012,164.921941568012,164.921941568016,164.542482482457,164.921941568025,164.921941568013,164.921941568,164.542482475275,164.921941568,164.921941568006,164.921941568007,163.714849549329,164.921941568046,164.921941568016,164.92194156801
