2174.72671029625,670.520751962049,2141.90899706612,1082.27777240886,2025.76619226117,2846.44964203782,1037.93436908473,2169.63495274469,1066.59355904422,691.518188251743,1501.59841079773,484.839999228338,2131.85461922643,1516.60722142138,2259.15577671505,1444.1373684454,1241.07590028718,839.548633326161,1427.76723451287,604.759894482343,1141.99120079062,1870.2856971657,802.454583912853,1974.45979644201,2264.21038462715,805.74604298141,1212.58216030734,428.99795255289,416.324113860899,1272.6735387793
824.831728796706,670.520751962049,2141.90899706612,1082.27777240886,1415.56368566723,2468.28232723582,1037.93436908473,1274.17302740121,1066.59355904422,691.518188251743,1501.59841079773,484.839999228338,1898.75848865112,1516.60722142138,1776.75692278959,1444.1373684454,1241.07590028718,839.548633326161,1427.76723451287,604.759894482343,1141.99120079062,1870.2856971657,802.454583912853,1149.59934268137,2072.43081174867,805.74604298141,723.478965834493,428.99795255289,416.324113860899,1126.52793570342
770.255247490898,670.520751962049,2018.53040779316,1082.27777240886,1048.31601926148,883.201470774275,839.943681451574,620.081118028299,723.982470029097,691.518188251743,1002.34579508638,484.839999228338,1396.54029628676,412.067051641371,1375.75538011018,705.55160810201,1084.97940729945,540.879799603177,1325.57112604271,604.759894482343,1085.06459777295,1339.02525049056,802.454583912853,479.741106831964,1619.10833140058,376.057814743608,669.678959639501,428.99795255289,416.324113860899,767.988231493652
372.325202269979,670.520751962049,866.254227728896,514.804326855528,1048.31601926148,354.389816713383,617.86742819221,491.915675127045,497.846812602696,430.130517408054,165.085580956219,484.839999228338,555.748549255522,412.067051641371,306.487267091177,705.55160810201,938.19532620172,540.879799603177,852.474581812185,475.418401634604,501.027478222424,868.465464111099,548.795443613143,479.741106831964,880.698550592195,215.787266946792,248.912262058057,428.99795255289,400.186294871382,431.576577845281
309.704240722241,268.629445036593,777.626527372874,325.572971406611,275.298486220889,165.561003671695,82.1932117114783,360.639769930904,197.130068629909,306.922790217161,165.085580956219,269.192907940797,285.007592773052,258.744293376349,306.487267091177,474.915065915779,442.705178387106,454.158567486194,467.684274557391,176.784543479891,296.639118479665,365.193960850704,353.289326114422,199.779900297669,303.189047421482,145.465791296709,248.770723542365,285.087356075726,310.802221078527,383.97672805974
106.002196113335,102.69735504452,190.199671857212,128.811311296806,184.747288296123,147.925658455818,82.1932117114783,121.899903508061,172.588745151426,82.3625240849821,77.001110713631,80.09648865088,80.8016156163279,89.0985876730336,142.372592352041,152.968924167172,131.595560607874,110.796204837659,88.2066856471273,66.2556606908087,96.7151342886918,174.618894570297,96.7725395688926,77.1169391277051,303.189047421482,54.6482645125905,81.2534593077218,111.379588358948,64.7080753513152,50.0778225574528
41.1845477119055,75.8584066055536,47.1187830369853,61.515850342549,47.2327103198445,58.9972739866498,23.0518683206462,50.3780481033225,23.4845358069797,35.8854421134459,50.2797920943227,43.7515469057112,31.4196652544522,73.4344075401126,26.9892544942063,34.1971275456344,29.5085632740357,21.37054280275,62.0994324071386,44.9694983197013,72.5177587730047,41.5207298014712,43.7389091101445,33.3499452332783,91.2365277273785,21.3198839796547,45.2927415443236,55.4314576268974,31.6577355133168,30.0124036634193
11.4264193084267,18.8929489277212,11.995081837088,13.4904042592293,14.5676622656559,23.0600558028547,15.6508949764826,12.803388660637,10.8403372612327,6.76774891640048,11.0287482013572,8.76415237341689,8.85665320676651,16.0083679866042,5.76665823980909,5.13609722461331,16.4801924522189,8.25539073340337,10.1525751677285,14.0800411671785,12.1566299453165,7.26992089001681,16.3223622030127,18.5829371922425,11.5763858195259,9.95502333073011,16.7305063902372,18.5225374852921,14.0576143676483,12.69114264598
2.25216066043129,2.64882360901004,1.65797319996079,1.82246333492594,1.13895018118171,1.65967242448994,1.72901984629004,1.41223275342668,1.66086901821689,2.14886284770682,1.64930390839515,1.70160029979502,2.34763270182339,1.80275755026844,1.11672588500062,0.603580047994683,2.47775176707876,1.66041947313056,2.42961416181072,1.26135855183611,1.18875066246403,1.47452374901275,3.49329539749681,0.984341991324527,1.88335516575819,0.724357000683312,1.461364419554,2.66647889746412,1.56489363854087,2.77868365954782
0.459049318782377,0.234377859125516,0.478512387779574,0.319427034278192,0.273960740617895,0.239559680382058,0.191835545097661,0.598116240082391,0.142823531464956,0.16686569274998,0.911378935114044,0.141402289407552,0.19482891694679,0.219227205663628,0.228243448811554,0.203681120132046,0.667621876555017,0.163266425281336,0.239011991702114,0.122040370430227,0.141325092193256,0.183949174250984,0.155761505690862,0.194428395898854,0.201584142934507,0.217622030633947,0.152971507981306,0.170626325033936,0.225704943035225,1.82235459873107
0.454324019551336,0.0895293829217962,0.45432401994151,0.0039310127092449,0.00125290889695862,0.00264054641502298,0.000768181422813541,0.454324046733973,0.000996981736534508,0.000228491898383254,0.908648037523108,0.00147363177882198,0.000648551723429591,0.000775246239754779,0.0895291182027904,0.179056509932479,0.543852434801465,0.000582150324476061,0.000854675990012765,0.000374702555632211,0.00067933111745333,0.000827376338406793,0.0895288164817885,0.000569725549439681,0.000465544771714121,0.000743271134297174,0.000738007356062553,0.000633063347891039,0.000482708707636448,1.81727491886352
0.00169624884813402,0.0020262955670205,0.000567133233630557,7.73620968175237e-07,2.89467720904213e-07,2.20731067201996e-07,1.09106167656137e-07,0.0007900769689968,8.68175220603007e-08,4.83020130559453e-08,0.000562306140182045,2.75582692665921e-07,1.28065039461944e-07,1.26785835163901e-07,0.000814856402712394,0.000162227970577078,0.00486286400882818,6.39007566860528e-08,1.25970132103248e-07,7.85856855145539e-08,1.21526227303548e-07,1.09704160422552e-07,0.000396920118760136,1.46695924740925e-07,1.49676452565473e-07,2.39569430959818e-07,9.43628037930466e-08,1.54195618051745e-07,1.74051024259825e-07,0.000471474307573772
6.06291905569378e-10,2.16232365346514e-10,1.11640474642627e-10,4.60431692772545e-10,1.28466126625426e-10,1.39948497235309e-10,1.24259713629726e-10,1.57001522893552e-10,5.67411007068586e-10,2.32375896302983e-10,7.87849785410799e-11,4.3473846744746e-10,4.21209733758587e-10,4.05862010666169e-10,2.08842720894609e-10,8.87894202605821e-11,6.64499566482846e-10,1.33923094836064e-10,1.50635059981141e-10,1.46883394336328e-10,7.46922523831017e-11,3.2855496101547e-11,7.76481101638637e-11,3.15708348352928e-10,3.27304405800533e-10,5.50244294572622e-11,1.42904355016071e-10,7.05995262251236e-10,1.34946276375558e-10,3.80850906367414e-10
1.17097442853265e-11,1.2732925824821e-11,3.75166564481333e-12,5.91171556152403e-12,4.20641299569979e-12,6.82121026329696e-12,3.41060513164848e-12,5.6843418860808e-12,4.43378667114303e-12,2.04636307898909e-12,4.09272615797818e-12,3.86535248253495e-12,4.20641299569979e-12,2.8421709430404e-12,9.2086338554509e-12,3.63797880709171e-12,2.1600499167107e-12,4.54747350886464e-12,2.8421709430404e-12,1.81898940354586e-12,2.95585778076202e-12,3.63797880709171e-12,4.54747350886464e-12,1.36424205265939e-12,4.32009983342141e-12,1.59161572810262e-12,2.04636307898909e-12,1.59161572810262e-12,4.20641299569979e-12,1.15960574476048e-11
0,0,0,0,0,0,0,0,0,0,0,0,0,0,0,0,0,0,0,0,0,0,0,0,0,0,0,0,0,0
0,0,0,0,0,0,0,0,0,0,0,0,0,0,0,0,0,0,0,0,0,0,0,0,0,0,0,0,0,0
