166481220.705733,1489338385.00203,272680863.509529,132191138.551571,431884281.31622,24143694.1854382,49422635.3443757,561577495.85713,775670359.718895,410677209.885874,763783666.758443,255640234.712819,169951464.588883,454396030.953069,533370614.548454,226844087.601141,39006700.1392505,128217818.609833,470449780.943023,282468141.497741,261607579.643288,2130657310.87373,405723497.376702,510230338.868686,226121522.48895,54613853.3035016,136920208.244377,375412150.712409,224731175.964123,760436053.926891
166481220.705733,107152747.578272,84077950.1311184,132191138.551571,431884281.31622,24143694.1854382,49422635.3443757,419926474.99479,491566051.328699,410677209.885874,179111191.789392,153064733.005375,169951464.588883,59129428.0160519,283028750.974603,226844087.601141,39006700.1392505,35236975.2221115,470449780.943023,240833292.062612,50619521.8636764,2130657310.87373,251318053.627489,510230338.868686,226121522.48895,54613853.3035016,136920208.244377,375412150.712409,224731175.964123,641594298.671543
166481220.705733,82022156.413755,71845694.5026884,107756407.867621,102966858.307427,24143694.1854382,49422635.3443757,88605993.1638451,201557533.900526,76508850.7453124,129486212.51708,22576128.1489673,79793838.0591928,59129428.0160519,175049379.446712,95046747.4548824,39006700.1392505,35236975.2221115,311706729.464082,214046138.388184,36491910.6739011,686119388.583754,68521537.7052328,57798212.6065226,226121522.48895,54613853.3035016,136920208.244377,44674389.8653647,117069708.152648,43792385.5267976
74836309.4470835,82022156.413755,71845694.5026884,107756407.867621,86360054.5892722,24143694.1854382,49422635.3443757,88605993.1638451,79513068.03247,76508850.7453124,19091709.7011512,22576128.1489673,37052630.8072767,35407465.7368426,91487639.3126238,16471823.4952174,39006700.1392505,18993204.3075294,81081604.6427711,33016055.7512564,22713365.8693037,86338708.9705994,10692315.9588574,57798212.6065226,38596881.7181377,54613853.3035016,136920208.244377,40285685.0304212,117069708.152648,43792385.5267976
36305764.3003412,70216201.0091847,20988370.5532118,22626422.9080769,42146195.5974483,12650048.2413379,30862751.2644175,8075052.35939144,66357230.0915376,46365834.5477312,19091709.7011512,22576128.1489673,26186883.3331326,5513765.68066494,7824403.22214933,16471823.4952174,10769753.6281207,18586702.4150143,14047781.4466864,11884218.9715119,22713365.8693037,19099521.0746498,5967831.11210859,20236917.4024089,25597400.2602801,52607289.294372,103824503.862431,21206110.4435357,20228234.5208862,13694867.791536
3316822.88036123,13393385.9217986,429262.974974084,9055324.98487431,5109904.45900994,1280203.75765904,20650110.5360295,5079059.04060122,9223799.72593184,10040891.5978736,1066674.91824647,3481365.90998389,13735803.9977761,2528905.6348256,4079117.09679213,9654311.30549943,2211557.76721859,3767780.82822703,8389264.33566104,6381735.02627909,6931465.32961623,10474639.7967744,3154305.34690088,5267945.56195188,4070648.59534072,7436663.85734708,25736270.2687294,1480132.04869773,5984539.75112348,7848186.13306649
849849.008885689,1931083.01012537,429262.974974084,145581.870947451,1702129.35659542,870022.641357962,2810823.92011665,894893.930327076,3579094.78422503,3236533.79411805,348581.720036111,2564793.25522114,4707557.81740386,843579.620941836,416896.755269249,2782547.23382541,547947.339012306,1133528.53981179,1883777.81035662,3030007.89529939,1073741.11629955,1285975.58482502,1859016.96945111,1705673.89353242,1250930.73011962,1873527.95937041,2223467.60258657,1126546.073086,1538257.31408277,932983.788874095
289330.133929253,68279.6743874712,174979.840520848,87425.6872189937,112273.203492361,563848.167588996,301414.592417206,145835.645880394,197481.213564527,777183.326088604,106169.203412047,169035.555617562,459557.99377114,52057.7323130032,33225.6775692343,311658.424443491,57413.7827027422,98686.187958139,258928.139838547,230588.84417404,198688.901531992,50358.3017224948,80647.9950183783,124190.179935031,135829.681618978,591493.454746513,326027.048395077,47991.2619211913,106690.910876091,133605.614445398
19131.4119075824,12547.0339326058,22824.7924885641,1619.35643023866,7544.88873960394,35046.1147083385,16376.8772923208,6547.79994837119,4999.62180403103,9890.7997872864,2902.46696798811,28662.5448594933,11406.1911852482,4179.80419698239,1040.90175447232,4925.44327907908,12587.4082514972,3229.73120587265,2973.69574528845,1058.90161611153,12236.6925818901,9778.20456761225,6601.81878986584,9270.20816766638,3250.83480512271,48919.0029140557,18932.9126693996,1854.12860419904,6837.64647468618,29850.765522547
944.399990854035,365.707565313359,614.574305214677,93.504227565574,289.179152612356,685.6874302414,157.289851031006,117.810958672551,240.322103918335,482.604261948492,50.0433401504986,208.79400734182,1477.18375808732,351.945979176735,66.3709896495593,767.904475039509,577.251078839472,266.880630149499,1048.60854357166,83.6934377093005,172.716442651611,388.924483694618,112.69917146469,147.05381824289,362.141813788682,971.599922852674,961.594647953581,141.478484071502,159.279827565859,1313.12380177164
525.447237745687,211.933653968101,385.979031516843,46.0229460558583,18.635506969184,91.4665241156308,24.1395225465426,30.1819812809294,116.022016358637,259.035219562752,45.4929745492095,90.4871527307414,957.67974019234,109.876045255143,32.0071282202941,527.320397811226,262.019082261303,108.064183922376,68.8431077768951,25.1528342516301,86.8394998954423,328.210814914885,64.3244516659602,55.73297249644,131.605232087689,855.365900909573,87.6476323650779,112.619657438678,64.8824021772186,499.901932863464
32.7235097862106,18.8577396951123,55.3523839894387,21.3350776678815,7.47515357634211,24.0691227774582,1.38804587346749,12.6635079846881,10.3512175827709,36.8995845860477,24.1905263334399,32.242106017344,27.3566888224855,5.36897574739783,14.2261176020497,36.0212065066462,4.77430812181478,42.9463033519364,14.3624976335673,12.3688354015812,17.9342936658729,51.0616358641396,23.7953035687028,3.47375632038165,2.88439028553603,28.7020196637666,32.8239036227035,11.6247239700729,31.3575257983421,29.4699172523146
9.00484872428183,8.00106821759505,18.5687860089768,18.0938276897955,3.10823443094796,9.15783769369432,0.409339491677656,9.04190628181709,1.49495920171375,5.26124175063342,8.24861203513638,15.0339652415962,14.8298906331706,2.06453898133782,10.2689350451121,14.1959547258743,2.46273831728649,17.2571136655561,1.32534758462361,2.65623094596413,15.4843345591435,24.9800702266884,9.94491424354464,2.06669629038083,1.47019317736545,10.1992816930535,19.3634852222469,5.37432707122025,1.94951556303045,13.3064580965959
9.00414679514188,4.26356788304997,7.61862009537208,13.1626518348776,0.101625422510551,5.12739250792833,0.0983024117472269,9.04115732452078,1.49495905709341,5.17522259627049,2.24956982050116,10.0093916416399,11.4216853314801,2.05632623144652,8.10832577283395,8.0113255246381,2.4423646178102,17.1050033797389,1.1501321517112,2.30702821300224,15.4843342462054,24.9641976727896,9.34730870200065,2.05693321640501,1.46722321994275,10.1844158949968,17.1438852198796,4.08107096168396,1.74362565340903,5.29710924727283
4.99151543926223,4.26348104101521,4.02481411414647,13.1605349140293,0.0833279020152986,5.12663599454936,0.0953299169564161,9.04115705888034,1.49495905709318,5.17522148288231,2.16690205636678,10.0091280959307,9.08510246690025,2.05632606782456,5.08358911253117,7.98262630926683,2.44236422361587,10.0204346663938,1.15012945064268,2.27005516368877,15.4843342462054,24.9641966364625,9.11357282167569,2.05693273951852,1.46722304744799,10.1844154704793,17.1333768614254,4.08105421240498,1.74362254546759,5.08728328630491
4.99151185180267,1.16437541587175,4.02481287615524,8.06501825226042,0.0559614323219648,4.10521410952879,0.0759446676902371,4.00396286398995,1.22462378203068,1.34711708788518,1.08587106592427,5.60139607800966,4.19911669751014,0.0343614188957417,5.06383725055798,5.06279082041124,1.03357222316436,7.37093218773316,0.166805312192992,2.27005337337687,6.05481890563851,22.2100603361466,5.51397261563534,1.22132952416246,1.21638060504552,7.77577069193899,10.1836061745319,1.0516576897387,0.799191160003375,5.08727157881094
