149.744724480449,184.587186448543,267.510275691181,159.293982423901,182.632540389926,131.4250580599,194.82893162006,193.23894377741,158.764839939961,161.923475013175,166.817076935591,198.852465495462,123.987154798571,181.773530096232,103.518945256923,210.935118859546,160.41771501221,173.915657218695,181.908898220304,183.253830175895,223.39411895237,213.125980738094,144.277992435403,171.021923714903,157.496353155405,121.763729723141,226.035220326757,119.868230794077,130.161538784792,232.875912333152
149.744724480449,184.587186448543,188.635034340465,156.674281109647,182.632540389926,131.4250580599,194.82893162006,119.123563388001,158.764839939961,161.923475013175,143.587931562038,132.509220595615,123.987154798571,163.852294941764,103.518945256923,157.666553900792,131.363820493398,173.915657218695,181.908898220304,181.423747273627,211.702614098411,172.239081223841,144.277992435403,171.021923714903,157.496353155405,121.763729723141,226.035220326757,112.806974941449,130.161538784792,151.766501759963
145.977105141692,184.587186448543,172.08665951848,156.674281109647,182.632540389926,131.4250580599,189.748468480364,119.123563388001,154.399189716187,151.390379491656,143.587931562038,119.834007409698,123.987154798571,163.852294941764,103.518945256923,157.666553900792,131.363820493398,167.235985810919,143.676576097148,105.924475765924,119.648208357764,172.239081223841,144.277992435403,171.021923714903,157.496353155405,120.750208810397,180.024642192282,104.369113786875,130.161538784792,113.097824854712
145.977105141692,170.145838652963,123.336212602997,114.836437482994,130.904522850327,91.3425465766745,151.433629625388,119.123563388001,135.266975328761,151.390379491656,143.587931562038,96.8128495772544,123.987154798571,137.859139850134,103.518945256923,157.666553900792,131.363820493398,133.665938971922,115.253911947641,105.924475765924,119.648208357764,134.907672273356,143.923896442632,159.59086358095,115.468913801657,105.852439480253,175.720327498693,104.369113786875,127.329312507911,113.097824854712
103.943977324792,136.871088471065,123.336212602997,106.218174818359,130.904522850327,81.1480687844978,125.610292050079,119.123563388001,114.77122883705,81.1506431330272,141.463992919284,92.7738768636323,123.987154798571,72.9464601365194,96.1636646245456,81.4270798010552,131.363820493398,109.700692009108,115.253911947641,105.924475765924,107.469949328181,87.8340164234455,107.802745070986,125.254693818064,110.01565473182,105.852439480253,124.649860726768,104.369113786875,116.859666467136,107.113287074538
65.9131168685208,95.1986839541614,94.8648860554649,71.6493015525466,97.6754160183,78.745969632826,118.406914356839,100.697405788972,95.9508172189412,65.6196339459002,92.8939397732884,69.7464931970226,102.418334234606,63.8208643062699,76.2748262678988,81.4270798010552,96.9215426338533,105.264205623276,104.71296741692,105.924475765924,78.8102101386498,78.4399591023357,86.7212653439733,86.4049836682743,82.2674026959471,84.4721232422048,80.7300972650964,83.6420470131216,91.0447328182472,85.937961737076
65.9131168685208,83.106311320289,76.8177938053532,62.7628287871225,84.8970699407751,78.745969632826,78.7010627863842,89.4998511191252,71.1103861189276,65.6196339459002,92.7475327458951,67.0733086765031,94.9824556651652,53.1781005558828,71.3653327351599,72.660750134854,70.6831939933886,67.4888038394715,60.7289309014532,89.3050683100387,76.7558997775518,73.3996290188065,86.7212653439733,79.4700291550862,65.1152259739242,83.2009358166915,80.7300972650964,78.5381565211637,74.9432156870453,73.9196740086795
58.6380448053164,73.8819440155244,59.6183064102906,51.7753169256489,55.1043646185713,62.7058518025201,78.7010627863842,71.6194638798706,64.1337668012779,65.6196339459002,92.7475327458951,57.6701060080618,75.732245377882,53.1781005558828,55.1788763551604,62.7085828967665,62.6133847691922,64.892562458343,52.5281439791561,73.9927194829452,69.0489449621591,69.3246535102253,66.2985519148851,53.2881744915098,64.3931653624504,69.2727689014605,68.5987334808856,61.4391735233617,56.050847281891,63.6091136192044
57.8639497576446,53.6351097022771,56.9234856112839,45.968053108928,47.9607781165803,56.5619934904262,73.2955731104166,56.2849036363395,51.4451737669929,51.7310971600059,64.2699631066635,57.6545026311965,54.2679502174278,53.1781005558828,46.733207809109,53.6792511591093,56.5487913742973,64.892562458343,49.5562616926486,59.7903279038132,51.8952174600927,56.236794569937,49.1234680490456,37.7232807991609,58.859684173809,56.5365163005704,68.1477259424446,44.3693947110437,48.7632850704485,36.5246988955689
34.994093461906,32.4334368515681,39.5606243006939,38.2273993088429,43.5906547504708,41.7567779193562,49.7730361255512,37.5335246966492,35.1273109697056,43.4366261110674,46.5099039726183,40.5113017770407,51.4469258900353,37.9264652157785,39.777438713857,46.6491368376942,30.8564302350833,55.3029659037907,45.0592156564371,36.1107452081055,46.5491881427824,40.894299740723,35.0879457977771,24.6128163760898,39.8182333969394,52.5244844648364,45.8987041145785,34.9382089556786,46.466239715679,36.5246988955689
24.0333034526948,25.8186370166113,33.6060883440016,15.2323816477062,23.8962391911587,41.7567779193562,29.067428339514,20.2094188520173,22.4894356573725,21.3480253707564,39.4686896618825,22.5042784291793,41.0484106012598,30.687110799141,26.1605177501422,27.6235401455313,27.9474660314402,37.4313632114954,30.8125234507327,24.6565994938451,22.5892628112761,29.0304163912328,21.5615742432278,20.6694993745245,9.27291806977314,31.8721211274728,41.0432225749955,24.1178572547776,38.2636121953612,36.5246988955689
22.1000406979649,21.6711391068011,33.5142252761623,11.1341545790369,23.7672169767109,30.5983635764408,17.8316640634243,18.403820512006,21.059226070405,3.52679946758872,39.456661571561,21.6398646039702,23.1982248497923,30.4376168419549,22.0806954663306,24.5623150274787,19.0425561521033,37.1250603990457,21.7005514318723,22.4565901019525,5.63801604957644,21.1345937659071,21.5071716740349,20.6442240368901,1.37821490215401,22.6169266059887,40.9564377758684,6.65363064430062,38.254307380417,24.6717711433205
21.9919376010121,20.3893259330812,21.6348421056609,3.7740545190768,5.34359895437683,30.0461465971871,17.7171440584584,18.4036458326646,21.0452190619587,1.11236869574668,21.7982049270729,18.0493476072627,22.6413121819307,24.3149986845983,21.8419304294232,16.9298231832288,18.9437541984917,21.0974573308038,21.674503164609,22.4565901019525,5.611415015896,21.1339861482049,13.9076133448229,20.6164530337339,1.04160350783013,21.9344686557313,29.1169169164914,1.63217554664789,23.8064532258638,23.5744463812584
20.9950058169729,20.1019929411866,0.624746464344071,0.996620868576429,2.24880119168915,22.6121358226333,5.60021885083825,0.00864697761403477,1.76161677269965,0.00570716095990065,7.06596523264921,3.29311719711677,21.9964826490054,6.38283922249252,21.2184383522456,2.71659417540513,0.744233594770776,1.65249160018061,20.5968462825565,22.4565901019525,1.39606725511476,3.89520168118179,1.04168106311181,3.7273193602739,1.03837806683441,21.6251051622774,21.9179728504218,1.6317422413631,1.02910069383506,5.37021085318406
20.0785076495665,20.0754469670744,5.459241947392e-09,0.994959170944867,2.13477160940079,0.976331138002706,1.9899199306592,6.0892944020452e-09,1.61905837800055,1.18311743335653e-05,0.994994654099401,2.16475156133083,20.6967753520853,0.994959057731876,20.0638232980557,0.624128061128431,0.624099601047874,1.61905837923996,20.5968462825565,4.77928762622332,0.995178645138139,0.624100124606684,0.994959058553604,0.995432915588026,0.994959057831011,4.61476208511272,20.6933058697973,0.624099569137343,0.545739427055196,3.9406101100974
20.0418914485258,20.0002046123702,2.17778506339528e-09,0.994959057527467,0.625042969300239,0.00106710336376636,1.98991811439259,1.53022483573295e-10,0.00497180738761926,2.86399881588295e-09,0.994959057299184,0.00460505664796074,20.6760832710149,0.00028152235631751,19.9976766690472,0.624099321051062,0.624099320657251,0.000255024912348745,20.0000518923873,0.997427576333621,0.994959060023575,0.624099320769801,0.00037770832204842,0.624099322882785,8.55594039421703e-05,0.625071611326348,20.621939410928,0.00209238943716628,8.16094586753024e-05,0.626018969861207
