2700.77608605355,15090.1330535685,3703.94924645853,1040.23991681714,6815.95010891319,10355.4321337785,4203.31309454356,2394.22743721571,1912.08011538804,875.560779031703,6052.63254092993,2497.50664424714,5369.63282951717,8018.69065497115,3990.07432798692,2498.8717724203,5275.43443481375,695.136078454965,927.528196513675,1068.47421501786,2938.53034461079,6843.75562682382,2669.29806535894,1622.52134731657,2905.91939944847,2449.61882398164,1970.63351703163,3057.99835957744,5341.54093756351,2821.46986911937
18.355306991371,26.5867217629974,43.4528170518536,3.74335043311567,14.6742106032891,34.4326706712638,24.814993013378,13.2269048334725,56.0285520510103,6.08298787425264,8.92777885338859,15.8877087990877,23.675335828356,40.8559273993951,36.259342932318,53.6354681316265,23.4592089198643,12.9163287245838,18.8010161990628,9.15791009932559,35.3389188131075,26.7948809481719,27.4796511067976,8.17354461606595,13.3528209452984,17.7282378328869,16.4486013583846,15.505013269544,13.8521676694853,31.4698746685229
1.38449297413916,1.87069323986447,2.62763259919575,0.549182867850732,3.85411547652825,3.49413834257405,1.42421630931943,1.30692034161882,1.44381369289863,1.79924834180019,1.79291518512503,1.01827424361579,0.872801174531446,2.02822785990691,1.91333109357748,1.27802139381333,1.97630656785816,0.689144739588585,0.795230978241364,0.793791515160933,0.943002690718174,1.95375886803851,0.626953703975403,0.747311682571308,1.63499604865558,0.878178159428671,0.501266110965162,0.905851243046754,1.34055450402991,2.04551944133436
0.0256273037352912,0.0117770038789331,0.0197880660413148,0.00409511488709313,0.0133859934030625,0.0389624178114332,0.0180076200413168,0.0138526747938954,0.0146388874582044,0.0113888110239486,0.00846531830904951,0.00653652078977984,0.00917196772741136,0.0167704733287906,0.0117479027683771,0.00629447692222129,0.0155399476503248,0.00884909641592913,0.00553382930775115,0.00749253802007388,0.00818896350801879,0.0179142005874269,0.0103656544011983,0.00498772897458366,0.0134188933359383,0.00228539307073561,0.0109836675540578,0.00892319493084415,0.00632062026136282,0.00484038202262127
6.12293433732702e-08,6.62877255308558e-08,8.89141915649816e-08,7.89231080489117e-09,8.33402964417473e-08,1.47562161600945e-07,2.90090156340739e-08,1.9746892121475e-08,2.92014306069177e-08,2.39929249801207e-08,1.81814243660483e-08,3.04033278553106e-08,2.02111323233112e-08,7.79854190113838e-08,8.362957260033e-08,1.93700202544278e-08,3.60218450623506e-08,8.39850144984666e-09,2.45815385824244e-08,2.257735332023e-08,2.1365679003793e-08,3.44344925906626e-08,6.5592985265539e-08,2.79611640507937e-08,3.03541014545772e-08,1.56575197252096e-08,1.40550469041045e-08,7.68960717323353e-09,1.1490215001686e-08,2.46724880526017e-08
0,0,0,0,0,0,0,0,0,0,0,0,0,0,0,0,0,0,0,0,0,0,0,0,0,0,0,0,0,0
0,0,0,0,0,0,0,0,0,0,0,0,0,0,0,0,0,0,0,0,0,0,0,0,0,0,0,0,0,0
0,0,0,0,0,0,0,0,0,0,0,0,0,0,0,0,0,0,0,0,0,0,0,0,0,0,0,0,0,0
0,0,0,0,0,0,0,0,0,0,0,0,0,0,0,0,0,0,0,0,0,0,0,0,0,0,0,0,0,0
0,0,0,0,0,0,0,0,0,0,0,0,0,0,0,0,0,0,0,0,0,0,0,0,0,0,0,0,0,0
0,0,0,0,0,0,0,0,0,0,0,0,0,0,0,0,0,0,0,0,0,0,0,0,0,0,0,0,0,0
0,0,0,0,0,0,0,0,0,0,0,0,0,0,0,0,0,0,0,0,0,0,0,0,0,0,0,0,0,0
0,0,0,0,0,0,0,0,0,0,0,0,0,0,0,0,0,0,0,0,0,0,0,0,0,0,0,0,0,0
0,0,0,0,0,0,0,0,0,0,0,0,0,0,0,0,0,0,0,0,0,0,0,0,0,0,0,0,0,0
