459.927564659627,272.520164427729,552.782536260961,348.657232618472,312.667936122239,346.635665819614,236.567151305508,400.504465304419,403.289598270793,354.869783251792,346.507640166917,385.875442723178,359.379019499555,425.907639468181,367.651215647752,410.304193172037,270.080086996726,453.205279853541,484.659625228916,354.654241570006,276.303339161085,585.558731503692,332.313763786841,315.953516796326,298.238986675675,440.730176895782,442.006270956682,448.306500941692,480.381766922357,404.818278908641
408.664471075345,272.520164427729,387.813941488096,348.657232618472,312.667936122239,253.9418201924,236.567151305508,229.950341514828,358.313963207385,354.869783251792,346.507640166917,381.065701158926,359.379019499555,287.327698210927,360.835133089719,410.304193172037,270.080086996726,453.205279853541,431.166672469075,354.654241570006,276.303339161085,585.558731503692,332.313763786841,315.953516796326,298.238986675675,338.489772419911,354.605093066648,448.306500941692,403.665023440473,380.033693805874
330.870736207991,272.520164427729,280.384764278687,308.001622089096,312.667936122239,243.571377262507,236.567151305508,229.950341514828,358.313963207385,342.911411012838,330.697165866711,273.427553050824,288.720793827336,287.327698210927,351.921536399201,313.751951155507,270.080086996726,337.737207578994,282.706150296118,302.605425172004,198.350260842363,370.043453107212,304.111443394799,315.953516796326,257.932211159678,298.190883802904,354.605093066648,278.462132940087,374.204294718955,272.554777847097
297.961326882848,272.520164427729,250.422843538512,240.949165324396,312.667936122239,243.571377262507,211.535758559296,229.950341514828,281.684963066426,237.495418834847,245.322273065764,212.244804259094,238.685516421675,249.683357881933,257.565576539641,313.751951155507,254.651026535908,275.975644050236,209.626539373617,210.95815527211,198.350260842363,308.891048737078,210.077741360286,274.277121466469,214.784065826349,243.142364308036,242.781332347012,263.36661928101,304.842332554414,235.181983083249
236.252850219512,217.728112418184,207.291834459634,221.798107962633,259.579801551116,223.783786528523,205.321302440678,205.513601036964,254.36776490635,221.124101979211,202.185074958854,192.567056782837,238.685516421675,201.176451509562,206.950989784525,217.859040654308,205.980779520438,239.609373701016,199.419724003251,195.26329776665,192.034840668759,219.395055503936,182.431035991547,239.044066198043,181.872729126109,214.003380275373,211.109266266107,200.370435776628,238.643408223804,216.227886393369
176.836721523928,175.076311328727,192.483766002465,185.273462148672,229.709647494723,176.504712004482,191.836408693468,178.15269048242,184.123272370591,191.68837585853,199.453844679563,187.382086769696,217.9126013475,187.613230311259,177.393840967959,190.281756422052,181.919905492832,222.263882566057,184.444272718594,179.226329828447,175.174393461445,181.732754677884,176.588557033574,231.25776599146,178.04816737453,184.05469401543,195.213520618034,193.832590758683,187.386886448035,179.956869071316
173.154089944068,175.076311328727,174.538611866531,169.966360505489,183.565782763098,173.456118765343,174.297644734666,172.231548685994,173.871482152725,173.604859898234,174.848429377476,172.775943120088,173.572103563993,174.006680436667,174.868911261629,172.816826490974,172.3705676217,171.050990961261,173.202668116248,170.629063024317,171.874181555835,172.358768886402,172.00599800988,184.004301425913,172.30310843707,172.090454563228,172.894757627049,180.435009901861,172.484644753263,172.493298041355
166.804528867789,166.234823405668,165.797860702857,166.118235011717,167.795704480859,166.566089331986,165.398748144856,167.504313413177,165.954191420015,165.356217734703,166.085026239015,166.052585563856,165.828286508054,165.209223634118,166.164557323855,165.493127580371,166.40205417366,168.15501267806,165.773662542064,165.560032104732,165.942244566062,165.384445097019,165.253165182668,165.786395530311,165.602323824424,165.302094049824,165.826227476972,167.523824210792,166.703156793164,166.675053618417
164.952146115887,164.969557511206,164.94928111498,164.958719707684,165.024763836539,165.304682786609,164.941760372022,164.943638121274,164.955439196533,164.936855903892,164.942215593539,164.952939308513,164.978705128024,164.94190583206,164.946882621373,164.961176195299,165.291123752838,165.308686397354,164.946793805604,164.950161949528,164.936453601058,164.947643068275,164.95998254139,164.97078685914,164.952435852444,164.970109284868,164.961714727465,165.318556391733,164.964972511998,165.283540807784
164.922173178288,164.931435695905,164.93129831173,164.931232316825,164.975867668792,165.216140851279,164.922095141749,164.922278531117,164.922195306216,164.9221490741,164.922104006241,164.931305308898,164.931350220163,164.922077159333,164.922128635645,164.931127702536,165.215679276087,165.215328737994,164.931193288942,164.931283928995,164.922045073012,164.931131610527,164.931305993585,164.93134974648,164.931289203803,164.931145386585,164.931347761704,165.216987844139,164.922039458512,165.215751537382
164.921941997532,164.931008753608,164.931008218284,164.931008156522,164.975867633901,165.212629171734,164.92194187694,164.921942152109,164.921941945226,164.921941805314,164.921942028062,164.931008242326,164.931008700719,164.921942082934,164.921941782058,164.931008177017,165.212632771489,165.21263885297,164.931008269484,164.931008161399,164.921941796046,164.931008110213,164.931008370179,164.931008229097,164.931008234086,164.931008326878,164.931008242975,165.212646716696,164.921941979892,165.212633442223
164.921941568008,164.931007902915,164.931007902911,164.93100790291,164.975867633901,165.212605604317,164.921941568002,164.921941568004,164.921941568004,164.921941568004,164.921941568005,164.931007902916,164.931007902911,164.921941568005,164.921941568003,164.931007902911,165.212605604395,165.212605604755,164.931007902911,164.931007902912,164.921941568001,164.931007902911,164.93100790291,164.931007902911,164.93100790291,164.931007902917,164.931007902911,165.212605607551,164.921941568006,165.212605602247
164.921941568,164.931007902907,164.931007902907,164.931007902907,164.975867633901,165.212605597661,164.921941568,164.921941568,164.921941568,164.921941568,164.921941568,164.931007902907,164.931007902907,164.921941568,164.921941568,164.931007902907,165.212605597661,165.212605597661,164.931007902907,164.931007902907,164.921941568,164.931007902907,164.931007902907,164.931007902907,164.931007902907,164.931007902907,164.931007902907,165.212605597661,164.921941568,165.212605597661
164.921941568,164.931007902907,164.931007902907,164.931007902907,164.975867633901,165.212605597661,164.921941568,164.921941568,164.921941568,164.921941568,164.921941568,164.931007902907,164.931007902907,164.921941568,164.921941568,164.931007902907,165.212605597661,165.212605597661,164.931007902907,164.931007902907,164.921941568,164.931007902907,164.931007902907,164.931007902907,164.931007902907,164.931007902907,164.931007902907,165.212605597661,164.921941568,165.212605597661
164.921941568,164.931007902907,164.931007902907,164.931007902907,164.931007902907,165.212605597661,164.921941568,164.921941568,164.921941568,164.921941568,164.921941568,164.931007902907,164.931007902907,164.921941568,164.921941568,164.931007902907,165.212605597661,165.212605597661,164.931007902907,164.931007902907,164.921941568,164.931007902907,164.931007902907,164.931007902907,164.931007902907,164.931007902907,164.931007902907,165.212605597661,164.921941568,165.212605597661
164.921941568,164.931007902907,164.931007902907,164.931007902907,164.931007902907,165.212605597661,164.921941568,164.921941568,164.921941568,164.921941568,164.921941568,164.931007902907,164.931007902907,164.921941568,164.921941568,164.931007902907,165.212605597661,165.212605597661,164.931007902907,164.931007902907,164.921941568,164.931007902907,164.931007902907,164.931007902907,164.931007902907,164.931007902907,164.931007902907,165.212605597661,164.921941568,165.212605597661
