487.908561694526,756.964358774508,621.302388846334,1492.09639649146,1487.90607713896,1344.36718278104,537.17578488207,546.827898712252,1610.1276845386,2244.75525596523,915.689252962471,776.275195604955,1240.2633430292,1670.1902065011,2556.49525276767,515.341488923283,241.408033237426,2229.73621971777,2387.17000542673,1420.41569669347,801.301207174901,1644.96324554553,1081.82418369294,1233.79118787782,847.789085448996,1467.99813386719,1423.62021086083,1279.99440656523,1270.90511809783,651.172443671785
487.908561694526,756.964358774508,319.077322185915,1492.09639649146,1230.57214261234,675.58081675742,428.725390307116,425.864727264355,725.571033010749,1312.78915226247,915.689252962471,776.275195604955,413.058405389411,1277.22852941263,1242.76353792403,515.341488923283,241.408033237426,1206.5278282183,1352.32753879109,1420.41569669347,801.301207174901,969.117229039896,720.92328136665,725.71208589625,331.808653325504,1467.99813386719,1152.53946291361,1149.61136003322,964.687148584176,651.172443671785
436.1289655828,640.762254882004,319.077322185915,494.870436140028,215.397654761667,625.945287796278,178.582710727687,425.864727264355,725.571033010749,455.847799036263,849.42235473799,551.728829681802,413.058405389411,1051.25866918088,1232.08218035748,322.879076027533,241.408033237426,1206.5278282183,760.996251210465,656.430752868869,402.86503220724,237.492029222165,431.492430668849,725.71208589625,240.747420204682,1128.66341633986,418.976983857025,372.463421612857,700.142042569364,411.683689902894
294.801231603257,397.318488680243,259.64695049818,167.564977038492,215.397654761667,625.945287796278,178.582710727687,378.55144408505,244.287082729845,378.939729420812,453.972945106083,367.864503834009,413.058405389411,242.054847939456,385.787509871711,322.879076027533,241.408033237426,875.034891632494,262.490779659099,386.668506116059,259.801026506304,237.492029222165,114.826939764111,375.501206261478,225.487662125522,437.78794602407,418.976983857025,128.209379309076,468.012100280846,260.566218144136
171.026124273433,163.184488536617,90.0104282781843,145.136147546552,98.2011974349629,133.742591709057,142.85151572828,178.666233857617,244.287082729845,97.7636765723139,125.295527262155,181.836894643643,175.058851220223,78.5372139147868,96.9153730003549,139.784644141713,61.03812225524,210.595988364594,102.430966136635,113.387752063937,131.114173041711,171.093073650306,94.8753228688609,127.153752684716,98.6611152975122,126.96541896155,100.688959602739,104.609223851362,120.218648192457,56.836183848923
100.677967802195,100.013878556132,65.6014373634164,80.7505650962782,40.5799669281898,82.2279247275268,84.3728537381955,85.1191782556106,70.433955372634,58.9792750484709,61.6242272166244,69.1338413924441,115.145961063166,45.718603079022,86.3658350425526,64.2765123765967,55.0872026174381,105.609931547976,57.5307824432778,67.7754824759128,55.8423505962083,82.9696497397629,84.567960354365,91.3076050655709,52.3818252370781,72.2250386620404,81.8009856541403,42.545428907626,69.4879979190181,56.836183848923
32.2416309456744,48.5585636607786,16.2131827562623,23.6346270261145,15.0363722993856,12.6166258777125,18.1322357104498,18.5024637838965,23.1193811704377,13.6789726662384,8.96209035365655,5.48224213964801,68.9464730093398,10.6847924882662,5.0691504680313,12.0661370799181,10.9357204361045,58.2058132606087,8.45415324678004,66.8363425041217,13.6019728753476,9.1820377675669,5.83218807646125,18.5569328098945,2.40706235689765,18.5280549092283,24.0776425180341,7.47168880104107,8.95558638473545,56.8337514146958
5.35304720206523,4.41012831660748,0.746510867391407,0.458591277068308,9.34387167259996,5.03399283114572,4.89167263590173,0.571800680709543,0.851947726323488,9.31540549432412,0.195769225060644,0.0941582214353502,3.51206926592778,4.98968044767179,0.133135935759981,0.209630776189385,0.160461175506271,4.43607526991514,4.75787556606622,0.292999230731027,0.438512762238361,4.65927132562359,0.272472632042536,5.31059002826112,0.214886873968396,9.52150959967855,4.59965496541628,0.458244437228529,0.307839383995315,5.30253148844378
4.08142580136195,3.99712955608067,0.0762167063991228,0.0555352852756528,8.93845750184181,4.08731345713397,4.04316816821506,0.138082808091383,0.1720973051128,8.94862628393417,0.00303348773530843,0.00187860404071216,0.152489136102304,4.04712007490889,0.00311446681172356,0.0184197728393087,0.0048546529928899,3.99964685602936,4.04033125870973,0.0226241141656942,0.0564584633646632,4.01382990865631,0.00545656246151793,4.01995919334183,0.0292776783225577,8.9614774922656,4.0444523831851,0.127581029406031,0.0356669937897891,4.12811920842006
3.98663887682665,3.98659169658998,1.21097946248483e-05,3.16104269018069e-05,8.91697655765915,3.98664597470855,3.98664421799299,3.3992448322806e-05,8.41965644440279e-05,8.91699953804931,1.64449105568565e-05,1.60694407895789e-05,7.21313166991422e-05,3.9866282898559,3.59882489533447e-05,8.84300180814535e-06,6.73327315325878e-06,3.98659218343545,3.98667804267677,1.56480170971918e-05,1.739041709925e-05,3.98660787553644,1.53055054852302e-05,3.9866061165846,3.14826677367819e-05,8.91707754312466,3.98661039422848,4.45616330466692e-05,4.42906849684732e-05,3.98667394109896
3.98657913153608,3.98657911908589,9.38894118007738e-09,1.32996547108633e-08,8.91610300064895,3.98657912006411,3.98657912666692,6.77653133607237e-09,1.32471313918359e-08,8.91610242400395,3.25701421388658e-09,2.39509745370015e-09,1.55379780153453e-08,3.98657912224633,6.81171741234721e-09,1.77158199221594e-09,1.60156332640327e-09,3.98657911726002,3.98657912052266,5.81616177441902e-09,4.30929958383786e-09,3.98657911622149,6.98622670824989e-09,3.98657911856253,3.54594931195606e-09,8.91610329699171,3.98657911531097,2.3436996343662e-08,8.76110561875976e-09,3.98657912458276
3.98657911234716,3.98657911234716,0,0,8.91610192779211,3.98657911234716,3.98657911234716,0,0,8.91610192779137,0,0,0,3.98657911234716,0,0,0,3.98657911234716,3.98657911234716,0,0,3.98657911234716,0,3.98657911234716,0,8.91610192779069,3.98657911234716,0,0,3.98657911234716
3.98657911234716,3.98657911234716,0,0,8.91610192778131,3.98657911234716,3.98657911234716,0,0,8.91610192778131,0,0,0,3.98657911234716,0,0,0,3.98657911234716,3.98657911234716,0,0,3.98657911234716,0,3.98657911234716,0,8.91610192778131,3.98657911234716,0,0,3.98657911234716
3.98657911234716,3.98657911234716,0,0,8.91610192778131,3.98657911234716,3.98657911234716,0,0,8.91610192778131,0,0,0,3.98657911234716,0,0,0,3.98657911234716,3.98657911234716,0,0,3.98657911234716,0,3.98657911234716,0,8.91610192778131,3.98657911234716,0,0,3.98657911234716
3.98657911234716,3.98657911234716,0,0,8.91610192778131,3.98657911234716,3.98657911234716,0,0,8.91610192778131,0,0,0,3.98657911234716,0,0,0,3.98657911234716,3.98657911234716,0,0,3.98657911234716,0,3.98657911234716,0,8.91610192778131,3.98657911234716,0,0,3.98657911234716
3.98657911234716,3.98657911234716,0,0,8.91610192778131,3.98657911234716,3.98657911234716,0,0,8.91610192778131,0,0,0,3.98657911234716,0,0,0,3.98657911234716,3.98657911234716,0,0,3.98657911234716,0,3.98657911234716,0,8.91610192778131,3.98657911234716,0,0,3.98657911234716
