107.907187828642,69.276527951879,142.325276736271,103.854527348703,90.6038312718106,111.516580999442,94.057492833736,78.9153690400954,91.4138481412438,80.6442254285748,82.3050525457415,69.8003887292043,86.4079823965922,117.525043091006,112.22158704588,109.98661283834,106.696707897706,106.672094680326,119.667849314152,80.6960581802896,67.2754338838863,96.2387365546556,101.47922962991,105.429359017796,93.2511551336361,70.2844924189885,99.1341753582283,83.9909799514717,119.682717692108,72.1107728598085
86.1334364624172,69.276527951879,94.3152765963264,78.256415624724,66.1784918849462,97.521417905275,88.3631635348565,70.56464650628,77.3064239627529,80.6442254285748,71.7955797738027,69.8003887292043,86.4079823965922,79.1863010499587,84.0963004224063,65.5920876417881,101.106188367479,101.012310968256,97.3392379979628,74.9475158190385,67.2754338838863,59.8898279847031,67.3956875592012,77.9778190226734,56.8924618864316,70.2844924189885,84.3028935005323,66.0643804536794,85.5239461115007,72.1107728598085
59.3176524430969,69.276527951879,84.1912542221407,66.051587582162,66.1784918849462,70.6549777211198,70.0264473801785,70.56464650628,77.3064239627529,58.1527820844699,57.7051504426868,69.8003887292043,86.4079823965922,75.5689018835283,76.7658165901839,65.5920876417881,70.4829198904968,90.7989408841286,79.8916342927569,74.9475158190385,67.2754338838863,59.8898279847031,57.0011962999833,62.0940138818737,56.8924618864316,56.8699128070584,79.2885326431633,47.1736661768202,64.3488574797061,72.1107728598085
51.4176828725094,48.2276314214728,54.8590198892011,54.3649613873667,44.2810923223303,50.1085801294885,62.5024423164946,55.9833659708911,71.3371381823472,58.1527820844699,54.6670116214473,48.4764314964063,67.224610555621,63.0490474535195,46.3552047064416,47.1506836714875,56.5694734733297,71.1171215695372,72.3552657441969,59.9910367267325,40.3135418575487,44.4407944750487,44.5673136938965,61.0285600728917,56.8924618864316,56.8699128070584,45.6917880256565,39.4983248372098,59.4443774683909,51.3527398669557
31.1758116745452,24.9422943494374,36.8992971273422,49.402183867398,24.4616755437401,26.6271942689602,43.6689160313626,30.4827804659776,30.2229013934002,37.7948262884865,50.212844921045,19.0971391563487,32.9066157566513,27.9303971998322,32.2130871353813,24.3048173151392,25.1411138294955,40.9294004881799,26.6384927212946,43.6732695022629,28.0462518784243,29.5306978737631,25.9382531184638,27.9666204504781,42.2841784424643,28.4739180942327,45.6917880256565,23.1925757933814,34.7236197202151,17.4385403113654
22.8223067543324,22.6040523883441,2.22308494208551,44.634477056723,4.68794231400898,0.696589669510104,24.0437511430255,22.030811443705,22.1545908850619,7.32794299315356,35.3188104033015,4.19521699253164,0.543307066520129,21.2277109330182,21.9916726085908,1.45275448470989,2.47641020556966,20.5260715288985,2.37440265387886,2.25058541029125,22.4106739123738,22.1902906815371,21.6245505129395,1.08061179899141,1.85583467708148,21.262623589166,8.44195943866248,21.8268268035074,1.72049473395691,1.12306208414429
21.2350358966357,3.0654375818101,1.910272009854,23.0448981259531,0.65083944700109,0.624479428917311,23.7668655530406,21.056165830762,21.5208165385902,1.80158739424883,1.09681132349783,1.24968419881134,0.00190504114561918,20.9480139102016,20.947267145842,0.9962043093999,0.626476721725567,20.1362232380891,0.62761595868983,1.62238318461209,4.19734630233643,21.4545818790641,3.84733266256467,0.995509818647406,0.626497128527262,21.1034496436002,0.979495188379815,21.7231057201695,1.62036248966751,0.995635262429232
20.7413553520653,2.20324998293654,1.67595259819404,22.1031011533289,0.624219599436856,0.624099448849165,23.7478979820839,20.7999694382186,2.27463935763694,1.80158739424883,0.995410589221137,0.995622196186332,3.50458799402986e-06,20.6599388432223,20.6645616550622,0.994960518654125,0.624112915426167,20.060396495903,0.624109560678335,1.61906125592691,0.842113101542964,21.4545818790641,0.00554780384982223,0.994959432685391,0.624110863226633,21.1034496436002,0.625206230047979,21.3104011490689,1.61905909971938,0.994959437967054
1.06951363822714,1.6243425340208,1.42589160042826,21.9329095046805,0.624099375207152,0.624099323233395,22.783122163301,20.7474181360051,1.78703281060234,1.48330496687754,0.994959452200192,0.994960099913669,3.08386916003656e-09,20.6212281376479,20.6645616550622,0.994959060421934,0.624099325137649,20.060396495903,0.624099326508258,1.61905838276562,0.624716132241701,5.10935756415938,1.79467504040076e-05,0.994959060852352,0.624099326867963,21.1034496436002,0.624101734069882,21.3104011490689,1.61905837978088,0.994959060773681
0.557668733535593,1.6022137714574,1.22234215466779,21.9329095046805,0.624099323721111,0.624099322519896,22.691190164305,20.71013916521,1.16822171363265,1.33886772010214,0.994959058500854,0.99495906270613,1.26510713016614e-09,20.6212281376479,20.6645616550622,0.994959058594759,0.624099322283882,20.060396495903,0.624099321798667,1.61905837915424,0.624099862123103,1.6988284915235,5.10135578224435e-09,0.994959060852352,0.624099322767961,21.096180658493,0.624099325488032,21.3104011490689,1.61905837909285,0.994959060773681
0.557667626819011,1.46230107989618,1.16737051394784,21.9329095046805,0.624099323721111,0.62409932228843,22.6701424874439,20.71013916521,1.16822171363265,1.16739959598544,0.994959058500854,0.994959057680944,1.26510713016614e-09,20.6212281376479,20.6645616550622,0.994959058594759,0.624099322283882,20.060396495903,0.624099321798667,1.61905837915424,0.624099323712471,0.626543000029869,1.10048858914524e-09,0.994959060852352,0.624099320679306,21.0859953140512,0.624099325488032,21.3104011490689,1.61905837904692,0.994959058364884
0.557667626815146,1.32920719985964,1.16194358204507,21.8146968884423,0.624099323721111,0.62409932228843,22.6701424874439,20.71013916521,1.10477215644801,1.09691073060094,0.994959058500854,0.994959057225287,7.51924744690768e-10,20.2941384672406,20.6645616550622,0.994959058594759,0.624099322283882,20.0586517769132,0.624099321798667,1.61905837915424,0.624099321310496,0.62410249640493,1.10048858914524e-09,0.994959060852352,0.624099320679306,21.0859953140512,0.624099325488032,21.3104011490689,1.6190583788798,0.994959058364884
0.557667626815146,1.32920719985964,1.14221344711837,21.7871837232515,0.624099323721111,0.62409932228843,22.6630878804904,20.71013916521,1.10477215644801,1.06726599790636,0.994959058500854,0.994959057225287,4.88171281176619e-10,8.73238505973154,20.6106973862913,0.994959058594759,0.624099322283882,20.0586517769132,0.624099321798667,1.61905837794689,0.624099321082895,0.624099323513747,1.10048858914524e-09,0.994959060852352,0.624099320679306,21.0767647535235,0.624099325488032,21.3104011490689,1.61905837866584,0.994959058364884
0.00012561332482619,0.995179657895278,0.624839602001884,20.9908360181894,0.624099323721111,0.62409932228843,22.611467016191,20.6242542241671,0.624683509336137,0.624181487703254,0.994959058500854,0.994959057225287,3.376499080332e-10,0.00011913299704247,20.6106973862913,0.994959058594759,0.624099322283882,20.0001642404195,0.624099321798667,1.61905837786685,0.624099320811638,0.624099321498534,1.10048858914524e-09,0.994959060852352,0.624099320679306,20.994127238125,0.624099325488032,20.6244838249147,1.61905837815857,0.994959058364884
