56.1903084952864,46.43815024991,73.7383915320952,40.0666550085493,44.1224939429085,45.123850100405,50.803462853642,63.2746185801234,47.944043751078,42.0179458386997,49.1176670244208,43.2242015284223,51.5866325363349,49.4105414656005,46.6384031433563,28.3611792055581,44.6705356903312,54.1485499683426,65.1580409620506,44.482512248996,57.212529328699,50.729089246579,54.523409127763,35.8094685217229,40.7128000871739,58.7998464197635,57.635758546252,51.9981651616245,36.9265932978528,30.1810937890132
33.2778641473719,35.529924942392,37.1026813185108,40.0666550085493,41.6200197621829,30.9493248521194,35.6859444470433,34.8437575764551,32.3594020014989,39.174532234802,39.9335821771388,41.1329081527733,40.4417311737889,35.799554907514,34.6630988736915,27.597450444895,29.6550934179563,24.2652226399168,37.3213236347597,36.981036948594,41.0804010720076,41.63028993222,41.6179305162664,35.8094685217229,30.9659635406274,41.7692577627336,42.9874058332816,29.416941612908,36.9265932978528,30.1810937890132
33.2778641473719,31.9110469612983,37.1026813185108,34.3753604785852,38.5814185623412,30.9493248521194,35.6859444470433,34.8437575764551,32.3594020014989,31.3185771383442,36.5563424432098,34.0138547240722,37.987927276607,31.6394953176696,30.9969345961017,27.597450444895,29.6550934179563,24.2652226399168,33.2688390245839,32.6501062114708,25.7921034838205,30.7953638101112,32.7246580476376,30.1954752895508,30.9659635406274,32.0434914849257,31.8081860130897,29.416941612908,30.2609922132028,30.1810937890132
29.7575944189457,29.7365254513861,32.2958956501789,24.3306437446072,34.0256267107502,22.6388579483641,29.6529785354182,34.5510779771898,31.5860203115535,31.3185771383442,32.6308226651886,31.1165685355681,34.7761586764886,29.235637084927,30.9969345961017,27.597450444895,29.6550934179563,24.2652226399168,30.1958266816541,30.0116039715354,25.7921034838205,30.7953638101112,28.3781941173215,30.1954752895508,30.9659635406274,21.1068183307416,22.2463698281585,29.416941612908,27.7231267448374,30.1810937890132
23.6836516311673,27.5187328939533,25.9566249433155,10.3925423377914,27.0760616408925,12.2429175450925,19.3403805685625,29.7909248572082,26.6745909892456,16.0913808158348,27.282517182578,29.5918777266343,12.4576460537573,26.0005951962203,24.7415490689682,27.597450444895,17.8304187254062,14.4147184268741,25.8562634874147,25.4479874241442,15.0214111906557,25.6876602204279,25.3657997486193,12.6569234775002,10.8475453242108,16.7378623071568,11.9819389920726,8.19710492136755,10.6708075366701,29.4320630626103
20.9017203772837,9.52592100075935,24.2786440563723,6.79026328516011,24.9555070269025,6.27441360161629,15.0860534040489,25.0412929307845,25.832294678055,7.43262477115422,24.269599579141,16.0135597560566,6.71232106442949,23.6815884261773,16.7238720257756,25.7333150068598,9.19540196714115,7.28505476381406,7.97640443946648,9.21973694337521,9.78744238106901,24.530551827801,25.3657997486193,7.18751124132405,7.70464814802244,7.343115720063,4.74597727882247,6.02267008719082,7.37115024716559,25.0491446334931
8.30519617141908,6.7116297745888,24.2786440563723,5.96371555282076,24.8424197520967,5.66902407248426,6.01251704238121,25.0412929307845,23.3944992879447,6.34631215476884,24.269599579141,7.76513825660277,6.11652737470604,23.5199293212495,7.65340922936048,23.462011974304,6.76979192055251,6.26418511298925,7.90807794980947,7.24491529829402,7.54222456016987,24.4359251033607,24.7036918635245,7.18751124132405,6.47909908450401,3.75286035029376,4.74597727882247,6.0091084725268,5.0855472458511,24.3938775560014
5.6818440495299,4.94364088260727,19.7000938451411,5.96371555282076,24.3368587755886,5.66902407248426,5.48914245924971,20.8205304776661,23.3944992879447,5.30040787556572,24.269599579141,6.53840001545677,6.11652737470604,23.5199293212495,5.3066607596088,23.462011974304,6.09068200180764,5.62772285921619,5.75228919592655,4.56767462632479,5.74955355225393,24.3745828483325,24.4398357865648,5.41078667305646,5.46737130026986,1.56241228766476,4.20106899672237,5.3884456295641,5.0855472458511,24.3938775560014
4.54283436189507,4.78344770368858,8.68912109468465,5.27014428892608,24.0638777986719,3.45412228425903,5.19232719376851,20.5111657712218,23.3944992879447,5.30040787556572,24.0987348357689,5.14937886450753,5.99243314355135,23.5199293212495,5.3066607596088,23.462011974304,5.45395381724529,5.0960388821004,5.75228919592655,3.78116514010571,4.22886540532272,24.3745828483325,23.9668648279003,5.41078667305646,5.46737130026986,0.787567115472029,4.20106899672237,5.19694244520133,4.89358127244259,22.5938827698924
4.54283436189507,4.2711578426206,7.28802779344232,5.27014428892608,24.0638777986719,3.45412228425903,4.93183428538441,20.5111657712218,23.3944992879447,5.30040787556572,24.0987348357689,5.14937886450753,5.70531176147551,23.5199293212495,4.36930327252503,23.462011974304,5.0633610398977,5.01801167613758,5.63769053791657,3.78116514010571,3.28276926255057,24.3745828483325,23.9214356703574,5.41078667305646,5.46737130026986,0.760456868672463,4.20106899672237,3.77309235044913,4.4244686496022,9.16116146177865
4.54154981565625,3.62762897347193,3.98384380789503,5.12723255344463,24.0638777986719,3.4257355753557,4.72650264312324,20.5111657712218,23.3944992879447,4.9012867391848,24.0987348357689,3.83342320050042,4.98140863121171,23.5199293212495,4.36930327252503,23.462011974304,5.0633610398977,4.87507588366043,1.06360637085754,3.78116514010571,3.28276926255057,23.9116755836449,23.9214356703574,5.07199170471858,5.46737130026986,0.755807301909954,4.20106899672237,3.77309235044913,4.4244686496022,7.32825304352309
4.54154981565625,3.62762897347193,3.84430109834602,4.32311062128701,24.0638777986719,2.8827297341727,4.72650264312324,20.5111657712218,23.3944992879447,4.9012867391848,23.853361399294,3.83342320050042,4.98140863121171,23.5199293212495,4.36930327252503,23.2624350450651,5.06255515353268,4.69697621596015,0.883949700152698,3.78116514010571,2.35216589494848,23.9116755836449,23.9214356703574,5.07199170471858,5.16139169513872,0.755787504920136,4.20106899672237,3.77309235044913,4.41548102724255,6.24703544016711
2.24383493611367,2.40978771723258,1.20967164125977,4.21305011962068,22.3493669673321,1.35990341377055,2.40727046549682,20.5111657712218,23.3944992879447,3.80596967056408,21.0406328486438,3.83342320050042,2.92519124026148,23.0151770319371,1.62603604153401,23.2624350450651,4.65077547990086,4.58439846443525,0.805625920144394,1.58814510169213,2.23957065018385,23.3092142808505,21.6776822319048,1.79732216659113,1.46569775429089,0.755770139637207,4.20106899672237,1.45390672246504,3.28331885380612,2.07451823662359
1.22129607659372,0.265148123452036,0.05185865745716,1.91679042450187,20.1575998342114,0.104062247389265,1.33126002656718,20.5111657712218,20.1341429051945,0.96710083818698,20.1464647462349,1.55707606254782,1.73025288909594,20.7774284790426,0.165415560501515,20.2007132703325,0.206023643299432,1.1032893606307,0.797257684334909,0.053083448506186,1.09658177464007,20.2504725577232,20.7001493771058,0.694128214475313,0.106156456891313,0.755763140459749,0.773282914946776,0.244478887402693,0.140198303986381,0.154129592250229
