305.016122397647,306.75784445251,364.756446962993,247.441939602983,259.939361722421,299.478029266125,305.720527945687,326.264034112912,305.900917841129,290.629020207864,294.329012165009,287.411035402507,276.225818709921,251.393592884472,348.800647663897,293.797221836473,292.27183715863,308.963383422672,389.668490292951,268.685495594348,316.759108335888,325.061923603265,298.211925680332,283.93971440746,265.192887267424,324.917906677512,272.309901856407,330.720621550377,346.426645821488,300.486270309118
231.856664369771,232.16894021298,235.844067940033,231.112910175603,232.21775725029,233.139894582057,233.186881583623,235.680285882427,232.441335892085,234.624805999485,233.750635174083,231.752193325511,235.269088122016,232.54858145125,234.017514383752,232.142933681194,244.18209743242,232.07195647345,272.416603616875,233.228951593486,235.287238835441,232.659223866533,232.713923845992,234.556391274164,232.70660240037,232.014335172391,232.86110831897,233.302154415609,234.272784665236,231.665947667677
229.986506405854,229.966858096214,230.076257170526,229.830448167758,229.768996780245,230.105019697904,230.198869056032,229.822224270381,229.961533793002,229.73189190768,229.971284225647,230.231202335401,229.89712248171,230.045612349255,229.969105708105,229.961227087808,229.956505471678,230.006854871652,231.606283248595,229.973133360013,230.033405212272,229.988691832709,230.254293459616,229.726855593594,229.870679010327,230.138602860049,229.899059344777,230.306915742157,230.247629952188,229.799576127376
229.337518081461,229.341149835662,229.363237461228,229.349025153537,229.332071571016,229.376156377723,229.356824848258,229.36353125386,229.326455090458,229.367505143601,229.349426946454,229.388599427764,229.340641233995,229.367828226676,229.329917615816,229.332400546873,229.353472248688,229.364922504156,229.380833289534,229.363644058959,229.355348573847,229.343897806632,229.352867390829,229.336062313012,229.343874822433,229.38114411315,229.342273321648,229.413758059303,229.350638167079,229.377206069305
229.284570680315,229.284609817899,229.284659027513,229.284719855512,229.284718534657,229.285059496708,229.284600884586,229.284985769997,229.284599502304,229.28459099038,229.284874425786,229.284725406324,229.284507615546,229.284573839103,229.284656300276,229.284591433553,229.284654423178,229.284855005973,229.284922007911,229.284799005292,229.284668005309,229.284643823902,229.285042649645,229.284637198513,229.284802707217,229.284811710697,229.284548329348,229.284895531719,229.284573702833,229.284663322891
229.284382709308,229.284382709544,229.284382708787,229.284382709798,229.284382709489,229.28438270953,229.284382709056,229.284382710853,229.284382709181,229.284382708944,229.284382710079,229.284382709308,229.28438270886,229.284382709115,229.284382709891,229.284382709115,229.284382709272,229.284382709299,229.284382710247,229.284382709491,229.284382709537,229.284382709545,229.284382709263,229.284382708967,229.284382710068,229.284382709196,229.284382708856,229.284382709299,229.284382709005,229.284382709131
229.284382708487,229.284382708487,229.284382708487,229.284382708487,229.284382708487,229.284382708487,229.284382708487,229.284382708487,229.284382708487,229.284382708487,229.284382708487,229.284382708487,229.284382708487,229.284382708487,229.284382708487,229.284382708487,229.284382708487,229.284382708487,229.284382708487,229.284382708487,229.284382708487,229.284382708487,229.284382708487,229.284382708487,229.284382708487,229.284382708487,229.284382708487,229.284382708487,229.284382708487,229.284382708487
229.284382708487,229.284382708487,229.284382708487,229.284382708487,229.284382708487,229.284382708487,229.284382708487,229.284382708487,229.284382708487,229.284382708487,229.284382708487,229.284382708487,229.284382708487,229.284382708487,229.284382708487,229.284382708487,229.284382708487,229.284382708487,229.284382708487,229.284382708487,229.284382708487,229.284382708487,229.284382708487,229.284382708487,229.284382708487,229.284382708487,229.284382708487,229.284382708487,229.284382708487,229.284382708487
229.284382708487,229.284382708487,229.284382708487,229.284382708487,229.284382708487,229.284382708487,229.284382708487,229.284382708487,229.284382708487,229.284382708487,229.284382708487,229.284382708487,229.284382708487,229.284382708487,229.284382708487,229.284382708487,229.284382708487,229.284382708487,229.284382708487,229.284382708487,229.284382708487,229.284382708487,229.284382708487,229.284382708487,229.284382708487,229.284382708487,229.284382708487,229.284382708487,229.284382708487,229.284382708487
229.284382708487,229.284382708487,229.284382708487,229.284382708487,229.284382708487,229.284382708487,229.284382708487,229.284382708487,229.284382708487,229.284382708487,229.284382708487,229.284382708487,229.284382708487,229.284382708487,229.284382708487,229.284382708487,229.284382708487,229.284382708487,229.284382708487,229.284382708487,229.284382708487,229.284382708487,229.284382708487,229.284382708487,229.284382708487,229.284382708487,229.284382708487,229.284382708487,229.284382708487,229.284382708487
229.284382708487,229.284382708487,229.284382708487,229.284382708487,229.284382708487,229.284382708487,229.284382708487,229.284382708487,229.284382708487,229.284382708487,229.284382708487,229.284382708487,229.284382708487,229.284382708487,229.284382708487,229.284382708487,229.284382708487,229.284382708487,229.284382708487,229.284382708487,229.284382708487,229.284382708487,229.284382708487,229.284382708487,229.284382708487,229.284382708487,229.284382708487,229.284382708487,229.284382708487,229.284382708487
229.284382708487,229.284382708487,229.284382708487,229.284382708487,229.284382708487,229.284382708487,229.284382708487,229.284382708487,229.284382708487,229.284382708487,229.284382708487,229.284382708487,229.284382708487,229.284382708487,229.284382708487,229.284382708487,229.284382708487,229.284382708487,229.284382708487,229.284382708487,229.284382708487,229.284382708487,229.284382708487,229.284382708487,229.284382708487,229.284382708487,229.284382708487,229.284382708487,229.284382708487,229.284382708487
229.284382708487,229.284382708487,229.284382708487,229.284382708487,229.284382708487,229.284382708487,229.284382708487,229.284382708487,229.284382708487,229.284382708487,229.284382708487,229.284382708487,229.284382708487,229.284382708487,229.284382708487,229.284382708487,229.284382708487,229.284382708487,229.284382708487,229.284382708487,229.284382708487,229.284382708487,229.284382708487,229.284382708487,229.284382708487,229.284382708487,229.284382708487,229.284382708487,229.284382708487,229.284382708487
229.284382708487,229.284382708487,229.284382708487,229.284382708487,229.284382708487,229.284382708487,229.284382708487,229.284382708487,229.284382708487,229.284382708487,229.284382708487,229.284382708487,229.284382708487,229.284382708487,229.284382708487,229.284382708487,229.284382708487,229.284382708487,229.284382708487,229.284382708487,229.284382708487,229.284382708487,229.284382708487,229.284382708487,229.284382708487,229.284382708487,229.284382708487,229.284382708487,229.284382708487,229.284382708487
