23.82664788648,2.24513617489902,4.0785467907624,22.7522291472321,2.61401743638817,0.624398529395421,1.61905838098255,0.994959084781385,22.9079592380228,3.71085635033,21.9555878140002,1.80352799361572e-09,23.3101654637298,25.245085612954,2.72629123843353,23.196598621548,24.6121193309236,23.3089983901036,0.994959087991674,0.624099322868005,20.1579234339508,21.1459155239006,20.3764810895964,2.30127010072101,23.4671827736338,0.994959113933191,21.7997008274847,24.016973564826,0.994959063052875,5.41821572832896
23.82664788648,2.24513617489902,4.0785467907624,22.7522291472321,2.61401743638817,0.624398529395421,1.61905838098255,0.994959084781385,22.9079592380228,3.71085635033,21.9555878140002,1.80352799361572e-09,23.3101654637298,25.245085612954,2.72629123843353,23.196598621548,24.6121193309236,23.3089983901036,0.994959087991674,0.624099322868005,20.1579234339508,21.1459155239006,20.3764810895964,2.30127010072101,23.4671827736338,0.994959113933191,21.7997008274847,24.016973564826,0.994959063052875,5.41821572832896
23.82664788648,2.24513617489902,4.0785467907624,22.7522291472321,2.61401743638817,0.624398529395421,1.61905838098255,0.994959084781385,22.9079592380228,3.71085635033,21.9555878140002,1.80352799361572e-09,23.3101654637298,25.245085612954,2.72629123843353,23.196598621548,24.6121193309236,23.3089983901036,0.994959087991674,0.624099322868005,20.1579234339508,21.1459155239006,20.3764810895964,2.30127010072101,23.4671827736338,0.994959113933191,21.7997008274847,24.016973564826,0.994959063052875,5.41821572832896
23.82664788648,1.22289550149435,4.0785467907624,22.7522291472321,2.61401743638817,0.624398529395421,1.61905838098255,0.994959084781385,22.9079592380228,3.71085635033,21.9555878140002,1.80352799361572e-09,23.3101654637298,23.9718954482564,2.72629123843353,23.196598621548,24.6121193309236,23.3089983901036,0.994959087991674,0.624099322868005,20.1579234339508,21.1459155239006,20.3764810895964,2.30127010072101,23.4671827736338,0.994959113933191,21.7997008274847,24.016973564826,0.994959063052875,5.41821572832896
23.1430454960462,1.22289550149435,4.0785467907624,22.7522291472321,2.61401743638817,0.624398529395421,1.61905838098255,0.994959084781385,22.9079592380228,3.71085635033,21.9555878140002,1.80352799361572e-09,22.9543369214925,23.9718954482564,2.72629123843353,23.196598621548,23.7962319935152,23.3089983901036,0.994959087991674,0.624099322868005,20.1579234339508,21.1459155239006,20.3764810895964,2.30127010072101,23.4671827736338,0.994959113933191,21.7997008274847,24.016973564826,0.994959063052875,4.36699067626228
23.1430454960462,1.22289550149435,4.0785467907624,22.7522291472321,2.61401743638817,0.624398529395421,1.61905838098255,0.994959084781385,22.9079592380228,3.71085635033,21.9555878140002,1.80352799361572e-09,22.9543369214925,23.9718954482564,2.72629123843353,23.196598621548,23.7962319935152,23.3089983901036,0.994959087991674,0.624099322868005,20.1579234339508,21.1459155239006,20.1400114210878,2.04553473542046,23.4671827736338,0.994959113933191,21.7997008274847,24.016973564826,0.994959063052875,4.36699067626228
23.1430454960462,1.07647092991169,4.0785467907624,22.7522291472321,2.61401743638817,0.624398529395421,1.61905838098255,0.994959084781385,22.9079592380228,3.71085635033,21.9555878140002,1.80352799361572e-09,22.9543369214925,23.6563016318432,1.8450724034808,23.196598621548,23.3667281392356,23.1029611093909,0.994959087991674,0.624099322868005,20.1579234339508,21.1459155239006,20.1400114210878,2.04553473542046,23.4671827736338,0.994959113933191,21.7997008274847,24.016973564826,0.994959063052875,4.36699067626228
23.1430454960462,1.07647092991169,4.0785467907624,22.7522291472321,2.61401743638817,0.624398529395421,1.61905838098255,0.994959084781385,22.9079592380228,3.71085635033,21.9555878140002,1.80352799361572e-09,22.9543369214925,23.6474118662329,1.8450724034808,23.196598621548,23.3261261806535,23.1029611093909,0.994959087991674,0.624099322868005,20.1579234339508,21.1459155239006,20.1400114210878,2.04553473542046,23.4671827736338,0.994959113933191,21.7997008274847,24.016973564826,0.994959063052875,4.36699067626228
23.1430454960462,1.07647092991169,4.0785467907624,22.7522291472321,2.61401743638817,0.624398529395421,1.61905838098255,0.994959084781385,22.9079592380228,3.71085635033,21.9555878140002,1.80352799361572e-09,22.5972049225143,23.4396861709479,1.8450724034808,23.196598621548,23.0720123337867,22.7585870479518,0.994959087991674,0.624099322868005,20.1579234339508,21.1459155239006,20.1400114210878,2.04553473542046,23.4671827736338,0.994959113933191,21.7997008274847,24.016973564826,0.994959063052875,4.02948478463099
22.6378417988969,0.642132363882865,4.0785467907624,22.7522291472321,2.61401743638817,0.624398529395421,1.61905838098255,0.994959084781385,22.9079592380228,3.71085635033,21.9555878140002,1.80352799361572e-09,22.5972049225143,23.4396861709479,1.43317405695984,23.196598621548,23.0720123337867,21.7575968185481,0.994959087991674,0.624099322868005,20.1579234339508,21.1459155239006,20.1400114210878,2.04553473542046,23.4671827736338,0.994959113933191,21.7997008274847,24.016973564826,0.994959063052875,3.46896800055993
21.5374013233775,0.62160908964529,4.0785467907624,22.7522291472321,2.61401743638817,0.624398529395421,1.61905838098255,0.994959084781385,22.9079592380228,3.71085635033,21.9555878140002,1.80352799361572e-09,22.5972049225143,22.9957550705976,1.40364323749941,23.196598621548,22.3015476302255,21.7575968185481,0.994959087991674,0.624099322868005,20.1579234339508,21.1459155239006,20.1400114210878,2.04553473542046,23.4671827736338,0.994959113933191,21.7997008274847,24.016973564826,0.994959063052875,3.22262982216489
21.5374013233775,0.62160908964529,4.0785467907624,22.7522291472321,2.61401743638817,0.624398529395421,1.61905838098255,0.994959084781385,22.9079592380228,3.71085635033,21.9555878140002,1.80352799361572e-09,22.5972049225143,22.9957550705976,1.24408346302403,23.196598621548,21.4083575449101,21.5386521951152,0.994959087991674,0.624099322868005,20.1579234339508,21.1459155239006,20.1400114210878,1.63112224638621,23.4671827736338,0.994959113933191,21.7997008274847,24.016973564826,0.994959063052875,3.22262982216489
21.194878192744,0.62160908964529,4.0785467907624,22.7522291472321,2.61401743638817,0.624398529395421,1.61905838098255,0.994959084781385,22.9079592380228,3.71085635033,21.8978357120329,1.80352799361572e-09,22.5972049225143,22.3764915755937,1.07943103643129,23.196598621548,21.0983545009306,21.5108162039483,0.994959087991674,0.624099322868005,20.1579234339508,21.1459155239006,20.1297171482204,1.63112224638621,23.4671827736338,0.994959113933191,21.7997008274847,24.016973564826,0.994959063052875,2.99606897662397
20.8863572815603,0.62160908964529,4.0785467907624,22.7522291472321,2.61401743638817,0.624398529395421,1.61905838098255,0.994959084781385,22.9079592380228,3.71085635033,21.8978357120329,1.80352799361572e-09,22.5972049225143,21.9388385976511,1.03541478310603,23.196598621548,20.8700753415169,21.2642136763739,0.994959087991674,0.624099322868005,20.1579234339508,21.1459155239006,20.1279825105482,1.52992706697364,23.4671827736338,0.994959113933191,21.7997008274847,24.016973564826,0.994959063052875,2.95024907191828
20.6775650993507,0.62160908964529,4.0785467907624,22.7522291472321,2.61401743638817,0.624398529395421,1.61905838098255,0.994959084781385,22.9079592380228,3.71085635033,21.8479111176623,1.80352799361572e-09,21.2739516564466,21.9388385976511,1.00613898314441,23.196598621548,20.8512442037804,21.1217747267947,0.994959087991674,0.624099322868005,20.1579234339508,21.1459155239006,20.0910951085511,1.17086745452821,22.7105020978991,0.994959113933191,21.7548632963474,24.016973564826,0.994959063052875,2.79166512870097
20.6438242505621,0.295196885722589,4.0785467907624,22.7522291472321,2.61401743638817,0.624398529395421,1.61905838098255,0.994959084781385,22.9079592380228,3.71085635033,21.8479111176623,1.80352799361572e-09,21.0833713880761,21.0311480445741,1.00391783626787,23.196598621548,20.71703680734,20.908133196056,0.994959087991674,0.624099322868005,20.1579234339508,21.1459155239006,20.0770803068217,0.995194829494267,22.218028449247,0.994959113933191,21.7528953444225,24.016973564826,0.994959063052875,2.72208202344723
