100.796662333822,206.980340401115,207.127635487926,210.611590109371,206.511138206131,214.336468672159,208.884762479588,100.42110662585,100.566797379154,209.302555961493,160.637994309177,100.620623659652,211.796921032807,207.90230541805,205.766039395482,100.523971149843,202.444548771007,207.274262635921,209.552721723239,100.529422279103,100.499719305314,206.392950411604,213.789501032783,209.558517961177,100.549684202524,147.488533341575,100.672952359116,100.403021380959,138.446142439757,208.390597842826
100.796662333822,206.980340401115,207.127635487926,210.611590109371,206.511138206131,214.336468672159,208.884762479588,100.42110662585,100.566797379154,209.302555961493,160.637994309177,100.620623659652,211.796921032807,207.90230541805,205.766039395482,100.523971149843,202.444548771007,207.274262635921,209.552721723239,100.529422279103,100.499719305314,206.392950411604,213.789501032783,209.558517961177,100.549684202524,147.488533341575,100.672952359116,100.403021380959,138.446142439757,208.390597842826
100.796662333822,206.980340401115,207.127635487926,210.611590109371,206.511138206131,214.336468672159,208.884762479588,100.42110662585,100.566797379154,209.302555961493,160.637994309177,100.620623659652,211.796921032807,207.90230541805,205.766039395482,100.523971149843,202.444548771007,207.274262635921,209.552721723239,100.529422279103,100.499719305314,206.392950411604,213.789501032783,209.558517961177,100.549684202524,147.488533341575,100.672952359116,100.403021380959,138.446142439757,208.390597842826
100.796662333822,206.980340401115,207.127635487926,210.611590109371,206.511138206131,214.336468672159,208.884762479588,100.42110662585,100.566797379154,209.302555961493,147.431458993285,100.582335195754,211.796921032807,207.90230541805,205.766039395482,100.523971149843,202.444548771007,207.274262635921,209.552721723239,100.529422279103,100.499719305314,206.392950411604,213.789501032783,209.558517961177,100.549684202524,141.790793913888,100.672952359116,100.403021380959,137.271594638655,208.390597842826
100.496459154679,206.980340401115,207.127635487926,210.611590109371,206.511138206131,214.336468672159,208.884762479588,100.42110662585,100.302791822504,209.302555961493,147.431458993285,100.582335195754,211.796921032807,207.90230541805,205.766039395482,100.392615575753,202.444548771007,207.274262635921,209.552721723239,100.529422279103,100.499719305314,206.392950411604,213.789501032783,209.558517961177,100.452700929262,141.790793913888,100.615644534317,100.314795568758,137.271594638655,208.390597842826
100.484401017862,206.980340401115,207.127635487926,210.259392434691,206.511138206131,213.626304801036,208.884762479588,100.42110662585,100.302791822504,209.302555961493,124.808828470717,100.503183919616,211.796921032807,207.90230541805,205.766039395482,100.392615575753,202.427717355216,207.274262635921,208.803924864577,100.529422279103,100.427714536398,205.936488418694,213.789501032783,209.558517961177,100.451270845033,134.00181889533,100.408586108792,100.314795568758,134.49805377876,208.390597842826
100.484401017862,206.348105907105,207.127635487926,210.259392434691,206.369051857787,213.626304801036,207.91225268187,100.42110662585,100.302791822504,207.530152498857,114.685435261815,100.298094517319,209.702158721935,207.90230541805,205.766039395482,100.392615575753,201.497711483,206.443512385609,208.803924864577,100.529422279103,100.427714536398,205.936488418694,213.271527333924,209.270625277441,100.451270845033,117.016131853441,100.408586108792,100.314795568758,128.123909969885,208.360222780189
100.416837453959,205.095751961483,205.593866661875,209.184000379159,205.590896622607,212.93293126173,207.91225268187,100.339433699209,100.302791822504,207.287490622492,107.182048861023,100.282474659362,209.449408227455,207.57524275341,205.630145374771,100.392615575753,200.535570778155,206.368672511031,208.63737370588,100.529422279103,100.427714536398,205.677525012225,212.341062036513,209.185803290818,100.421723405339,108.971379909076,100.408586108792,100.314795568758,117.192786603082,208.325592542805
100.416837453959,205.095751961483,205.593866661875,208.980478511271,205.526467815152,212.267864133546,207.822608797561,100.339433699209,100.302791822504,207.287490622492,105.856987615786,100.282474659362,209.449408227455,207.57524275341,205.189709508097,100.392615575753,200.535570778155,206.032240220724,208.63737370588,100.41754288611,100.230398289938,205.425389060676,212.341062036513,208.147254834327,100.345664302645,107.925077056248,100.395085094163,100.314795568758,108.646709627324,208.006927284836
100.416837453959,205.01923089735,205.593866661875,208.83533648568,205.276403439948,212.23242601613,207.43766112649,100.339433699209,100.302791822504,206.991169733069,101.535159998022,100.282474659362,208.922959169959,207.079587838894,204.935963242096,100.346398828616,200.309492855574,205.97461005273,207.878844450313,100.385834252847,100.230398289938,205.408851933463,211.977924538855,208.036938906695,100.345664302645,101.170960320307,100.369721886818,100.277847561314,103.244293723319,207.793325620871
100.416837453959,204.858265990633,205.280249464755,208.744451525601,205.276403439948,211.892333688043,207.255437749568,100.339433699209,100.302791822504,206.877079077044,101.200569845968,100.235251384521,208.818512671594,207.046105511218,204.754418079793,100.322293259277,200.122726482267,205.824929971506,207.583052773165,100.347262093165,100.230398289938,205.010542588617,211.974928426188,208.036938906695,100.306700014337,100.982681114132,100.369721886818,100.229851117153,101.087051934862,207.524535926697
100.394149653556,204.638690118558,205.144978475239,208.65024347298,205.034475680795,211.84265610493,207.189886047922,100.314837373272,100.288466535269,206.81535806476,100.711038301325,100.228798699336,208.59695864483,206.910198566151,204.642421091362,100.299257606805,200.047524116511,205.636724308246,207.51346648975,100.318350996904,100.230398289938,204.926999637178,211.765010745247,207.921472824622,100.273570558059,100.604689022615,100.363898924722,100.221986849151,100.631424666088,207.417372753008
100.388516652896,204.617425771901,205.125684804636,208.639887106182,205.004825164139,211.828506228895,207.16389292497,100.298252649288,100.270270148701,206.798493229185,100.424478317506,100.228798699336,208.546159043808,206.858294566335,204.617776568291,100.285002784993,200.007080881961,205.61169749071,207.493262081417,100.309872396798,100.226293420336,204.914139622783,211.743177562244,207.874226884656,100.273570558059,100.427778262387,100.322007068591,100.215919877782,100.572087019691,207.36304848231
100.381997502012,204.615452732254,205.121830980313,208.637537249264,205.00003035619,211.82731495301,207.161843320029,100.277444816458,100.266915353318,206.796096656044,100.369262158262,100.225842532757,208.535355941525,206.849045549103,204.615413355124,100.270214037116,200.000446637869,205.610351216012,207.49193022052,100.305340351439,100.208738521529,204.912283602205,211.738378302357,207.86933970375,100.268311104698,100.326885505057,100.310249245138,100.208518179673,100.433234180201,207.354995960705
100.378562153164,204.61531591739,205.121737080762,208.637404523521,204.999911426993,211.827243202389,207.161732532368,100.275392721439,100.264167666314,206.796056520916,100.351507065468,100.225842532757,208.535081734608,206.84895366986,204.615315206103,100.270006121423,200.000008419312,205.610300813257,207.49191639718,100.305316183909,100.204356284552,204.912135118009,211.738195642866,207.869262614794,100.266907374753,100.309127397361,100.306828418238,100.208518179673,100.40588421905,207.354760325708
100.377821825461,204.61531481724,205.12173687463,208.637404036807,204.9999093081,211.82724305673,207.161732226918,100.273470133167,100.263584153099,206.79605605205,100.350095275697,100.225842532757,208.535080005342,206.848952851049,204.615314817208,100.269442460027,200.00000002062,205.61030017717,207.491916339937,100.304743100432,100.203075325613,204.912134981728,211.7381953055,207.869262030258,100.265985743783,100.304636982748,100.306073646893,100.207741987728,100.403430110156,207.354759542637
