1.03068223824164,1.01929982572619,1.11682951209013,1.44979246206503,1.05036289765496,1.00253522366347,0.965012591713389,1.2817128711265,1.18479298617547,1.2909619027522,1.55659709889289,0.88265389395508,1.44709233984872,0.834197435359556,1.49481102863172,1.26849021077965,1.21312257733337,1.21260053155913,1.50001919133706,1.21934859368457,1.58142251743027,1.20553134486613,1.47833322780889,1.39160733638664,1.33387707345059,1.39775623986634,1.55604750515033,0.947843583938152,0.956507115216141,1.4013562010017
1.03068223824164,1.01929982572619,1.11682951209013,1.44979246206503,1.05036289765496,1.00253522366347,0.965012591713389,1.2817128711265,1.18479298617547,1.2909619027522,1.55659709889289,0.88265389395508,1.44709233984872,0.834197435359556,1.49481102863172,1.26849021077965,1.21312257733337,1.21260053155913,1.50001919133706,1.21934859368457,1.58142251743027,1.20553134486613,1.47833322780889,1.39160733638664,1.33387707345059,1.39775623986634,1.55604750515033,0.947843583938152,0.956507115216141,1.4013562010017
1.03068223824164,1.01929982572619,1.11682951209013,1.44979246206503,1.05036289765496,1.00253522366347,0.965012591713389,1.2817128711265,1.18479298617547,1.2909619027522,1.55659709889289,0.88265389395508,1.44709233984872,0.834197435359556,1.49481102863172,1.26849021077965,1.21312257733337,1.21260053155913,1.50001919133706,1.21934859368457,1.58142251743027,1.20553134486613,1.47833322780889,1.39160733638664,1.33387707345059,1.39775623986634,1.55604750515033,0.947843583938152,0.956507115216141,1.4013562010017
1.03068223824164,1.01929982572619,1.11682951209013,1.44979246206503,1.05036289765496,1.00253522366347,0.965012591713389,1.2817128711265,1.18479298617547,1.2909619027522,1.55659709889289,0.88265389395508,1.44709233984872,0.834197435359556,1.49481102863172,1.26849021077965,1.21312257733337,1.21260053155913,1.50001919133706,1.21934859368457,1.58142251743027,1.20553134486613,1.47833322780889,1.39160733638664,1.33387707345059,1.39775623986634,1.55604750515033,0.947843583938152,0.956507115216141,1.4013562010017
0.87637767110914,1.01929982572619,1.11682951209013,1.08944228048551,1.05036289765496,1.00253522366347,0.965012591713389,0.781810940780133,1.18479298617547,1.07963155109917,0.891446790880991,0.88265389395508,1.44709233984872,0.834197435359556,1.00546433589932,1.26849021077965,1.05692356593352,1.07422506155092,1.50001919133706,0.939819329824786,1.28035517130729,1.12817136121828,1.30682026658769,1.04248086812595,0.904706228768191,1.39775623986634,1.04202361987677,0.947843583938152,0.956507115216141,0.930794466509838
0.87637767110914,1.01929982572619,1.11682951209013,1.08944228048551,1.05036289765496,1.00253522366347,0.965012591713389,0.781810940780133,1.18479298617547,1.07963155109917,0.891446790880991,0.88265389395508,1.23475009744698,0.834197435359556,1.00546433589932,1.26849021077965,1.05692356593352,1.07422506155092,1.50001919133706,0.939819329824786,1.28035517130729,1.12817136121828,1.30682026658769,1.04248086812595,0.904706228768191,1.39775623986634,1.04202361987677,0.947843583938152,0.956507115216141,0.930794466509838
0.87637767110914,0.874940459059189,0.967079542817373,0.833211139489322,0.871652102002827,0.67830612682701,0.965012591713389,0.781810940780133,1.07857616523609,1.05391084302028,0.891446790880991,0.88265389395508,1.18154588280368,0.834197435359556,0.656487991046447,1.02843157111397,0.966248459752023,1.07422506155092,0.806358374614206,0.682177380896178,1.04061749117909,0.806032660801975,0.809161355623814,0.697274710443594,0.830849994175423,1.22759943782535,0.939188854268309,0.66401581807952,0.956507115216141,0.469665750850027
0.87637767110914,0.537690372833822,0.967079542817373,0.72977083740102,0.359287241211064,0.529828888610041,0.786032893354786,0.781810940780133,0.911314834654263,0.832239094599004,0.569662400064203,0.88265389395508,0.69121633306861,0.758145934424761,0.656487991046447,0.880992391028144,0.532316000742185,0.797404316229972,0.757983346997548,0.591550401811787,1.02085319985167,0.733216740421312,0.809161355623814,0.616200094047485,0.830849994175423,0.773428202824448,0.939188854268309,0.66401581807952,0.550792633170204,0.469665750850027
0.615121120710228,0.485552344727921,0.85723676194641,0.504377850252922,0.359287241211064,0.479202976505462,0.639611399149999,0.412038786296534,0.594042622766096,0.677547635411315,0.451288713651252,0.28573060490487,0.69121633306861,0.67061032781487,0.541912377823905,0.663902251556465,0.391628245757943,0.545090596801742,0.364935214679122,0.591550401811787,0.792718154044451,0.656872146942533,0.714393813859601,0.513721283909945,0.830849994175423,0.567289404813437,0.577316588516283,0.582875270001409,0.550792633170204,0.469665750850027
0.377356888624831,0.287763880302805,0.389624337636178,0.388843072855934,0.359287241211064,0.309886369831702,0.334617881102758,0.318626654767286,0.297689254719103,0.400777254154491,0.286072481863357,0.280751289133718,0.40829230229599,0.33839953432846,0.439490554200347,0.508798885202282,0.33854462020463,0.346350237125762,0.216809699792293,0.418096551955045,0.248738386551281,0.349716780998278,0.43926783863003,0.334280793726407,0.411758965179502,0.448693533486676,0.349135163194205,0.308014559968115,0.513129999920125,0.280659137929206
0.184631669668988,0.146149145845811,0.322831195185017,0.133035645995619,0.226391977395906,0.151261117995887,0.142596619844994,0.143798631411869,0.151258322971557,0.195778247982162,0.170061987450822,0.133194790542802,0.297211765956263,0.248948704044324,0.181865079543513,0.374967257608887,0.199200161175781,0.177170832524098,0.184751007673412,0.168463604195381,0.174771535644481,0.222896263649432,0.265305230426748,0.22506043130943,0.241460503092753,0.230383228077585,0.165883360149905,0.200400327673719,0.183362104638491,0.11224994319889
0.0752499562731828,0.0407286230897626,0.0652779529926875,0.0412492538513334,0.0961811824366805,0.07287656086487,0.081506373313232,0.0319451310128898,0.0588171801928183,0.0581035601679787,0.055065382951625,0.0402215180703251,0.105163833728852,0.0999145527722476,0.0682289786805086,0.119746772745088,0.0866443947621747,0.0526887332775914,0.0852144750218713,0.0724848677662067,0.0783457170985002,0.0627743462144963,0.0850246607141116,0.0529047081874978,0.0946028721075436,0.0601659638787169,0.0512282738701515,0.0623555317007458,0.0436830783573896,0.0508531349847772
0.0132472090533611,0.0097937285105445,0.0146578329705562,0.00529283878722708,0.0127045406441084,0.0268963522881904,0.0169146414579018,0.00841342765295394,0.0181371658430862,0.0113870412254755,0.0137928711862969,0.016009233909358,0.0169450260548274,0.0226128407123269,0.0203998393343454,0.0356556639793553,0.0126534099981654,0.0125143601845821,0.0158069986897544,0.0124186435239153,0.0129639176283263,0.0114560191794908,0.0165385646437244,0.0122128651000821,0.0152012291895289,0.00810942320254071,0.00625885397698767,0.0152439964078894,0.00847117050034285,0.0142377515127237
0.00171505368405178,0.00085914763690198,0.000629549770224003,0.000728196248132917,0.00123300154371009,0.00125507834673044,0.00345900114098185,0.000380129866130119,0.0018099273218013,0.000623625537059525,0.0012033112257086,0.0011686556516679,0.00086842457972125,0.00216488974206186,0.00137413646973528,0.00418973618639029,0.000803745427788272,0.000845205896439438,0.000667585309429342,0.000847491497438568,0.00115333406836271,0.001272275212159,0.00141310903597969,0.000900866200368,0.00129510020474299,0.000904148011045436,0.000392960746466997,0.0011878194699193,0.000506299879134531,0.00105087527902015
5.19990843486084e-05,2.83853992186778e-05,2.01406977566876e-05,2.78966758742172e-05,4.98841959597485e-05,1.93641466239569e-05,3.9392251778736e-05,2.27712788500867e-05,2.97171372949379e-05,3.75508299157445e-05,2.80533182603904e-05,4.25774364885001e-05,2.51692781603197e-05,2.89610460413314e-05,2.53409602919419e-05,8.16380128298988e-05,2.72032448265236e-05,6.31579416676686e-05,2.18490381485026e-05,2.17811970060211e-05,2.39484442090543e-05,2.03239002303235e-05,3.34134807644659e-05,5.38515181460753e-05,2.63302428038514e-05,2.09231334338256e-05,2.77388542144763e-05,3.16222856326931e-05,4.27403454068553e-05,2.64815055288636e-05
1.86007355296169e-07,1.68660449162417e-07,1.70786620401486e-07,1.55878524310538e-07,1.79182507054065e-07,2.17848275951837e-06,1.53042833517247e-07,2.169306299038e-07,1.27860630527721e-07,1.30182570501347e-07,1.24409666568681e-07,1.53193468577228e-07,9.21949890653195e-07,1.34125002659857e-07,7.19988292985363e-07,2.29179352118081e-05,1.55108523358649e-07,1.30810572045448e-05,1.45826334119192e-07,1.20741447062755e-07,1.98038037524384e-07,1.15760713015334e-07,8.63298623698938e-07,3.91741468774853e-06,1.68740143635659e-07,9.55966584115231e-07,1.50491359818261e-07,1.04987293525483e-07,3.96662494495104e-06,1.25372025649995e-07
