0.763186752173397,0.467212727459923,0.597883799064789,0.477010023832122,0.434477891990809,0.627109676402711,0.488562344208276,0.411994099879394,0.698182053851951,1.01718694984766,0.439269460447576,1.26219485082197,0.596430492086938,0.638088283793422,1.36041899952443,0.458712738964095,0.953978226449749,0.491391306072273,0.935352758115073,0.589889167199431,0.504809194705444,0.862819831708407,0.386036326094882,0.874212983438042,1.0682459243169,0.480532269347691,0.579904941391533,0.391131997653929,0.926149931102941,1.65386417488082
0.763186752173397,0.398608268634348,0.29721781253852,0.477010023832122,0.434477891990809,0.578403297163845,0.477797651379092,0.353851064379228,0.387674306093231,0.488953726027944,0.439269460447576,1.15699236211606,0.596430492086938,0.638088283793422,0.488285292130968,0.424637867262618,0.475038771804975,0.464201383799718,0.846311522320548,0.582858778815307,0.504809194705444,0.683465418898436,0.386036326094882,0.846042894398352,0.575486827500754,0.480532269347691,0.425726592930232,0.391131997653929,0.691420029431242,1.32988929750286
0.545787137752086,0.398608268634348,0.29721781253852,0.477010023832122,0.386433436416723,0.259623453957488,0.425775193013806,0.306962247682463,0.387674306093231,0.363178346501627,0.439269460447576,0.524583277640318,0.493363356467057,0.638088283793422,0.488285292130968,0.424637867262618,0.475038771804975,0.445916811961865,0.692289069747403,0.433658131420884,0.405034855938197,0.603829787244422,0.386036326094882,0.534603498560955,0.557614463896357,0.29182074295727,0.265266738206719,0.391131997653929,0.652493037356294,0.510751323353475
0.383073614161276,0.263637267844388,0.29721781253852,0.477010023832122,0.386433436416723,0.259623453957488,0.425775193013806,0.306962247682463,0.387674306093231,0.363178346501627,0.26303345661222,0.362415055132828,0.285512243815219,0.472663004712331,0.370472247664225,0.373232241240544,0.214281287876474,0.316321024237482,0.331090647177689,0.296317124256461,0.301270439310656,0.362817439539981,0.386036326094882,0.40996157541133,0.44422836228614,0.29182074295727,0.265266738206719,0.391131997653929,0.557917558637541,0.29636175114149
0.299500817754847,0.128562933197145,0.164440278072561,0.223500198183274,0.155051427786702,0.135759897516778,0.126609087123143,0.242511146980974,0.245531477541363,0.282921981112736,0.221719552556806,0.16322100813727,0.205546068009426,0.169912905586898,0.158914948115694,0.167720935237867,0.214281287876474,0.115953511976386,0.28173808686563,0.282557293132413,0.175450502482249,0.154877119223897,0.179739859617484,0.198279931402453,0.257367271441467,0.240194863105216,0.183733038444529,0.191286504330378,0.252471145550885,0.218004267176298
0.084991643236549,0.0310270879268728,0.0236019919898354,0.0540250091274856,0.0287708806105229,0.0108597905497163,0.00858964663348161,0.0406410664702435,0.0365573415959943,0.0929507419318725,0.0275818349909969,0.0389111577686663,0.0522374547181244,0.0123236234499018,0.0339327048791347,0.0324612669545559,0.0509140911748318,0.0132656918882503,0.0633133455686448,0.0371992293493122,0.0199700338018829,0.0212997632274892,0.0270378685720516,0.0187465772885389,0.039838685775635,0.0468520815888951,0.0225517616746629,0.0242737960534214,0.0620797346290374,0.0304674752276242
0.00366069020344639,0.00248976582020077,0.00135468867915733,0.0018576230357894,0.00140910681818696,0.00316939811170869,0.000775431351371481,0.00142097419075071,0.00151186537470949,0.00860359281170986,0.0039151601068852,0.00287601059471854,0.00375255939263752,0.00139698402915656,0.00379865280126523,0.00361351668243515,0.00950047591970815,0.0012832124225497,0.00417794091345058,0.00283898309453434,0.0023347848236881,0.00115821412771311,0.00168645921485222,0.00274043011779668,0.00300484723436512,0.00260155339174162,0.00182239647074312,0.00185860371584567,0.00211232931155791,0.00204478468185698
0.00034556990647161,0.000171012780469937,7.17647969850077e-05,0.000414160527270724,7.22920588032139e-05,0.000456064334798612,2.83507149561046e-05,0.000208602403517943,0.000202102860725972,0.000271718296062318,0.000106733282677851,0.000266717160911867,0.000669695911824419,6.62452564483829e-05,0.000480689338019147,0.000259349919815577,0.00104235986680123,0.000316993533033383,0.000408138698276161,0.000390140252875426,0.000226434643764151,0.000205925507088978,7.88977358752163e-05,0.00042305099452733,0.000254599119216437,0.00015753296679577,0.000173262201656144,0.000171229994521127,0.000298282292305885,0.000270064614142029
2.791878307562e-05,1.37256132575203e-05,1.57855813540664e-05,3.75184973790965e-05,1.15360023755784e-05,9.08164057591421e-05,3.35941820139851e-06,2.41752715055554e-05,2.95370575713605e-05,1.45643432460929e-05,7.8198293067544e-06,2.51109275950512e-05,8.65242311647307e-05,7.68509005411033e-06,2.82552158523686e-05,1.65656945227965e-05,0.000134169769125947,3.56026398549147e-05,2.44795456865177e-05,8.36575551375063e-05,1.75336300571871e-05,2.53630627184975e-05,4.79681057186099e-06,2.10876011124128e-05,1.63013603469153e-05,1.25035674045648e-05,1.72954138406567e-05,1.23591913734344e-05,4.82167022255453e-05,2.37269481431213e-05
5.66757262276951e-06,1.10194332592073e-06,8.19066599433427e-07,3.3385292681487e-06,4.46721401203831e-07,9.76376179551153e-06,3.56368900611415e-07,2.90951970782771e-06,1.1728326398952e-06,1.63999072810839e-06,4.60845285488176e-07,1.28312058222946e-06,7.96665437974298e-06,1.75240870703419e-07,2.92191111839202e-06,4.39254677075951e-07,4.6998611651361e-06,8.26547307042347e-07,3.53212590198382e-06,5.21243180173769e-06,4.40892677033844e-07,1.98664770323376e-06,5.10417635268823e-07,2.34988863212493e-06,1.71917099578422e-06,1.64139498792792e-06,1.23164318210911e-06,9.36543415264168e-07,2.87026477963082e-06,2.37985989315348e-06
4.01641386815754e-07,8.65418314788258e-08,2.69694737653481e-08,5.95913320466934e-07,3.52845290763071e-08,6.96808911015978e-07,1.40258862302289e-08,9.88196688922471e-08,5.11361122335074e-08,1.39810481414315e-07,3.53056748281233e-08,3.73318016499979e-08,8.97872155292134e-07,1.95525444723899e-08,1.55974476001575e-07,3.36624452756951e-08,6.31817329121986e-07,1.13015403258032e-07,1.50226583173207e-07,8.15987846181088e-07,4.36816662841011e-08,9.68663016465143e-08,3.52528104485827e-08,2.14229203265859e-07,2.15381191992492e-07,6.53017195872962e-08,5.03746377944481e-08,9.10515609575668e-08,3.04002583106922e-07,1.27262978821818e-07
2.87486727756914e-08,8.26116774987895e-09,1.34230049297912e-09,4.88419118482852e-08,1.75066361407517e-09,1.20646632240096e-07,9.51672518567648e-10,6.86168277752586e-09,2.87514012597967e-09,1.69205804922967e-08,7.86758391768672e-09,3.73552211385686e-09,4.24186055170139e-08,6.91784407536034e-10,3.07292111756396e-08,5.95605342823546e-10,4.46104877482867e-08,1.21669927466428e-08,1.13792566480697e-08,3.44664385920623e-08,1.90277660294669e-09,5.96435256738914e-09,5.07304775965167e-09,1.70275598065928e-08,1.6541093827982e-08,4.08681444241665e-09,3.3938931665034e-09,9.00729446584592e-09,3.99950295104645e-09,1.05337676359341e-08
1.09253051050473e-09,8.01037458586507e-10,7.36690708436072e-11,3.62661012331955e-09,1.93381310964469e-10,8.56334736454301e-09,1.68938640854321e-10,3.292370820418e-10,1.41653799801134e-10,5.81508174946066e-10,1.73486114363186e-10,1.23236532090232e-10,8.62314664118458e-10,1.36424205265939e-11,2.89821855403716e-09,6.78710421198048e-11,4.13058387493948e-09,5.49221113033127e-10,1.30523858388187e-09,2.28703811444575e-09,1.36651578941382e-10,2.78532752417959e-10,5.74573277845047e-10,2.29704255616525e-09,4.79860773339169e-09,1.58365764946211e-10,2.34194885706529e-10,1.92358129424974e-10,3.40605765813962e-10,1.29193722386844e-09
1.26306076708715e-10,6.02540239924565e-11,3.29691829392686e-12,3.18777892971411e-10,2.62616595136933e-11,1.20269305625698e-09,1.25055521493778e-11,3.02406988339499e-11,6.82121026329696e-12,4.75210981676355e-11,1.65982783073559e-11,1.06865627458319e-11,1.40289557748474e-10,1.59161572810262e-12,1.65755409398116e-10,4.77484718430787e-12,2.38401298702229e-10,3.6720848584082e-11,1.41881173476577e-10,1.70075509231538e-10,2.28510543820448e-11,2.35331754083745e-11,2.92175172944553e-11,1.51885615196079e-10,3.49814399669413e-10,1.20508047984913e-11,3.12638803734444e-11,2.44426701101474e-11,2.67164068645798e-11,1.23350218927953e-10
