207.425915614798
205.668539161524
100.317891160141
205.446005780694
212.111513491396
205.483582048088
205.121736874564
204.615314817153
211.247649927274
100.291746538748
100.31633535588
100.582329064165
204.839793259432
205.05991663593
207.181845876927
206.358341801295
207.538811373341
208.490205213176
100.231821948897
203.723708740545
205.403385469987
204.347499155466
100.361717936014
206.546084257791
100.313104954596
205.740830555319
207.649000647781
205.320443909559
206.628293166798
100.480634228997
