105.961005216127,264.483778547642,272.375392681986,204.912337466016,209.628279426657,267.871828111769,103.928786242695,200.007538280889,285.802994383756,266.464687617203,273.32287086083,208.64065972456,270.228973303123,261.966998173577,278.146624614693,105.666635402712,102.092542884718,268.955411201808,251.304862000323,101.646323059036,267.559295954865,102.159606031352,200.00623063163,101.895809004467,264.253123953726,262.439898602459,105.162828836794,205.698784075334,205.361171676589,101.443286673223
100.662737681618,248.913008612111,244.517365373436,204.912134981764,209.61432120363,230.439178975891,100.922458419018,200.00000716538,239.722378292222,249.996415197293,239.505111211795,208.63992990118,243.780550602731,244.148076851707,258.139860066197,101.112423795882,101.128961600563,247.056959289724,235.624111630693,100.588940060536,244.322514934756,101.002585730164,200.000002326719,100.85386828884,256.249263491701,244.873278820465,100.659590407553,205.698520666093,205.359157530943,100.88105405289
100.662737681618,246.745522228136,230.477709891512,114.44564194857,151.595531808736,230.439178975891,100.703341334499,200.000000027778,239.722378292222,246.836901272727,239.505111211795,208.639929900902,238.420803782344,243.243591218035,258.041756343761,100.512612535043,100.698219482024,247.056959289724,235.624111630693,100.588940060536,231.664875810635,100.707903329016,200.000000024888,100.787680080171,248.361805528633,241.670493085752,100.531410040427,205.698520665988,205.359157530365,100.775031121983
100.662737681618,232.706950466731,229.548212596648,114.44564194857,135.199385342898,230.29443147278,100.703341334499,200.000000027778,235.5577327812,216.140690932742,236.791790648713,208.639929900902,235.488895697781,240.586310386607,228.032802016001,100.486657723697,100.334300325215,223.075959026362,230.449830731702,100.588940060536,219.322800374258,100.484572638512,200.000000024888,100.478693638575,241.245403448833,241.670493085752,100.467298958376,202.991328351319,204.358706683319,100.775031121983
100.662737681618,204.993468957336,208.70485301835,114.44564194857,135.199385342898,207.782740716054,100.703341334499,200.000000027778,205.493557046211,204.912647650849,206.754864733822,208.145329762272,205.517270570066,207.450641097277,207.543064897417,100.486657723697,100.318025393042,208.06176015704,204.616231186105,100.588940060536,207.00158320452,100.484572638512,200.000000024888,100.478693638575,206.213498921402,204.203138933793,100.467298958376,202.991328351319,204.358706683319,100.669717124982
100.54644749791,204.981552780031,208.703677741389,114.44564194857,135.199385342898,207.780818424248,100.703341334499,193.378352066884,205.483582048537,204.91213498173,206.358341809801,205.32044390956,205.481687028418,207.443065814953,207.481364421883,100.486657723697,100.318025393042,208.060485962441,204.615314817168,100.588940060536,207.001063387018,100.484572638512,200.000000024888,100.478693638575,206.199882088147,204.1607226038,100.467298958376,202.991328351319,204.358706683319,100.669717124982
100.54644749791,204.98155253708,208.703677741385,114.44564194857,135.199385342898,207.780818424238,100.584900191155,193.378352066884,205.483582048088,204.91213498173,206.358341801295,130.897408502817,205.481687028034,207.443065814823,207.481364419566,100.486657723697,100.318025393042,208.060485962333,204.615314817168,100.588940060536,207.001063387018,100.484572638512,139.495778789784,100.478693638575,206.199882087551,204.160722262917,100.467298958376,202.991328351319,204.358706683319,100.622511103256
100.54644749791,204.981552536058,208.703677741384,114.44564194857,135.199385342898,207.780818424238,100.584900191155,193.378352066884,205.483582048088,204.91213498173,206.358341801295,130.897408502817,205.481687028034,207.443065814823,207.481364419565,100.486657723697,100.318025393042,208.060485962333,204.615314817168,100.545445999412,207.001063387018,100.484572638512,139.495778789784,100.478693638575,206.199882087549,204.160722262749,100.467298958376,202.991328351319,204.358706683319,100.415717371731
100.350678578954,204.981552536058,208.703677741384,114.44564194857,135.199385342898,207.780818424238,100.289132087971,193.378352066884,205.483582048088,204.912134981721,206.358341801295,130.897408502817,205.48168702803,207.443065814823,207.481364419565,100.31276380576,100.273722623173,208.060485962333,204.615314817153,100.388579716014,207.001063387017,100.31211341716,139.495778789784,100.339813703098,206.199882087549,204.160722262749,100.353309725998,202.991328351319,204.358706683319,100.278575120666
100.318723935715,204.981552536058,208.703677741384,114.44564194857,135.199385342898,207.780818424238,100.256715086823,193.378352066884,205.483582048088,204.912134981721,206.358341801295,130.897408502817,205.48168702803,207.443065814823,207.481364419565,100.29380829861,100.238779912126,208.060485962333,204.615314817153,100.371220963553,207.001063387017,100.28484210593,139.495778789784,100.330423064321,206.199882087549,204.160722262749,100.339350506447,202.991328351319,204.358706683319,100.265126761707
100.314662206497,204.981552536058,208.703677741384,114.44564194857,135.199385342898,207.780818424238,100.254536546976,193.378352066884,205.483582048088,204.912134981721,206.358341801295,130.897408502817,205.48168702803,207.443065814823,207.481364419565,100.288652116315,100.237919065405,208.060485962333,204.615314817153,100.369654934451,207.001063387017,100.281448803781,139.495778789784,100.330080576606,206.199882087549,204.160722262749,100.334337173506,202.991328351319,204.358706683319,100.263024238397
100.314276957889,204.981552536058,208.703677741384,100.85653713321,101.058578844442,100.904221719391,100.254132368785,193.378352066884,205.483582048088,204.912134981721,206.358341801295,130.897408502817,205.48168702803,141.812386381162,207.481364419565,100.287882476991,100.237543425918,208.060485962333,204.615314817153,100.369377677625,207.001063387017,100.280991333946,139.495778789784,100.329838447468,206.199882087549,204.160722262749,100.33415226746,197.274853806732,114.512164079104,100.262679605795
100.314263451874,204.981552536058,208.703677741384,100.774621763648,100.696418411897,100.798090676106,100.254058582259,193.378352066884,100.817738485955,204.912134981721,100.846975668312,130.897408502817,205.48168702803,141.812386381162,207.481364419565,100.2878257742,100.237539964503,100.901877821037,204.615314817153,100.369342152928,207.001063387017,100.280949077124,139.495778789784,100.329838447468,206.199882087549,101.026883832761,100.334096084383,197.274853806732,100.676675858459,100.262642900399
100.314248434708,100.71925357623,100.856747546388,100.671335892457,100.696418411897,100.798090676106,100.254053239259,193.378352066884,100.817738485955,105.089029365296,100.732288176236,130.897408502817,205.48168702803,141.812386381162,207.481364419565,100.28781511522,100.237530954949,100.848443324724,204.615314817153,100.369341866377,100.670543446064,100.28094403768,139.495778789784,100.329838447468,162.309094321837,100.839184267444,100.334092022564,100.627431855798,100.676675858459,100.262635226275
