534.265341057305,489.384561031603,356.892163487892,477.751152132698,453.716299761343,415.964627985588,428.093411166953,664.967919361803,417.677501769062,518.677901328838,351.545332320183,401.780603167847,558.100316635023,315.802967482266,470.397720536509,551.858933723099,528.026725265169,823.456614598084,350.796826924083,326.950439793463,373.331286853369,302.810598315359,406.821480538258,539.252271335909,345.182692113077,458.435209192459,499.995306489264,490.45574091679,636.025719869457,437.449836005842
534.265341057305,489.384561031603,356.892163487892,477.751152132698,453.716299761343,415.964627985588,324.872530269536,664.967919361803,417.677501769062,518.677901328838,351.545332320183,401.780603167847,558.100316635023,315.802967482266,470.397720536509,529.913335102862,467.513180295871,741.62864558809,350.796826924083,253.379733380777,309.566814731459,285.967006666161,399.063963840481,400.306704485556,345.182692113077,347.896877666108,446.598195027307,479.399665977696,636.025719869457,437.449836005842
526.485366457162,489.384561031603,289.757581808815,337.759384443641,453.716299761343,310.737895625473,282.353459725175,638.518573729858,417.677501769062,425.418770536752,351.545332320183,401.780603167847,411.951284076599,315.802967482266,461.675723549416,389.252430961399,377.138386601389,509.321931385151,342.566007594524,253.379733380777,309.566814731459,276.147232821076,254.345711746412,400.306704485556,273.987781473561,334.529666980717,439.619697049369,429.795066817695,319.838206736208,437.449836005842
410.411569028403,313.33124135872,245.122181825661,327.17451539862,453.716299761343,310.737895625473,277.588179171604,446.997200375872,310.659434819938,371.413028435414,351.545332320183,387.505780023429,284.974979188735,315.802967482266,383.525318666426,291.333018615234,276.176175447349,332.914100305479,258.417706034306,236.819274770674,309.566814731459,233.863766497444,226.335741582708,319.297915036801,273.987781473561,258.951407967424,309.228781401783,320.132172836368,315.257162175184,288.17323375257
277.726555879412,218.192079018525,245.122181825661,255.772531782281,361.389210841384,310.737895625473,214.717232589559,260.000134602763,228.626587428918,277.654956527102,348.748056832252,374.084039017518,264.547305118517,277.671801251025,285.119151471383,261.09727084893,236.936607431098,280.309724404196,258.417706034306,212.959529886401,296.450357766338,222.62677734155,221.505412853111,261.896049610955,267.810618872786,237.042991986364,244.194011553833,256.46587094452,295.096509628849,249.71386122373
250.75740209681,218.192079018525,230.508000330129,243.831300367632,303.004174494949,261.042609766202,198.11547710516,201.628462118901,199.918742631197,245.717951032539,243.915946898879,268.452014881521,220.97477727916,244.754120547586,223.473534294375,216.85754579635,218.03714305671,214.163904152924,205.260925368132,203.825548031426,259.593265446561,194.263810698207,183.451644422472,252.628499302451,199.371997322854,227.684436758001,189.208948772599,210.207392778152,235.188004904757,249.71386122373
202.971691987346,210.867789345491,187.790070354333,190.963823866935,224.734514325609,218.033240508469,176.021166399111,183.653431239855,181.654451381444,185.852335003342,205.256898472094,241.819902326393,188.882147396003,235.536650914598,170.400287890198,198.857473208131,187.952811053702,179.84335834381,189.861404656049,182.573814091681,241.352520853702,178.974393449034,178.578172328477,203.991213173453,180.943035638185,179.195688194812,178.848342871735,187.805638542474,185.285646793617,222.202243412231
178.121337938454,172.722072559282,172.139607480766,172.475732012747,183.759387570173,175.89398598866,169.068407078072,171.868949306395,171.790886383462,173.376044696209,175.485862827156,177.993424555082,170.85200300932,175.167832794009,168.829899785861,174.06123172039,169.688506607647,171.677266028379,173.670006472923,172.51571004754,174.667478160057,170.665255647271,171.162068545033,171.354121255919,171.195025714228,169.999610770193,172.160073436049,170.834179558117,170.562237630762,175.728152367238
165.324815371597,165.885470599604,165.727226933508,165.848766171986,170.165016578853,167.045805264275,167.733990549142,166.028966451412,167.004061280449,168.840011753635,166.042072850385,168.980168185262,165.463743818695,166.167207529221,165.163069112776,165.759542303565,165.22090291078,165.125782885907,165.375775188568,165.425581108231,169.696588449982,165.296973614474,165.762893283912,166.753253937417,165.136224001993,165.717543283691,165.511420414414,165.836490250948,165.58831565638,166.796835939625
164.937524718791,165.267295707575,164.986955781907,164.965344784287,167.83718349,164.605262888879,167.544437517629,164.985042988222,164.955414760236,165.487702431422,164.990574527105,165.446927460255,164.568585840609,164.964540177324,164.976869230009,164.936472628953,164.942996721177,164.053551539021,164.956377903681,164.958436731852,165.008062084487,164.976992448612,165.244344591861,165.013077077231,164.945952131907,165.273818817826,164.937599080763,165.254216924801,164.989700977967,165.00629370689
164.92206040128,165.216509523071,164.931067631324,164.931122007556,167.823875143946,164.543105971055,167.530355329965,164.975867652495,164.931044643804,165.213640149925,164.931236185785,165.216947191025,164.542755954944,164.922235817516,164.975867637309,164.922019336429,164.922068376058,163.925648207484,164.931303373097,164.931055173789,164.931074427593,164.975867657566,165.214320456546,164.931116714742,164.931075545156,165.215586626523,164.922085756671,165.212820060221,164.922213105105,164.93127389498
164.921941811966,165.212659701011,164.93100790449,164.931008226637,167.823874955534,164.542482675838,167.530169900042,164.975867634261,164.931007905656,165.212606043628,164.931008283986,165.212625030305,164.542482646943,164.921942176021,164.975867634372,164.92194165276,164.921941692191,163.92451229852,164.931008109721,164.931007905861,164.931007905708,164.975867634905,165.212612922593,164.931007905563,164.931007951057,165.212630879123,164.921941987723,165.212605650073,164.921942160097,164.931008437708
164.921941568112,165.212605605594,164.931007902907,164.931007910103,167.11155111776,164.542482479746,167.530169743876,164.931007902948,164.931007902907,165.212605597664,164.931007910782,165.212605600258,164.542482480081,164.92194157304,164.975867634372,164.921941570767,164.92194156846,163.924512134289,164.931007904869,164.931007902907,164.931007902907,164.921980339278,165.21260559868,164.931007902907,164.93100790344,165.212605606834,164.921941576644,165.212605597661,164.921941576422,164.931007903391
164.921941568112,165.212605597662,164.931007902907,164.93100790422,167.111550431695,164.542482473767,167.530169743567,164.921941578644,164.931007902907,165.212605597661,164.931007903114,165.212605598098,164.542482473415,164.92194156802,164.921941572727,164.921941568045,164.92194156812,163.924512134289,164.931007902907,164.931007902907,164.931007902907,164.921941568495,165.212605598247,164.931007902907,164.931007902974,165.212605597757,164.921941568166,165.212605597661,164.921941568035,164.931007902908
164.921941568,165.212605597661,164.931007902907,164.931007902907,167.111550431695,164.542482472772,167.530169743386,164.921941568,164.931007902907,165.212605597661,164.931007902907,165.212605597661,164.542482472772,164.921941568,164.921941568,164.921941568,164.921941568,163.924512134289,164.931007902907,164.931007902907,164.931007902907,164.921941568,165.212605597661,164.931007902907,164.931007902907,165.212605597661,164.921941568,165.212605597661,164.921941568,164.931007902907
164.921941568,164.921941568057,164.921941573014,164.921941568139,164.92197641728,164.542482472772,164.93100790315,164.921941568,164.92194157674,164.92194156815,164.931007902907,164.975868272823,164.542482472772,164.921941568,164.921941568,164.921941568,164.921941568,163.714849553736,164.921941568021,164.92194156801,164.921941570964,164.921941568,164.931277977033,164.921941568065,164.92194156807,164.921941568177,164.921941568,164.931007903001,164.921941568,164.921941568028
