510.113027602018,902.523537219717,1305.29473148412,221.422945202988,2272.4653566056,2932.70406112376,3313.14173790895,1405.41478889638,1512.73374668212,1066.22749035258,748.719515211331,1630.55054420332,1892.59694013013,982.427208678768,1648.3898100563,3205.29600943899,1787.4710512555,1012.93930186912,1149.43587368595,2136.86095890479,1793.25003492863,1521.87850725228,2280.42187727645,686.932724350509,2439.75317631749,1280.17785392558,1536.03580995703,753.242624000575,903.185136396516,1280.51270693599
446.936302312786,441.452163674537,863.713820313833,221.422945202988,1119.05913854249,1562.65224929865,1468.48027747071,1272.01019479244,865.968535771504,383.313793993999,501.429428235697,740.477795760807,1339.35418221302,982.427208678768,1505.68030160173,2084.36624462207,423.336078819302,1012.93930186912,1149.43587368595,2136.86095890479,1086.19565456478,851.727651120385,444.813495139906,686.932724350509,1071.02103056871,1069.16920500283,449.225719658862,753.242624000575,903.185136396516,1280.51270693599
420.260898781912,441.452163674537,863.713820313833,221.422945202988,462.164161734502,1369.60074215695,913.486911229463,766.709138841568,406.796348796861,152.508464965186,179.043145055803,740.477795760807,1201.73607425176,552.579938389213,598.40241092991,1641.66233590951,423.336078819302,652.4835292701,670.379391103172,1302.34329819458,509.101748172907,851.727651120385,444.813495139906,665.311498307726,391.6238696056,888.622323143345,253.824228093966,491.762045184973,903.185136396516,478.14886195265
182.29755147884,441.452163674537,417.346567353068,221.422945202988,230.056823257015,955.428126733094,913.486911229463,766.709138841568,406.796348796861,134.574706983811,179.043145055803,724.96907204847,666.852506491564,311.259187775605,511.629035178072,689.887855701677,361.786506232615,522.747656882278,316.913845390638,1141.55781595196,305.509233442934,745.429888221537,444.813495139906,392.100309296893,347.455762178335,693.913348086187,253.824228093966,491.762045184973,903.185136396516,300.932785203052
151.492912334633,441.452163674537,213.102619845575,221.422945202988,230.056823257015,193.972119824307,642.757901551915,766.709138841568,318.629221425966,106.401953686135,122.470509704353,316.977810091093,575.357553932132,149.113835057438,237.455058108063,586.265574782089,359.48507055534,340.069142967052,158.28755763092,508.156386033345,281.576947105364,625.765151368969,314.256173298767,224.478176507037,307.866066577306,239.418877543036,136.645377499898,340.13484802711,475.463639409926,194.095398065563
97.1524141465359,227.188176749312,146.52471786472,179.910068902563,108.998903540811,193.972119824307,222.708902771203,196.897284990627,78.5653510731624,75.9873035718257,60.89030853899,118.847483822247,157.604177104896,109.030293334201,141.739989727189,145.87312690514,120.958878028215,110.340451520495,98.0499402498517,131.532410050345,77.6713839397949,170.923413214158,193.149168556317,164.334268588106,215.283372829199,127.862049928501,82.240540535661,216.788424493037,205.155868980167,102.540059216071
74.9544266986535,98.919517451824,83.9862757331196,88.7942144788306,98.6622459074903,107.631041631526,71.3983272884488,102.080266458365,72.0106433965292,17.7561045716823,20.5112558742782,34.0092615461957,97.38669762458,51.6840426093925,59.6724970241265,70.9864592766881,88.6613268012932,89.3564401957268,52.2938369054145,91.5978420138848,47.3231172144763,108.290128254315,86.9969435607003,90.252019894512,83.1566121978665,51.1159737197132,21.2608533738846,113.828401521499,87.5701882204405,73.6269003171323
44.7847429202713,71.7797702120929,24.2549711165097,13.5403931166395,60.8847186599552,66.5519444470852,5.9011789410439,15.4779071620677,13.7376944500796,10.5538071901791,10.3569216975201,10.738579822119,68.2922281805463,12.1313161145175,35.1451780871757,28.1539110212066,71.3004243341967,31.7102976228387,7.79782224185573,35.3513187784271,12.2343828175781,72.1617560423406,69.3204560027804,13.1443281808845,43.6258175650416,20.7869336512909,10.9895588418644,8.22209162170674,48.3351604411586,14.1320228466791
0.802562479522635,9.11421805648428,0.680098047703041,0.716305602180682,1.32253236699466,0.624816649857109,0.446638828080893,6.52701112020253,0.406692600654821,9.12957242351399,9.10769457188343,9.25394873597673,3.41397547655333,9.44292383043268,0.680802794117369,5.50166181114469,4.44490838706662,0.699793335210813,5.92207060602493,1.08852148066978,0.174430801977564,6.0463177784365,0.546967583135256,0.409885346877786,3.06258964976371,0.762729126754834,9.20611928428775,4.77121833266733,4.43258658324305,0.455848313161368
0.125578934835914,0.281990335184389,0.215286942020271,0.00921195960876275,0.380789471835953,0.01297558794613,0.0944068922784709,4.35766455566011,0.0173384950207947,8.92835575681249,8.93250859077466,8.92591022226259,0.119943625410031,8.93762092670158,0.19032874230129,4.28760895249314,4.0235625827637,0.298084281307297,4.09897749862802,0.213995808331106,0.0194431848565273,4.32667371957933,0.0941682767937095,0.145520984192103,0.404310569584311,0.135921304772808,8.927833703023,4.11610199516173,4.108560579293,0.0870517861187636
0.000924088616955032,0.000396513551436328,0.000533578828878944,5.08098572709059e-05,0.000877736212487434,0.000327731212678373,3.2437805657537e-05,3.98737708103931,5.25490822269603e-05,8.91613048521702,8.91621520326618,8.91621676863355,0.000441480574863817,8.9162526500628,0.000382062156745633,3.98666943284309,3.9866907473949,0.00116515249743543,3.98670331613408,0.000453074802351239,1.34119615040618e-05,3.98937929382259,7.4172813469886e-05,0.000107884161991478,0.00179186509967622,0.000553494626672091,8.91622428032639,3.98677904909181,3.98667534670449,7.98143560132303e-05
2.688904032766e-08,7.40817540645367e-08,1.0925020887953e-08,2.69648126050015e-09,7.28977624930849e-08,1.41070017889433e-08,1.90051423487603e-08,3.9865792604802,1.22991536954942e-08,8.91610207440476,8.91610219865248,8.91610230464318,1.97181691419246e-07,8.91610210636151,1.30311832435837e-08,3.98657916215762,3.9865791290888,6.66665300741442e-08,3.98657911454649,2.46629383582331e-08,2.47894149651984e-09,3.98657924036581,2.83272925116762e-08,1.32000650410191e-08,1.63657432494801e-07,1.66078848451434e-08,8.91610256149283,3.98657913422238,3.98657911644449,1.49955212691566e-08
0,1.22213350550737e-11,0,9.66338120633736e-13,1.70530256582424e-13,2.8421709430404e-13,0,3.98657911234733,8.5265128291212e-13,8.91610197899161,8.91610199494494,8.91610195167283,0,8.91610195320783,9.09494701772928e-13,3.98657911234716,3.98657911234716,0,3.98657911235313,5.6843418860808e-14,5.6843418860808e-14,3.98657911234727,4.66116034658626e-12,3.41060513164848e-12,1.36424205265939e-12,0,8.91610198244058,3.98657911234716,3.98657911234716,1.02318153949454e-12
0,0,0,0,0,0,0,3.98657911234716,0,8.91610197899161,8.91610192778302,8.91610192778626,0,8.91610192778637,0,3.98657911234716,3.98657911234716,0,3.98657911234716,0,0,3.98657911234716,0,0,0,0,8.91610192778217,3.98657911234716,3.98657911234716,0
0,0,0,0,0,0,0,3.98657911234716,0,8.91610192778131,8.91610192778131,8.91610192778131,0,8.91610192778131,0,3.98657911234716,3.98657911234716,0,3.98657911234716,0,0,3.98657911234716,0,0,0,0,8.91610192778131,3.98657911234716,3.98657911234716,0
0,0,0,0,0,0,0,0,0,4.13518662334297,0,0,0,0,0,0,0,0,0,0,0,0,0,0,0,0,0,0,0,0
