34.8874992993199,21.7089526508175,21.5701516056633,29.8120897189572,18.9912893289038,23.4776851125206,25.8366384385554,24.0158837330765,25.1457446627843,33.1085589666586,29.5937410107572,34.434553950112,26.554225280157,20.6600430686658,25.2551652296569,28.9246965973955,24.3746529740368,25.2947282897117,22.2241783702741,21.9204766892594,21.1909168222292,22.5070477435205,23.0931154063843,19.2781495882342,22.0109968624914,24.4517086347804,37.1159143147387,21.5482287045763,23.5503284513375,23.3403472488857
7.43679403789679,8.49086119391848,12.0522094731799,6.32585319305826,7.16580722783885,7.69250072786622,12.1004513940668,4.12571070982256,7.11199290192178,16.121080677352,8.64239010871654,10.1887085814461,7.9679539354695,9.62190766905007,6.09319326378193,12.0154587523811,12.798324269603,6.63484946710798,7.65256436755669,7.54565138045803,6.02324466344851,9.80475348290884,7.8264809032629,6.35871549467163,4.73427162266796,6.61420147369415,12.5407064114063,8.41935993253492,11.4348012664205,7.14678838281066
2.336653790284,4.26060761338829,3.68403964999095,1.81507458287024,2.63595984530298,3.25417220748636,3.27985759184298,3.04571055337647,2.9974731047198,5.47656143683048,2.40740199705658,4.42547399468151,2.48375059277942,3.33609455654573,2.66676994088175,5.80696097100133,5.50784965782839,3.41346740966299,3.52178465715804,3.90665725645124,3.97960575818172,2.69476403048861,4.6604588227417,2.35221026962063,3.29634283430369,2.38881469187311,3.29525924005861,3.91586421556281,3.28780621756778,3.86600662202704
0.598666854872363,1.12772630130735,1.24067406914776,0.711228531933784,0.869054992745987,1.10005415776504,0.868462749781088,1.10963790242738,0.736731174471402,1.17011055051034,0.786313106355919,1.15738798296718,1.20001522868506,1.03464296887091,1.07425066854626,0.996408268546134,1.31139629487382,0.918750374181968,0.951398903024597,0.969386843866914,1.12197405608754,1.09606143867029,1.20249203137382,1.11269109835291,0.895703787361072,1.1413333763611,1.12355369274781,0.699980722831924,0.965240593154931,0.963844257790583
0.0410858017964983,0.0289870725911214,0.0325384764890941,0.0340595238034211,0.0242872804150238,0.0456605859631054,0.0257261182076718,0.0565847191065814,0.024456577938281,0.034937875621722,0.0309918915689877,0.0436840827071592,0.0279022968406935,0.0242857058598247,0.0497621654875502,0.0267317272596301,0.0295802318250935,0.0321255682601986,0.0294155625643953,0.0200452572499898,0.0369889298675616,0.0485530162502528,0.0467815325426955,0.0304269607340757,0.0248437456001511,0.0244820244714674,0.0357472050702654,0.0224489896129398,0.0530680041172218,0.0247206639801334
7.61253905920967e-05,3.89015709743035e-05,9.82726611482576e-05,4.78456898918012e-05,2.63785663037197e-05,7.68425347814627e-05,0.000413179833344657,0.00319288313471588,6.62266402287059e-05,3.74320255787097e-05,0.000410468656923513,8.37145041714393e-05,5.66429507671273e-05,5.07973765024872e-05,7.75401385908481e-05,7.0979967290441e-05,4.47135556669309e-05,3.20961776196782e-05,7.42994869824543e-05,3.85017681310273e-05,8.82755432485283e-05,0.000108308119365574,0.00136041601319903,4.67500170771018e-05,3.46744403714183e-05,4.60755032918314e-05,5.04411347037603e-05,5.31072504372787e-05,0.000143642560487933,7.32246265897629e-05
3.46487752267421e-06,2.54904875873763e-07,1.37570110609886e-05,2.23134509269585e-06,1.58648390424787e-07,2.920313136201e-06,1.10427481558872e-06,3.85713155992562e-06,6.22348125034478e-07,2.02440105567803e-07,5.62668572001712e-06,1.13719238470367e-07,4.30742352364177e-06,4.26194276315073e-06,2.19515527533076e-07,8.40569100546418e-07,1.95350594367483e-07,1.43792146900523e-06,1.69176814779348e-07,5.9268711538607e-07,2.37236918110284e-07,2.59873274899292e-06,1.78426171260071e-06,3.14725980388175e-07,1.75275658875762e-07,2.20376705328817e-07,1.15431748781702e-06,2.3044929093885e-06,3.00477495329687e-07,6.6727170633385e-07
1.89349634638347e-07,1.21106836559193e-07,1.48431695379259e-07,1.24124881040188e-07,8.01838950792444e-08,3.67142433788104e-07,9.07903086044826e-08,1.24900566333963e-07,3.57982685272873e-07,1.0025860319729e-07,1.31268848235777e-07,9.78772050075349e-08,1.08635049400618e-07,9.46954514802201e-08,1.5167449873843e-07,2.32388174481457e-07,1.1413021638873e-07,1.36622134050413e-07,1.46219463204034e-07,9.87370185612235e-08,1.41109126161609e-07,1.42747228437656e-06,9.82913661573548e-08,1.41171312861843e-07,9.28461076910025e-08,1.25273231788015e-07,1.16159981189412e-07,1.28863575810101e-07,9.89388126981794e-08,9.85027099886793e-08
8.57198756420985e-11,5.35465005668812e-11,1.39039002533536e-10,1.0197709343629e-10,1.7166712495964e-11,3.55650740857527e-07,3.376499080332e-11,7.88986653788015e-11,3.567139401639e-07,6.20730133960024e-11,1.1959855328314e-10,3.79714037990198e-11,1.84400050784461e-10,8.95852281246334e-11,1.41994860314298e-10,1.36310518428218e-10,1.18234311230481e-11,6.62794263917021e-11,1.07888808997814e-10,2.31921148952097e-11,6.87805368215777e-11,1.42137457714853e-06,9.10631570150144e-11,6.85531631461345e-11,2.20552465179935e-11,2.46700437855907e-11,4.49063009000383e-11,4.12683220929466e-11,1.98497218661942e-10,4.4110493035987e-11
0,0,0,0,0,3.55625388692715e-07,0,0,3.56690293301654e-07,0,0,0,1.13686837721616e-13,0,0,0,0,0,0,0,1.13686837721616e-13,1.42137457714853e-06,0,0,0,0,0,0,0,0
0,0,0,0,0,3.55585029865324e-07,0,0,3.55805241269991e-07,0,0,0,1.13686837721616e-13,0,0,0,0,0,0,0,1.13686837721616e-13,1.42137457714853e-06,0,0,0,0,0,0,0,0
0,0,0,0,0,3.55585029865324e-07,0,0,3.55643237526237e-07,0,0,0,1.13686837721616e-13,0,0,0,0,0,0,0,1.13686837721616e-13,1.42137457714853e-06,0,0,0,0,0,0,0,0
0,0,0,0,0,3.55585029865324e-07,0,0,2.04098228095972e-07,0,0,0,1.13686837721616e-13,0,0,0,0,0,0,0,1.13686837721616e-13,2.43143176703597e-07,0,0,0,0,0,0,0,0
0,0,0,0,0,9.45468627833179e-08,0,0,9.67872892942978e-08,0,0,0,1.13686837721616e-13,0,0,0,0,0,0,0,1.13686837721616e-13,7.967764759087e-08,0,0,0,0,0,0,0,0
