59.8408117105851,37.3880720813802,48.3709867405355,53.1980571568238,44.452937322739,62.9363741270608,54.3607701900941,38.3418861097454,46.7250155232367,56.7345846687181,55.6659283256149,43.8988100458052,60.0201657629277,53.1796745023835,46.0268336763055,35.7388424077982,51.2760689330881,51.5699323355414,51.8150191861175,42.6658675228907,55.6673409587734,54.3116364016787,25.9506639463584,46.4068697612751,50.2479971421517,42.9996280575585,59.9522401733543,57.2420383036566,41.4328148900847,51.0289283141755
31.4244591124204,36.3558485446167,29.141534911953,52.0395424975692,44.452937322739,50.3425733610578,42.2838646506284,38.3418861097454,46.5430021264704,44.1682477770901,38.3241315971416,40.6445888999089,39.1367402731291,48.1219120017583,46.0268336763055,34.6982940957571,35.7925181642404,48.9196263651463,43.4427522036566,41.9145907089087,41.6101224854228,54.3116364016787,25.9506639463584,32.8284828680929,40.253919468987,42.9996280575585,40.196316341482,44.1892927237525,41.4328148900847,42.1641330478977
31.4244591124204,36.3558485446167,29.141534911953,46.7427463717494,40.6723014895424,41.0424962676674,31.8228346895189,33.9960851775776,37.3070669115857,44.1682477770901,38.3241315971416,40.6445888999089,39.1367402731291,40.1868470681452,44.9541090031785,34.6982940957571,27.7546049207646,45.4592874069317,42.2311986213332,41.7759115926663,41.6101224854228,37.1843278017361,25.9506639463584,32.8284828680929,34.9357110071629,28.8191289815132,40.196316341482,42.9964474047591,36.9006885698312,42.1641330478977
31.4244591124204,36.2233449813747,29.141534911953,34.3511254320836,26.3860572529737,32.0453505723509,31.8228346895189,33.9960851775776,37.0216816367048,30.1347947250742,34.8709585922002,40.2967120740914,27.0015578441551,34.6891706234112,32.9611438784732,34.6982940957571,27.7546049207646,24.8320847326783,36.3575029570658,27.4832266138691,25.2921408205425,37.1843278017361,25.9506639463584,32.8284828680929,34.9357110071629,28.8191289815132,17.7013313412623,37.5198629934445,32.003352854349,42.1641330478977
3.85207449042935,28.2391184066432,24.0426574014161,18.4496507619987,4.75499453724069,32.0453505723509,29.0249911586378,33.2722512476786,28.9768662117428,22.417365795366,22.7367533164768,28.929236998835,13.2952666741365,22.1074024445178,28.631566805988,4.32001163576433,2.00134111593229,3.02809841566329,20.5071728110333,27.1398439518919,5.77378145538682,26.4761652336713,16.2893426958491,20.9981984431957,29.8601671276692,28.8191289815132,3.81199584182173,28.0477224957117,23.3468296306772,35.5953497277327
1.98991812951965,3.97983650469791,1.98991820466711,4.97479531462614,2.9848771775288,3.97983721108369,1.989919168651,3.9798377598454,4.97479615314501,4.97479539119513,3.9798441273249,2.9848830037381,3.97983625689949,1.98994966074599,3.97983692626212,2.98487718207434,3.89366050512763e-09,2.98487717155172,1.98991816187231,1.98991930326758,4.9747952882251,7.95968136161582,1.98991814519047,2.985070867883,2.98487740545056,1.98991832644924,1.9899181161411,5.96975504218085,1.98991830108992,1.98992308912125
1.9899181141883,3.97983622837376,1.98991811419069,4.97479528546728,2.98487717128171,3.97983622837671,1.98991811418819,3.97983622837444,4.97479528546694,4.9747952854666,3.97983622837353,2.98487717128046,3.97983622838046,1.9899181141883,3.97983622837364,2.98487717128069,1.25055521493778e-12,2.98487717128069,1.9899181141883,1.98991811418784,4.97479528546648,7.95966741893176,1.98991811418773,2.98487717128046,2.98487717128125,1.98991811418659,1.98991811419432,5.96975434256012,1.98991811418693,1.98991811418739
1.9899181141883,3.97983622837376,1.98991811419069,4.97479528546728,2.98487717128171,3.97983622837671,1.98991811418819,3.97983622837444,4.97479528546694,4.9747952854666,3.97983622837353,2.98487717128046,3.97983622838046,1.98991811418739,3.97983622837364,2.98487717128069,1.25055521493778e-12,2.98487717128069,1.9899181141883,1.98991811418784,4.97479528546648,7.95966741893176,1.98991811418773,2.98487717128012,2.98487717128125,1.98991811418659,1.98991811419432,5.96975434256012,1.98991811418693,1.98991811418739
1.98991811418659,3.97983622837376,1.98991811419069,4.97479528546728,2.98487717127989,3.97983622837671,1.98991811418819,3.97983622837444,4.97479528546694,4.9747952854666,3.97983622837353,2.98487717128046,3.97983622838046,1.98991811418659,3.97983622837364,2.98487717127989,1.25055521493778e-12,2.98487717128069,1.9899181141883,1.98991811418671,4.97479528546648,7.95966741893176,1.98991811418773,2.98487717128012,2.98487717128125,1.98991811418659,1.98991811419432,5.96975434256012,1.98991811418693,1.98991811418659
1.98991811418659,3.97983622837319,1.98991811418659,4.97479528546648,2.98487717127989,3.97983622837319,1.98991811418659,3.97983622837319,4.97479528546648,4.97479528546648,3.97983622837319,2.98487717127989,3.97983622837319,1.98991811418659,3.97983622837319,2.98487717127989,0,2.98487717127989,1.98991811418659,1.98991811418659,4.97479528546648,7.95966741892721,1.98991811418659,2.98487717127989,2.98487717127989,1.98991811418659,1.98991811418659,5.96975434255978,1.98991811418659,1.98991811418659
1.98991811418659,3.97983622837319,1.98991811418659,4.97479528546648,2.98487717127989,3.97983622837319,1.98991811418659,3.97983622837319,4.97479528546648,4.97479528546648,3.97983622837319,2.98487717127989,3.97983622837319,1.98991811418659,3.97983622837319,2.98487717127989,0,2.98487717127989,1.98991811418659,1.98991811418659,4.97479528546648,7.95966741892721,1.98991811418659,2.98487717127989,2.98487717127989,1.98991811418659,1.98991811418659,5.96975434255978,1.98991811418659,1.98991811418659
1.98991811418659,3.97983622837319,1.98991811418659,4.97479528546648,2.98487717127989,3.97983622837319,1.98991811418659,3.97983622837319,4.97479528546648,4.97479528546648,3.97983622837319,2.98487717127989,3.97983622837319,1.98991811418659,3.97983622837319,2.98487717127989,0,2.98487717127989,1.98991811418659,1.98991811418659,4.97479528546648,7.95966741892721,1.98991811418659,2.98487717127989,2.98487717127989,1.98991811418659,1.98991811418659,5.96975434255978,1.98991811418659,1.98991811418659
1.98991811418659,3.97983622837319,1.98991811418659,4.97479528546648,2.98487717127989,3.97983622837319,1.98991811418659,3.97983622837319,4.97479528546648,4.97479528546648,3.97983622837319,2.98487717127989,3.97983622837319,1.98991811418659,3.97983622837319,2.98487717127989,0,2.98487717127989,1.98991811418659,1.98991811418659,4.97479528546648,7.95966741892721,1.98991811418659,2.98487717127989,2.98487717127989,1.98991811418659,1.98991811418659,5.96975434255978,1.98991811418659,1.98991811418659
0,3.97983622837319,1.13686837721616e-13,4.97479528546648,0.44781866950234,0,1.98991811418659,1.13686837721616e-13,4.97479528546648,4.97479528546648,2.98487717128023,2.98487717127989,3.97983622837319,1.98991811418659,3.97983622837319,0,0,2.98487717127989,0.994959057093297,1.98991811418659,0.994959057093297,7.95966741892721,1.98991811418659,0.994959057093297,4.37125891039614e-10,1.98991811418659,1.98991811418659,5.96975434255978,1.98991811418659,0.994959057093411
