207.329065936208,159.537775116427,204.594622340482,146.281041378013,169.79520367742,140.967136681604,155.335826753156,167.858573893966,204.382811630541,211.646177307545,221.498540494409,219.874312900517,186.46929991596,127.689342378719,255.080772709965,164.147751789909,236.24138717725,170.509607666609,227.384334870196,196.211650734445,170.393792455396,168.252751609191,166.798432644717,123.641018096502,162.334675539141,192.695270179043,148.365091364532,145.782057627366,224.994432359049,89.7142996596108
150.868647976131,159.537775116427,196.915874329534,146.281041378013,148.541937496341,140.967136681604,155.335826753156,167.858573893966,186.510588486249,122.612543335733,203.376770577658,195.908071874045,186.46929991596,127.689342378719,255.080772709965,164.147751789909,236.24138717725,170.509607666609,173.836772679479,170.990303812305,170.393792455396,168.252751609191,166.798432644717,123.641018096502,147.768662762474,192.695270179043,148.365091364532,145.782057627366,126.507348049429,89.7142996596108
115.962315614394,159.537775116427,112.485985432198,146.281041378013,99.8856361609064,140.967136681604,155.335826753156,167.858573893966,186.510588486249,122.612543335733,203.376770577658,195.908071874045,120.920490584408,102.791049407978,232.365698235571,164.147751789909,143.531642418106,115.795589937073,128.990607205572,132.631825501753,170.393792455396,168.252751609191,152.992311455459,123.641018096502,147.768662762474,118.556231785057,110.743477598924,142.467327061892,119.721935960657,89.7142996596108
103.715152158236,157.771229953011,112.485985432198,128.404682933604,99.8856361609064,103.4555059309,155.335826753156,95.3050139624384,186.510588486249,122.612543335733,148.416271747342,126.772287113612,120.920490584408,102.791049407978,189.966069423651,164.147751789909,129.948792418017,91.0099534887522,128.990607205572,132.631825501753,147.24617502039,150.99824010513,152.992311455459,123.641018096502,132.822674470509,118.556231785057,110.743477598924,142.467327061892,112.160732471149,89.7142996596108
103.715152158236,112.276143021719,112.485985432198,83.8805885576762,85.6960197877615,103.4555059309,122.182823770776,95.3050139624384,186.510588486249,122.612543335733,123.896975304378,113.008318209746,120.920490584408,102.791049407978,102.098079649834,153.034977706868,129.948792418017,91.0099534887522,106.013464327053,96.1461761622641,113.109557203616,149.316626970989,152.992311455459,111.085494746216,132.822674470509,118.556231785057,110.743477598924,99.9504218240963,78.5453472519248,72.8585776147092
73.448635107995,46.6044277414467,109.537958780952,83.8805885576762,76.0887550413208,89.279423003155,101.367079155045,95.3050139624384,176.43743528812,99.4242913791736,86.4392674606083,113.008318209746,55.7007520073362,90.3434382983874,89.9123287969624,106.264673034601,80.8374107066247,64.2039645453724,106.013464327053,94.0128151312642,86.7042521215672,83.1766599281827,109.911511498559,106.696684247195,115.901321930948,94.3544435788858,83.6591920732158,99.9504218240963,78.5453472519248,72.8585776147092
73.448635107995,46.6044277414467,80.2621899258252,79.4815213520997,75.8525458642198,89.279423003155,83.6657352738166,56.3307113711071,92.0436410971156,89.563241093977,86.4392674606083,78.0731049610226,55.7007520073362,90.3434382983874,72.682920343409,90.6467460624076,79.5022020494589,48.2524201377164,79.3566944808294,82.2407172343828,77.3331033352042,83.1766599281827,51.9421736696495,90.5179943706839,86.6555450913966,78.3986578397435,56.1397582410327,86.506543864497,78.5453472519248,72.8585776147092
58.6077253661711,45.9707972244905,54.3848844457702,57.8127051908355,58.78028395514,54.1085927266558,61.024897665241,56.3307113711071,65.5696366181123,76.8810299123516,71.2054159025811,61.4312570708735,50.7124467942822,80.8458485070742,59.9991655617646,79.4863306871839,66.5741605073072,41.5536044856115,70.2785868602409,75.3841758219296,69.7354026720964,83.1766599281827,51.9421736696495,56.8551621501924,65.9298753855596,60.9462036948476,56.1397582410327,77.6722506601914,52.5884465317049,65.2207737917615
58.6077253661711,32.6061590445338,45.721731692908,49.952327970444,48.390851219558,54.1085927266558,49.7557658029891,56.3307113711071,65.5696366181123,45.5895878108486,53.9509219891829,39.1064686937748,30.8315730671261,53.4401595860563,35.6272407574477,65.4916917289302,61.1935338525395,39.040267686408,39.7139732507819,75.3841758219296,45.7101247966932,66.094865760193,48.4590443233842,56.2776477689449,65.9298753855596,46.8661596497514,55.5388751596129,48.4025943015108,38.7848257285264,30.3716736633164
32.6250415213176,28.2815983950393,25.5791345186965,36.9973065091563,33.7628359258235,36.1881412952905,26.613066285649,31.3647651055226,24.7818686296675,25.9571405356321,29.0795278287269,27.4076247027283,29.0640926478898,17.6632364070329,22.9783188642816,49.7020179947781,55.8767858526721,26.1143474241089,39.7139732507819,46.8381312121767,29.8667084301342,44.4413526522562,23.1402101533856,37.1595822653344,47.9421645379082,31.6648830235617,55.5388751596129,35.9547389660688,24.5294343554979,18.0801274318869
22.8939015964131,28.2815983950393,13.3121145840719,36.9973065091563,24.5691085764727,27.0946356892669,8.80260066130245,25.9441946548807,7.27871253605144,3.61223251243132,11.3046007506673,7.04324433243914,25.7170075740171,9.68837173372367,22.9783188642816,17.221298158219,23.7145084707497,26.1143474241089,26.6485515495549,25.1013587473801,23.1026463028347,34.2086861035345,6.51027486343492,23.5071419857147,46.2919603808903,20.463942257323,29.9929766100634,28.5305426491245,11.7714567399303,4.08667724109955
21.124360838033,28.2815983950393,13.3121145840719,11.5006091336704,1.15151802245509,21.8499479322725,1.70579493853461,21.1060721366423,1.71744223531937,0.0355098679303865,0.728898710400244,1.63289076859292,22.5260743563813,9.68837173372367,22.9783188642816,1.70495685745004,7.57144640233514,26.1143474241089,21.8172971974489,21.5019063092811,16.5971673667032,24.2470137576142,1.67580216545412,4.36620821803285,26.3723423584254,20.1525043129498,25.8105183145124,21.2501989297693,11.7714567399303,3.00607187660626
6.33056923788877,28.2815983950393,13.3121145840719,3.16132030088738,1.15151802245509,0.787921489038581,0.545004345251755,21.1060721366423,1.63340633237681,0.0352349721440532,0.634763373757323,1.6248868148391,21.8809959292469,9.68837173372367,22.9783188642816,1.62153051261703,3.64685390387149,26.1143474241089,21.1548924442575,21.2701775140686,1.99786715032724,2.44293378151883,1.67510271617516,1.31320383750972,22.7816056308554,20.1291338831968,25.6090874989204,3.90296250704637,11.7714567399303,1.49452500897701
0.730023077370333,28.2815983950393,13.3121145840719,1.56175782353989,1.15151802245509,0.624192242414665,0.545004345251755,20.92775153504,1.63340633237681,0.0352349721440532,0.634763373757323,1.6248868148391,21.8809959292469,9.68837173372367,22.9783188642816,1.62153051261703,1.61929426799747,26.1143474241089,1.30453642839916,21.0640811821449,1.31775694440444,0.625613717399801,0.661341073679978,1.12080023133376,1.64686556834113,20.1019860473994,25.4281325268946,3.66617044930376,11.7714567399303,1.44634764619673
0.628362869071452,20.7343782998189,0.994959075938368,1.56050589371716,1.04425679347264,0.624116969079296,0.0480729435623743,1.00945418430069,1.6190583806324,3.01611180475447e-09,0.62409932202263,1.61905838154144,21.8217885376923,0.624099648238825,2.72611117189172,1.61905838175085,1.61929426799747,20.1601315165897,0.503802148871955,20.7467020748197,0.626007929246725,0.624223492049396,0.643076126581946,1.12080023133376,1.62900701129138,20.067864099093,24.7177523989087,3.27243472584018,0.624154590082526,1.43066576987417
0.0140160738762916,20.7044010600264,0.994959057406732,1.04518614042399,0.625044270343778,0.624099320574487,2.54453880188521e-09,0.307303963831828,1.61905837903259,1.28466126625426e-10,0.624099321589938,1.61905838119469,21.0303680747679,0.624099320690675,2.16569933844721,1.61905837770428,1.61905837848599,20.0521170061099,0.0436774156785305,20.0000636941704,0.624099321747508,0.62409932095693,0.624099321481708,0.624353163956584,1.61905837823724,20.005735702269,24.6060737022488,2.64500486460815,0.624099321213407,1.00312717354313
