431.444423901678,551.076137072123,386.539507018874,639.066299667404,364.411588849412,438.986819561928,459.605357974368,525.449543342886,366.587270952643,458.088672836274,490.201844223497,476.843371014475,397.800059319499,355.585066460789,306.956099036578,519.299272900837,594.253788152148,493.713007026892,498.725002011952,504.031001384975,501.791999583087,846.956378573481,584.065376537304,797.633729744365,241.52660512762,671.514364410435,533.815131621915,460.069792380207,473.466869928874,496.721101984395
297.872096807814,508.93917687318,386.539507018874,433.013795487737,268.958810789165,360.840260706502,459.605357974368,490.328706328226,313.287998823139,458.088672836274,351.431745861381,476.843371014475,364.181572661141,355.585066460789,306.956099036578,476.260981095143,334.858426004167,493.713007026892,365.719038328629,504.031001384975,351.87320828274,327.12612808627,359.757599996948,546.126238875124,241.52660512762,653.846509814159,533.815131621915,460.069792380207,473.466869928874,411.856658961145
297.872096807814,306.564771417688,386.539507018874,433.013795487737,241.742449115575,360.840260706502,459.605357974368,238.684388055212,313.287998823139,339.342962740108,351.431745861381,412.200877374585,364.181572661141,355.585066460789,306.956099036578,476.260981095143,272.917514189699,435.916757444733,365.719038328629,479.698915521591,342.649542660261,295.05874689751,275.399147571341,430.251004232,241.52660512762,411.52414563883,533.815131621915,335.62100920504,346.90194519498,398.058044424584
297.872096807814,306.564771417688,286.358708827064,378.896945265331,241.742449115575,286.114870115728,459.605357974368,238.684388055212,313.287998823139,339.342962740108,351.431745861381,412.200877374585,364.181572661141,309.495668755958,306.956099036578,476.260981095143,272.917514189699,317.584131396237,241.916043702594,453.410857408905,320.205892177333,295.05874689751,275.399147571341,430.251004232,241.52660512762,367.467253781527,438.574085385028,318.284393181482,346.90194519498,281.561450466194
297.872096807814,248.871220749867,223.431969045174,332.480079291605,241.742449115575,286.114870115728,406.847997033771,208.095925820437,287.920415397897,317.183476313443,302.720971123263,330.327368142135,315.819155316415,308.137740225191,276.917298128062,232.835503576661,272.917514189699,202.437094277651,241.916043702594,266.987646667343,287.962433234003,295.05874689751,265.43863175081,348.866253176812,241.52660512762,246.725839730554,345.901986164421,260.747499100409,290.989492433301,277.41188848894
251.097184519537,223.227849999716,206.728883523895,324.464616967386,215.731858798165,264.847076862037,274.853998614054,208.095925820437,258.98122785673,264.850139838744,302.720971123263,288.919154006471,276.838600537105,283.155479969446,258.044973458035,232.835503576661,209.728402070351,202.437094277651,217.885834770268,245.942318091655,241.755148795779,211.054103556596,227.946999748998,237.320994700422,241.52660512762,186.457468339131,272.555874722371,198.510106031158,281.139513133941,251.438325973761
214.974914177797,212.585356552972,197.859993684747,259.461707014334,182.843014255176,215.627251624122,217.804650682735,200.583250904207,196.721467088485,207.21712016427,200.685730705786,253.578096563924,216.990615045719,232.943026939266,209.818726604656,198.19179916162,209.728402070351,189.481995853228,190.400964884342,224.554706817468,220.121697734204,192.549014251441,203.662147615201,197.615450335628,220.934208882634,186.457468339131,216.323208542579,195.592935253798,199.857055485455,209.194907396353
173.001052224877,179.196587770985,175.974835639725,205.670862229746,179.876185893087,181.509123592722,188.897083229686,184.44049122163,182.4988276959,182.831500063548,178.230030996944,221.126467066189,182.666483676083,180.139941004224,175.920635266282,180.315280187563,177.539409915949,177.131788602334,174.765153207802,202.765586106001,176.334863425887,179.609068601869,180.187772446341,183.200825229017,208.564960655278,176.134707276495,181.882097858906,176.127416823582,181.744523734644,185.130229131988
168.422641322244,170.925591626925,169.158328647286,171.926427619293,169.159037190553,166.738869025688,171.419934328999,170.683044753706,167.556139547903,177.844089941656,169.980150262977,171.260603176461,170.923512234448,171.248486253977,171.456874355845,167.246746916196,168.171617631621,169.886680464764,166.155566972358,170.371802558486,170.211713842016,172.9552531076,168.636584551653,169.268842922377,174.337889993437,169.679073193904,169.388463449671,169.753122353565,175.0875976358,168.31041918875
165.013563388933,165.064378318452,165.020808490843,165.219815400208,165.010616077182,165.094927103841,165.176133546279,165.194792486663,165.074069332214,171.912277520963,165.12850861665,167.488271489085,165.157915367664,165.096039594257,165.090013710135,165.147031201627,165.116068869122,165.108444025541,164.985367488727,165.535793883182,165.341079302849,165.111253014736,165.144280708054,167.731330078902,166.168287854438,165.437108829106,165.072705160909,165.412127465441,165.505021173205,165.353416637268
164.922504691915,164.931737879697,164.931468044198,164.932395549915,164.931497745732,164.931505375777,164.932722973801,164.923094250577,164.932165829607,171.461365564878,164.932840725627,167.164479767182,164.923097348715,164.932578002862,164.924232409496,164.922326491794,164.932048412895,164.932683269504,164.931505375116,165.216749099389,165.214598897764,164.932437554101,164.9319283513,167.532264406804,165.58123697574,165.21612743171,164.922702040008,165.215126280641,164.933150729802,165.101118786765
164.921941807997,164.931008337019,164.931008155108,164.931008577095,164.931008096286,164.931008174758,164.93100846079,164.921942253453,164.931008286734,171.445454160492,164.931008612083,167.162996581074,164.921941979631,164.931008593654,164.921942574104,164.921941621474,164.931008165966,164.931008453027,164.931008013155,165.212616410745,165.212611687169,164.931008209073,164.93100836266,167.53017251266,165.579177082521,165.212616797378,164.921942197151,165.212610806684,164.931008269356,165.097296624135
164.921941568002,164.931007902909,164.931007902909,164.931007902911,164.931007902908,164.931007902908,164.931007902908,164.921941568005,164.93100790291,171.445388913432,164.931007902911,167.162995713324,164.921941568002,164.931007902909,164.921941568005,164.921941568001,164.931007902908,164.931007902908,164.931007902907,165.212605598483,165.212605597988,164.931007902909,164.931007902908,167.530169743453,165.579176740362,165.212605599262,164.921941568002,165.212605598179,164.931007902911,165.097282941875
164.921941568,164.931007902907,164.931007902907,164.931007902907,164.931007902907,164.931007902907,164.931007902907,164.921941568,164.931007902907,171.445388888967,164.931007902907,167.16299571332,164.921941568,164.931007902907,164.921941568,164.921941568,164.931007902907,164.931007902907,164.931007902907,165.212605597661,165.212605597661,164.931007902907,164.931007902907,167.530169743386,165.579176740358,165.212605597661,164.921941568,165.212605597661,164.931007902907,165.097282938968
164.921941568,164.931007902907,164.931007902907,164.931007902907,164.931007902907,164.931007902907,164.931007902907,164.921941568,164.931007902907,171.445388888967,164.931007902907,167.16299571332,164.921941568,164.931007902907,164.921941568,164.921941568,164.931007902907,164.931007902907,164.931007902907,165.212605597661,165.212605597661,164.931007902907,164.931007902907,167.530169743386,165.579176740358,165.212605597661,164.921941568,165.212605597661,164.931007902907,165.097282938968
164.921941568,164.931007902907,164.931007902907,164.931007902907,164.931007902907,164.931007902907,164.931007902907,164.921941568,164.931007902907,171.445388888967,164.931007902907,167.16299571332,164.921941568,164.931007902907,164.921941568,164.921941568,164.931007902907,164.931007902907,164.931007902907,165.212605597661,165.212605597661,164.931007902907,164.931007902907,167.530169743386,165.579176740358,165.212605597661,164.921941568,165.212605597661,164.931007902907,165.097282938968
