1367.62409886903,1599.67820969826,531.189532549014,2485.61215553299,1582.57387906319,906.904181020744,277.537724316413,2338.39502781537,1713.22901381834,1307.21501852439,2431.76642051491,1276.99936553834,2327.51911936329,348.371924880778,767.811899633859,806.541283844072,2288.92960680041,1562.08658680387,1045.86313508632,1313.64324583015,2645.7977149695,1423.90095438727,1144.45408816771,2671.92082101166,1020.93509259908,648.620675503177,2295.44669755356,1507.88512044157,3107.89628636883,2690.53922392088
1367.62409886903,1151.88079707491,531.189532549014,1339.15645835037,461.638800664992,906.904181020744,277.537724316413,2071.85182247849,1213.42122210549,397.85862506703,2431.76642051491,1276.99936553834,2020.20471266176,348.371924880778,767.811899633859,806.541283844072,1373.79482355525,1562.08658680387,973.381179686174,1313.64324583015,1035.64520799321,1423.90095438727,1144.45408816771,2335.08693959588,1020.93509259908,358.221959719089,2295.44669755356,1353.41693321057,3107.89628636883,2690.53922392088
1169.5679669793,806.966557200787,531.189532549014,1339.15645835037,415.908693379343,785.938903289561,277.537724316413,1030.44764932071,1067.71971266544,327.833477223938,1149.04616645341,1231.19805529004,1351.91014579575,348.371924880778,767.811899633859,749.04258293903,508.723969731778,961.230317462943,973.381179686174,1007.27759616697,736.524369676372,1423.90095438727,1144.45408816771,1034.06053061382,431.517025829124,358.221959719089,2033.56361835415,460.404441232085,1892.95189212711,1122.00597142947
983.045261875158,661.7764397327,531.189532549014,1339.15645835037,415.908693379343,785.938903289561,277.537724316413,663.392338251753,1067.71971266544,327.833477223938,946.07864752216,468.341865899343,996.037437423023,348.371924880778,767.811899633859,429.460170541309,464.487778983506,666.873694146706,973.381179686174,405.370515838103,485.452751445241,1423.90095438727,639.96761194221,304.709370405231,431.517025829124,358.221959719089,1385.9355121051,428.084151004404,1221.6171626324,991.748721547765
983.045261875158,233.042903340362,531.189532549014,796.952153056906,415.908693379343,785.938903289561,210.614364227075,453.444348231524,987.158046203786,167.348789113329,656.989386770283,468.341865899343,432.209273233078,327.236147646266,346.682061601793,245.470015177949,464.487778983506,440.913432167711,207.937841368046,246.573635753229,271.410916266867,452.980777862354,639.96761194221,304.709370405231,425.793449710402,291.654088876919,788.590459039679,320.828080442771,1162.4914071662,451.480440618434
393.409956360201,142.058342532975,263.015046327377,499.594018281522,280.590790522265,429.533759431822,131.132943033694,123.530396385273,177.253978411178,143.16783715174,450.735277585331,388.276671053648,88.8444478790478,131.742949257301,254.123082271157,186.135356138265,164.180613507315,234.799022654548,130.753695694832,138.215462446012,137.785429952512,235.363093825815,145.481541947742,292.437384585659,275.157811881839,142.882955399275,171.643176807428,199.266943924944,777.309988618955,229.728677517853
120.481049516332,97.2197120794692,85.3937295867705,99.5753624106381,129.029931485814,112.950823904801,92.1620734596322,90.2410725168796,108.691322834883,106.830805001449,105.427046060375,121.288545063441,87.4936221693811,46.5576836543016,155.259938252587,78.5102270898271,64.5337604892704,130.555449074618,109.9526344176,89.6483965212657,99.5922027277198,133.826885899422,87.6766087590294,104.938770952323,100.2392135053,92.3016294974407,139.878021083875,87.2676813720925,212.283717954206,62.4126888920509
29.8646975475945,57.7681408739071,23.6446863239283,80.7822039702238,75.8730626512487,68.6030616181936,69.0829755442708,38.3284328618508,76.7987963256343,55.007420383526,54.2112530049023,72.7161097071919,67.7556890514282,15.833139858105,40.658950482358,65.5911287870868,21.6914169870866,74.797863516057,73.4035893011085,76.0769555507368,17.1353722724633,46.4379620728032,22.095035418023,78.3027043831435,51.9223660917813,37.7666420124856,61.4906205033803,22.1584607725296,84.7749135738162,42.7360704572928
0.77998626065488,7.13343055944455,10.2572816481595,32.6596472690784,5.94532961962574,6.5158176731868,5.42290783942173,7.30229036349044,7.93221673620593,0.610390617590156,6.39461209742615,4.37574208714244,5.87836283767388,9.64723099524321,2.49236783895088,2.25246660914473,0.638965372171697,7.03877473317721,1.77174879558561,17.0758057270124,10.0544687555226,1.72675618212673,10.6857995469594,7.69945627415353,5.054060587214,11.2019898614498,13.7932921356222,5.76176152916264,6.57226259688844,5.28459040463366
0.0548205778970328,4.53079682498804,8.95770474845574,0.367419310485559,0.257216322004524,0.203500277573823,4.20547813778052,5.26511120413721,0.392845682871723,0.0505104901805566,4.04065081521964,0.204725295316166,4.11922361666427,8.9563726253661,0.363779306968354,0.022091399326996,0.098069639614323,4.4515170159915,0.134693717373125,4.07517448364422,8.93979804668555,0.140243844816723,8.94846533091919,4.20255274466837,0.380996586849278,0.364941281055337,0.415269509238897,4.34995003049215,4.51201102114294,4.3677982693851
5.80013550006697e-05,3.9870312788243,8.91632606401322,0.000363665072143249,0.00017050255473805,0.000263139513208444,3.98669248065477,3.98700101093641,0.000999598216765207,8.73716651312861e-05,3.98667988762531,0.000170362583503447,3.98664325027971,8.91622421255323,0.000125858633737153,0.000133389826373786,4.07931037784692e-05,3.98682228646805,7.18680776685687e-05,3.98663914581067,8.9162190141729,5.41123316679659e-05,8.91633798001175,3.98678170555411,0.000142313023900442,0.000830643845858958,0.000943487779466068,3.98662533665282,3.98697516903115,3.98683151725368
3.71716168956482e-09,3.98657914299514,8.91610198974814,3.16404111799784e-08,1.02505168797506e-08,1.4715226370754e-08,3.98657913945971,3.98657914545987,4.92224785375583e-08,5.4715769692848e-09,3.98657911740071,1.54008148456342e-08,3.98657912025709,8.91610199779853,9.51661149883876e-09,1.4644967905042e-08,2.38668462770875e-09,3.98657912306857,6.64857680021669e-09,3.98657912500181,8.9161019705129,9.51786205405369e-09,8.91610198481322,3.9865791336988,1.03919433058763e-08,1.7598381418793e-08,1.45554963637551e-08,3.98657911864512,3.98657915351117,3.98657913355203
0,3.98657911234716,8.91610192778171,0,0,0,3.98657911234716,3.98657911234716,5.6843418860808e-14,0,3.98657911234716,0,3.98657911234716,8.91610192778148,0,0,0,3.98657911234716,0,3.98657911234716,8.91610192778148,0,8.9161019277816,3.98657911234716,0,0,0,3.98657911234716,3.98657911234716,3.98657911234716
0,3.98657911234716,8.91610192778131,0,0,0,3.98657911234716,3.98657911234716,0,0,3.98657911234716,0,3.98657911234716,8.91610192778131,0,0,0,3.98657911234716,0,3.98657911234716,8.91610192778131,0,8.91610192778131,3.98657911234716,0,0,0,3.98657911234716,3.98657911234716,3.98657911234716
0,3.98657911234716,8.91610192778131,0,0,0,3.98657911234716,3.98657911234716,0,0,3.98657911234716,0,3.98657911234716,8.91610192778131,0,0,0,3.98657911234716,0,3.98657911234716,8.91610192778131,0,8.91610192778131,3.98657911234716,0,0,0,3.98657911234716,3.98657911234716,3.98657911234716
0,3.98657911234716,8.91610192778131,0,0,0,3.98657911234716,3.98657911234716,0,0,3.98657911234716,0,3.98657911234716,8.91610192778131,0,0,0,3.98657911234716,0,3.98657911234716,8.91610192778131,0,8.91610192778131,3.98657911234716,0,0,0,3.98657911234716,3.98657911234716,3.98657911234716
