69.3214379620445,169.535862366591,36.4206465032885,49.3273454515866,66.6749549471724,45.2573824646483,52.2445984124161,32.7203577870573,37.9889656558835,50.2798149310438,54.1679573808728,109.964686928081,40.2232269632264,45.4861139802488,43.7347775311096,66.3359662610633,53.6464820285441,46.6020797764199,53.9013937897107,51.4573842538816,54.4324222040905,57.4271716236944,86.5005681844445,59.9195164412599,45.9342873447872,36.8294123424621,65.433394481207,63.6344770087999,47.4884732953283,108.426628120317
31.3468128316085,58.9562600634777,32.5530309976816,32.0761877297336,34.9034342912228,38.1203621261602,35.5885059718671,26.5434835946294,37.9889656558835,38.5540593358592,33.6457712383626,39.8820583794491,37.2815204899298,34.0053461177731,34.9163595174173,35.5643832101828,33.4757563110998,36.4452102472005,41.7339871699637,39.6616907983448,46.6176600395797,43.8013652919285,45.5418062518979,45.4129952831495,39.7299158040223,28.8652572923143,38.3127721010187,38.1712501193356,47.4884732953283,42.6712572031574
31.3468128316085,34.2902483459798,32.5530309976816,28.6458035201158,34.9034342912228,37.1908241243268,29.2849353199235,26.5434835946294,31.0187321177368,32.3588325500041,30.4417761846057,34.6198715424352,33.8510484160738,34.0053461177731,33.8954324268043,30.8161592394936,33.4757563110998,33.1619978422227,35.597413238957,38.4617019514485,35.2996853271238,43.8013652919285,37.8783798105997,33.121209037718,36.8881283653859,28.8652572923143,38.1321420295253,32.5002107705154,41.9133240744982,31.9309965032226
29.6211430744079,29.9967113224316,30.6357430517764,28.6458035201158,34.9034342912228,32.7946904704181,29.2849353199235,26.5434835946294,29.9587608044858,32.3588325500041,30.4417761846057,32.9988576999403,29.1675740941241,31.9338646778015,29.0514626789773,30.8161592394936,27.7686450978886,33.1619978422227,34.706710601552,35.3298922870745,27.5314709140453,31.8758500674221,37.8783798105997,33.121209037718,30.1049932101223,27.6798133846059,30.4341103273478,32.5002107705154,36.0874897702734,30.574068016339
28.2739124684995,29.9967113224316,24.7168867674181,25.3321832124643,27.0177618006496,18.2035475860284,21.891919967532,26.5434835946294,25.837171671848,27.6517330238162,26.81322688813,21.1860348388909,26.3223302866727,20.3650076105355,25.3339751790613,30.3205793970974,26.5273690335307,25.4921194198391,24.2121794689351,25.8350179569338,26.1746092568496,25.642172233906,15.2262098376759,30.820270143206,30.1049932101223,27.6798133846059,30.4341103273478,24.815280375255,25.7418736900181,24.2720045472443
25.6442669036942,25.2189424613061,23.8601165495952,24.3571369101614,8.87621551686107,6.33248394841212,10.7514365399206,23.8456862241105,25.0422066838678,12.0657313480174,24.361730240701,6.25222317197404,24.248256203291,10.8153239751073,25.1312649104598,25.964539598222,13.715643954878,25.0703792356126,24.2121794689351,14.2674927725934,24.6004848292864,24.5712111247481,8.79240115891116,25.872597592348,25.2764187480529,20.1501487817195,15.0678171704253,24.815280375255,8.42058148288834,24.2720045472443
23.4444209812532,24.2277911719516,10.2425601795931,24.3354662867259,7.52452706301619,6.28350262016556,6.53724845394891,23.8456862241105,23.3054954570875,8.92937321045292,24.0720252609794,4.82577261631059,24.248256203291,7.15716822656395,25.1312649104598,25.6075102165996,9.11795913545939,25.0703792356126,19.673854489055,7.16425467836052,24.6004848292864,24.1171278234801,6.6120159213815,25.7373377904746,5.90846975190743,9.2204040724705,9.65606604549566,24.4227365500892,6.03807155878894,24.2720045472443
23.4444209812532,24.2277911719516,6.11254660747363,24.3354662867259,6.08412715105351,4.81958124556195,6.53724845394891,23.8456862241105,23.3054954570875,5.91620828460054,24.0720252609794,4.82577261631059,24.248256203291,5.48099676694346,25.1312649104598,16.2160016481989,4.50484565427723,23.4863302594626,6.56212308431031,5.41351789045302,24.6004848292864,23.4772110639424,5.85202181836075,25.7373377904746,3.62225713395765,5.99560341708593,5.59690394458266,24.4227365500892,5.64587143342578,24.0387164217996
23.4444209812532,24.2277911719516,6.11254660747363,24.2481247703477,4.11718988235089,4.81958124556195,4.96940158267898,23.8456862241105,23.3054954570875,3.67161042200405,24.0720252609794,4.70044651644821,24.248256203291,2.56061823748951,25.1312649104598,8.06516168268263,4.50484565427723,23.4863302594626,6.44940437970217,4.77951648019507,24.2499657012213,23.0848073270831,4.50966026663809,25.171346992392,2.36879075648494,5.76141431977794,5.59690394458266,24.4227365500892,5.64587143342578,24.0387164217996
23.4444209812532,23.7271001958488,4.9149008041486,22.9688266760072,4.11718988235089,3.88526525386305,3.62995047383583,23.8456862241105,23.3054954570875,3.67161042200405,24.0720252609794,4.70044651644821,24.248256203291,2.56061823748951,23.8270080845232,6.80602593257345,4.50484565427723,23.4863302594626,4.50218900891969,3.865352066171,24.2499657012213,22.2190277398527,3.66166625326105,24.2050053285761,2.27450831838269,5.76141431977794,4.34588222086086,24.4227365500892,3.9462479724607,23.0863598395545
23.4444209812532,23.7271001958488,4.9149008041486,22.9688266760072,4.11718988235089,3.88526525386305,3.18103791749309,23.8456862241105,23.3054954570875,3.67161042200405,21.3703290148496,4.70044651644821,23.7610925259983,1.08384916764817,23.8270080845232,5.75876204055612,4.50484565427723,23.4863302594626,4.39532077994591,2.3277600471979,24.2499657012213,22.2190277398527,3.66166625326105,24.2050053285761,2.27450831838269,5.08542424789857,4.34588222086086,24.4227365500892,3.9462479724607,23.0863598395545
23.4444209812532,23.7271001958488,4.9149008041486,22.9688266760072,4.11718988235089,3.88526525386305,2.86965236882861,23.8456862241105,23.3054954570875,3.67161042200405,8.41755978369156,4.70044651644821,23.7610925259983,0.768636438987414,23.2014430128402,5.75876204055612,4.50484565427723,23.4863302594626,4.39532077994591,2.3277600471979,24.2499657012213,22.2190277398527,3.66166625326105,24.2050053285761,2.25526210828366,3.17739737577631,4.34588222086086,24.4227365500892,3.79061031901392,23.0863598395545
22.8150440971572,23.7271001958488,4.9149008041486,21.2666490567235,4.11718988235089,2.33506303875311,2.84601207370451,23.8456862241105,23.3054954570875,3.67161042200405,2.4367905283334,4.70044651644821,23.7090813028153,0.764297156481462,23.2014430128402,5.75874324132064,4.50484565427723,23.4863302594626,4.39532077994591,2.3277600471979,24.2499657012213,21.9565727736867,3.66166625326105,24.2050053285761,2.25526210828366,2.76485435682253,4.34588222086086,24.4227365500892,3.66346590912326,23.0863598395545
31.1804960164641,32.4572568033736,10.5370143191244,20.4909074466245,9.04011921116444,0.0164821929929531,7.71533152883239,33.3414731572839,29.9443398005278,6.97996387120111,1.37004434066921,13.7218184473782,28.8088425778533,0.753095588191627,31.2029294704457,7.54628058972457,13.2094339742093,31.8192030835412,8.02289581980403,8.06300299376653,30.1659025773652,27.3999327552992,7.14590614242843,28.3207061286021,4.49532653229244,7.93674900665428,15.8785842860898,27.9741657243035,10.8010218729578,29.9948424918957
