20.0418914485258
20.0002046123702
2.17778506339528e-09
0.994959057527467
0.625042969300239
0.00106710336376636
1.98991811439259
1.53022483573295e-10
0.00497180738761926
2.85945134237409e-09
0.994959057299184
0.00460505664796074
20.6760832710149
0.00028152235631751
19.9976766690472
0.624099321051062
0.624099320657251
0.000255024912348745
20.0000518923873
0.997427576333621
0.9949590595877
0.624099320769801
0.00037770832204842
0.624099322882785
8.55594039421703e-05
0.625071611326348
20.621939410928
0.00209238943716628
8.16094586753024e-05
0.626018969861207
