0.529970511593547
0.0723764443619075
20.743095462411
0.173517422616442
0.0466361280664387
0.750908410582269
20.5481559458144
0.195813289721173
0.286667044845672
0.135035894959401
0.151955968716265
0.402957273281118
20.1112200487778
0.131924326722583
0.133030381943627
0.188956408515878
20.0983079273292
0.638190396991831
0.66917000726653
0.756348927222007
0.292814103165711
0.228910212678329
0.142613025394894
20.2676072479903
0.81809434721572
20.4814726159102
0.806941670869946
0.242912361295566
0.0568005848786015
0.209268012293251
