0.994959061214558,0.624099323865266,22.65099382416,1.61905837938366,0.62409932395849,0.994959092385898,0.624099324630834,0.624099322429174,4.77962203149218e-09,20.7178195365543,0.994959059963548,0.624099322130178,20.4768577683026,1.61905837969857,24.533012119105,24.8327815185119,21.1186321860166,2.2579347769074,0.994962188264708,25.3129095079594,0.624099382089526,1.61905838023154,0.677315644806413,1.8560513126431e-09,4.53837856184691e-09,1.57024260261096e-09,0.994959059457869,0.624099353258998,2.96381585940253e-09,0.00111044881600719
0.994959061214558,0.624099323865266,22.65099382416,1.61905837938366,0.62409932395849,0.994959092385898,0.624099324630834,0.624099322429174,4.77962203149218e-09,20.2132983452684,0.994959059963548,0.624099322130178,20.4768577683026,1.61905837969857,24.533012119105,24.8327815185119,21.1186321860166,2.2579347769074,0.994962188264708,25.0539608440283,0.624099382089526,1.61905838023154,0.677315644806413,1.8560513126431e-09,4.53837856184691e-09,1.57024260261096e-09,0.994959059457869,0.624099353258998,2.96381585940253e-09,0.00111044881600719
0.994959061214558,0.624099323865266,22.65099382416,1.61905837938366,0.62409932395849,0.994959092385898,0.624099324630834,0.624099322429174,4.77962203149218e-09,20.2132983452684,0.994959059963548,0.624099322130178,20.4768577683026,1.61905837969857,24.533012119105,24.8327815185119,21.1186321860166,2.2579347769074,0.994962188264708,25.0539608440283,0.624099382089526,1.61905838023154,0.677315644806413,1.8560513126431e-09,4.53837856184691e-09,1.57024260261096e-09,0.994959059457869,0.624099353258998,2.96381585940253e-09,0.00111044881600719
0.994959061214558,0.624099323865266,22.65099382416,1.61905837938366,0.62409932395849,0.994959092385898,0.624099324630834,0.624099322429174,4.77962203149218e-09,16.5910392811513,0.994959059963548,0.624099322130178,20.4768577683026,1.61905837969857,24.533012119105,24.8327815185119,21.1186321860166,2.2579347769074,0.994962188264708,25.0539608440283,0.624099382089526,1.61905838023154,0.677315644806413,1.8560513126431e-09,4.53837856184691e-09,1.57024260261096e-09,0.994959059457869,0.624099353258998,2.96381585940253e-09,0.00111044881600719
0.994959061214558,0.624099323865266,20.3436008151227,1.61905837938366,0.62409932395849,0.994959092385898,0.624099324630834,0.624099322429174,4.77962203149218e-09,11.2817242288666,0.994959059963548,0.624099322130178,20.4768577683026,1.61905837969857,23.9547509458123,24.8327815185119,20.2239587024276,2.2579347769074,0.994962188264708,25.0539608440283,0.624099382089526,1.61905838023154,0.677315644806413,1.8560513126431e-09,4.53837856184691e-09,1.57024260261096e-09,0.994959059457869,0.624099353258998,2.96381585940253e-09,0.00111044881600719
0.994959061214558,0.624099323865266,20.3436008151227,1.61905837938366,0.62409932395849,0.994959092385898,0.624099324630834,0.624099322429174,4.77962203149218e-09,2.44834163324549,0.994959059963548,0.624099322130178,20.4768577683026,1.61905837969857,16.6129406722521,24.8327815185119,3.97351190473159,2.2579347769074,0.994962188264708,25.0539608440283,0.624099382089526,1.61905838023154,0.657324737895351,1.8560513126431e-09,4.53837856184691e-09,1.57024260261096e-09,0.994959059457869,0.624099353258998,2.96381585940253e-09,0.00111044881600719
0.994959061214558,0.624099323865266,20.0647017807617,1.61905837938366,0.62409932395849,0.994959092385898,0.624099324630834,0.624099322429174,4.77962203149218e-09,0.559159142025237,0.994959059963548,0.624099322130178,20.4768577683026,1.61905837969857,16.6129406722521,24.8327815185119,1.15229111555118,2.2579347769074,0.994962188264708,22.5379501672635,0.624099382089526,1.61905838023154,0.636166505837309,1.8560513126431e-09,4.53837856184691e-09,1.57024260261096e-09,0.994959059457869,0.624099353258998,2.96381585940253e-09,0.00111044881600719
0.994959061214558,0.624099323865266,20.0647017807617,1.61905837938366,0.62409932395849,0.994959092385898,0.624099324630834,0.624099322429174,4.77962203149218e-09,0.50332979433847,0.994959059963548,0.624099322130178,11.5733590948587,1.61905837969857,16.6129406722521,24.8327815185119,0.88623483379979,2.2579347769074,0.994962188264708,22.5379501672635,0.624099382089526,1.61905838023154,0.632231231366859,1.8560513126431e-09,4.53837856184691e-09,1.57024260261096e-09,0.994959059457869,0.624099353258998,2.96381585940253e-09,0.00111044881600719
0.994959061214558,0.624099323865266,20.0647017807617,1.61905837938366,0.62409932395849,0.994959092385898,0.624099324630834,0.624099322429174,4.77962203149218e-09,0.367639101240229,0.994959059963548,0.624099322130178,4.26073597050913,1.61905837969857,15.139150968123,24.8327815185119,0.846467515144468,2.2579347769074,0.994962188264708,22.5379501672635,0.624099382089526,1.61905838023154,0.630061308268978,1.8560513126431e-09,4.53837856184691e-09,1.57024260261096e-09,0.994959059457869,0.624099353258998,2.96381585940253e-09,0.00111044881600719
0.994959061214558,0.624099323865266,20.0647017807617,1.61905837938366,0.62409932395849,0.994959092385898,0.624099324630834,0.624099322429174,4.77962203149218e-09,0.267436735159208,0.994959059963548,0.624099322130178,0.330614188439995,1.61905837969857,15.139150968123,24.8327815185119,0.810374075435448,2.2579347769074,0.994962188264708,22.5379501672635,0.624099382089526,1.61905838023154,0.629578688512083,1.8560513126431e-09,4.53837856184691e-09,1.57024260261096e-09,0.994959059457869,0.624099353258998,2.96381585940253e-09,0.00111044881600719
0.994959061214558,0.624099323865266,20.0647017807617,1.61905837938366,0.62409932395849,0.994959092385898,0.624099324630834,0.624099322429174,4.77962203149218e-09,0.116318395106873,0.994959059963548,0.624099322130178,0.149852541815562,1.61905837969857,15.139150968123,24.8327815185119,0.760100805450065,2.2579347769074,0.994962188264708,19.5358244698598,0.624099382089526,1.61905838023154,0.629184037252116,1.8560513126431e-09,4.53837856184691e-09,1.57024260261096e-09,0.994959059457869,0.624099353258998,2.96381585940253e-09,0.00111044881600719
0.994959061214558,0.624099323865266,15.5755648390723,1.61905837938366,0.62409932395849,0.994959092385898,0.624099324630834,0.624099322429174,4.77962203149218e-09,0.10587971571772,0.994959059963548,0.624099322130178,0.121834126719477,1.61905837969857,15.139150968123,24.8327815185119,0.755887976196391,2.2579347769074,0.994962188264708,18.6537925105081,0.624099382089526,1.61905838023154,0.628948654811666,1.8560513126431e-09,4.53837856184691e-09,1.57024260261096e-09,0.994959059457869,0.624099353258998,2.96381585940253e-09,0.00111044881600719
0.994959061214558,0.624099323865266,15.5755648390723,1.61905837938366,0.62409932395849,0.994959092385898,0.624099324630834,0.624099322429174,4.77962203149218e-09,0.064815422808806,0.994959059963548,0.624099322130178,0.116873079016614,1.61905837969857,15.139150968123,24.8327815185119,0.717956920561392,2.2579347769074,0.994962188264708,18.6537925105081,0.624099382089526,1.61905838023154,0.628948236641463,1.8560513126431e-09,4.53837856184691e-09,1.57024260261096e-09,0.994959059457869,0.624099353258998,2.96381585940253e-09,0.00111044881600719
0.994959061214558,0.624099323865266,15.5755648390723,1.61905837938366,0.62409932395849,0.994959092385898,0.624099324630834,0.624099322429174,4.77962203149218e-09,0.0615227467976638,0.994959059963548,0.624099322130178,0.0618631405318411,1.61905837969857,15.139150968123,24.8327815185119,0.712774839476424,2.2579347769074,0.994962188264708,18.6537925105081,0.624099382089526,1.61905838023154,0.628906135934358,1.8560513126431e-09,4.53837856184691e-09,1.57024260261096e-09,0.994959059457869,0.624099353258998,2.96381585940253e-09,0.00111044881600719
