32.6861057716937,27.6188567787258,14.6106226267789,18.1256967583081,10.9790439128874,25.8860647733395,29.0330398057908,12.4286490430954,30.0225980736291,9.31181171634125,26.9171952651154,17.0007301613477,13.1956825071488,28.9716873143366,11.1269721993999,30.8222526411296,9.08320787677985,29.1914314091705,17.0573706088148,32.7128582827654,9.4561352761234,10.9146826740944,28.9870520915783,8.75661365003225,11.1591643785787,11.3378692368033,29.6059896755291,13.2484440341073,27.8371705885806,26.0173467296354
32.6861057716937,27.6188567787258,14.6106226267789,18.1256967583081,10.9790439128874,25.8860647733395,29.0330398057908,12.4286490430954,30.0225980736291,9.31181171634125,26.9171952651154,17.0007301613477,13.1956825071488,28.9716873143366,11.1269721993999,30.8222526411296,9.08320787677985,29.1914314091705,17.0573706088148,32.7128582827654,9.4561352761234,10.9146826740944,28.9870520915783,8.75661365003225,11.1591643785787,11.3378692368033,29.6059896755291,13.2484440341073,27.8371705885806,26.0173467296354
32.6861057716937,27.6188567787258,14.6106226267789,14.7857559964632,10.9790439128874,25.8860647733395,29.0330398057908,12.4286490430954,30.0225980736291,9.31181171634125,26.9171952651154,17.0007301613477,13.1956825071488,28.9716873143366,11.1269721993999,30.8222526411296,9.08320787677985,29.1914314091705,17.0573706088148,32.7128582827654,9.4561352761234,10.9146826740944,28.9870520915783,8.75661365003225,11.1591643785787,11.3378692368033,29.6059896755291,13.2484440341073,27.8371705885806,26.0173467296354
32.6861057716937,27.6188567787258,14.6106226267789,14.7857559964632,10.9790439128874,25.8860647733395,29.0330398057908,12.4286490430954,30.0225980736291,9.31181171634125,26.9171952651154,17.0007301613477,13.1956825071488,28.9716873143366,11.1269721993999,30.8222526411296,9.08320787677985,29.1914314091705,17.0573706088148,32.7128582827654,9.4561352761234,10.9146826740944,28.9870520915783,8.75661365003225,11.1591643785787,11.3378692368033,29.6059896755291,12.1926921447475,27.8371705885806,26.0173467296354
32.6861057716937,27.6188567787258,14.6106226267789,14.7857559964632,10.9790439128874,25.8860647733395,29.0330398057908,12.4286490430954,30.0225980736291,9.31181171634125,26.9171952651154,17.0007301613477,13.1956825071488,28.9716873143366,11.1269721993999,30.8222526411296,9.08320787677985,29.1914314091705,16.7663967386275,32.7128582827654,9.4561352761234,10.9146826740944,28.9870520915783,8.75661365003225,11.1591643785787,11.3378692368033,29.6059896755291,12.1926921447475,27.8371705885806,26.0173467296354
30.8757650880179,27.6188567787258,14.6106226267789,13.1290511888988,10.9790439128874,25.8860647733395,29.0330398057908,12.4286490430954,30.0225980736291,9.31181171634125,26.9171952651154,17.0007301613477,13.1956825071488,28.9716873143366,11.1269721993999,30.8222526411296,9.08320787677985,29.1914314091705,16.7663967386275,32.7128582827654,9.4561352761234,10.9146826740944,28.9870520915783,8.75661365003225,11.1591643785787,11.3378692368033,29.6059896755291,9.36153281830775,27.8371705885806,26.0173467296354
30.8757650880179,27.6188567787258,14.6106226267789,13.1290511888988,10.9790439128874,25.8860647733395,29.0330398057908,12.4286490430954,30.0225980736291,9.31181171634125,26.9171952651154,17.0007301613477,13.1956825071488,28.9716873143366,11.1269721993999,28.2539521521862,9.08320787677985,29.1914314091705,16.7663967386275,32.7128582827654,9.4561352761234,10.9146826740944,28.9870520915783,8.75661365003225,11.1591643785787,11.3378692368033,29.6059896755291,9.36153281830775,27.8371705885806,26.0173467296354
29.8585844900285,27.6188567787258,14.6106226267789,13.1290511888988,10.9790439128874,25.8860647733395,29.0330398057908,12.4286490430954,30.0225980736291,9.31181171634125,26.9171952651154,14.2549553094241,13.1956825071488,28.9716873143366,11.1269721993999,28.2539521521862,9.08320787677985,29.1914314091705,13.4079110499902,32.7128582827654,9.4561352761234,10.9146826740944,28.9870520915783,8.75661365003225,11.1591643785787,11.3378692368033,29.6059896755291,8.9710896695251,27.8371705885806,26.0173467296354
27.1230510963769,27.6188567787258,14.6106226267789,13.1290511888988,10.9790439128874,25.8860647733395,29.0330398057908,12.4286490430954,30.0225980736291,9.31181171634125,26.9171952651154,14.2549553094241,13.1956825071488,28.9716873143366,11.1269721993999,28.2539521521862,9.08320787677985,29.1914314091705,13.4079110499902,32.0230450576728,9.4561352761234,10.9146826740944,28.9870520915783,8.75661365003225,11.1591643785787,11.3378692368033,29.6059896755291,8.9710896695251,27.8371705885806,26.0173467296354
27.1230510963769,27.6188567787258,14.6106226267789,13.1290511888988,10.9790439128874,25.8860647733395,29.0330398057908,12.4286490430954,28.4727764763497,9.31181171634125,26.9171952651154,14.2549553094241,13.1956825071488,28.9716873143366,11.1269721993999,27.3350320470404,9.08320787677985,29.1914314091705,13.4079110499902,32.0230450576728,9.4561352761234,10.9146826740944,28.9870520915783,8.75661365003225,11.1591643785787,11.3378692368033,29.6059896755291,8.9710896695251,27.8371705885806,26.0173467296354
27.1230510963769,27.6188567787258,14.6106226267789,13.1290511888988,10.9790439128874,25.8860647733395,29.0330398057908,12.4286490430954,28.4727764763497,9.31181171634125,26.9171952651154,14.2549553094241,13.1956825071488,28.9716873143366,11.1269721993999,27.3350320470404,9.08320787677985,29.1914314091705,13.4079110499902,32.0230450576728,9.4561352761234,10.9146826740944,28.9870520915783,8.75661365003225,11.1591643785787,11.3378692368033,19.890871433076,8.9710896695251,27.8371705885806,26.0173467296354
27.1230510963769,27.6188567787258,14.6106226267789,13.1290511888988,10.9790439128874,25.5809564320739,29.0330398057908,12.4286490430954,28.4727764763497,9.31181171634125,26.9171952651154,14.2549553094241,13.1956825071488,28.0731951311423,11.1269721993999,27.3350320470404,9.08320787677985,29.1914314091705,13.4079110499902,31.4754643822325,9.4561352761234,10.9146826740944,28.9870520915783,8.75661365003225,11.1591643785787,11.3378692368033,19.890871433076,8.9710896695251,27.6403598320876,26.0173467296354
27.1230510963769,27.6188567787258,14.6106226267789,13.1290511888988,10.9790439128874,25.5809564320739,28.3062476201808,12.4286490430954,28.4727764763497,9.31181171634125,26.9171952651154,14.2549553094241,13.1956825071488,28.0731951311423,11.1269721993999,27.3350320470404,9.08320787677985,28.3041864000716,13.4079110499902,31.2705638631273,9.4561352761234,10.9146826740944,28.9870520915783,8.75661365003225,11.1591643785787,11.3378692368033,19.890871433076,8.9710896695251,27.6403598320876,26.0173467296354
27.1230510963769,27.6188567787258,14.6106226267789,13.1290511888988,10.9790439128874,25.5809564320739,28.3062476201808,12.4286490430954,23.4460648256222,9.31181171634125,26.9171952651154,14.2549553094241,13.1956825071488,24.1843808226649,11.1269721993999,27.3350320470404,9.08320787677985,28.3041864000716,13.4079110499902,29.2277870923731,9.4561352761234,10.9146826740944,28.9870520915783,8.75661365003225,11.1591643785787,11.3378692368033,19.890871433076,8.9710896695251,27.6403598320876,26.0173467296354
26.6934534468778,21.6894323552001,14.6106226267789,13.1290511888988,10.9790439128874,25.5809564320739,28.3062476201808,12.4286490430954,23.4460648256222,9.31181171634125,26.9171952651154,14.2549553094241,13.1956825071488,24.1843808226649,11.1269721993999,27.3350320470404,9.08320787677985,28.3041864000716,13.4079110499902,28.9307673087819,9.4561352761234,10.9146826740944,28.9870520915783,8.75661365003225,11.1591643785787,11.3378692368033,19.890871433076,8.9710896695251,25.7909015346208,22.3030013066718
26.6934534468778,21.6894323552001,14.6106226267789,13.1290511888988,10.9790439128874,25.5809564320739,25.9294286404856,12.4286490430954,23.4460648256222,9.31181171634125,26.9171952651154,14.2549553094241,13.1956825071488,24.1843808226649,11.1269721993999,27.3350320470404,9.08320787677985,23.3758346153122,13.4079110499902,27.0507593812049,9.4561352761234,10.9146826740944,28.9870520915783,8.75661365003225,11.1591643785787,11.3378692368033,19.890871433076,8.9710896695251,25.7909015346208,22.3030013066718
