102.051472890717,101.961336479084,101.849089846913,101.924490248936,101.857286794965,101.599464500866,101.322420706822,102.045550741917,4531.12102577442,101.65852341066,102.468525510104,101.729118031655,357.755902044063,374.135442937344,382.244625498761,101.470529937414,4408.0258017611,102.160197735693,101.529847628937,114.646574869978,362.441721992574,366.501159881654,367.924048581564,102.098564062187,101.410025953112,353.929265973446,445.145562046001,101.791752822351,512.552739783278,102.372452636951
101.047876582807,100.959217213887,100.994013147423,100.901918450204,101.018819483165,101.032940225263,101.034626658664,101.279388576117,4086.03833656181,100.967486971077,100.894914890514,100.898814640121,316.229443193879,338.256296372675,338.640401493186,101.328817509519,3993.69204649565,100.781424333217,100.983731209325,101.246989758436,331.485337899686,330.726809874351,313.399944681761,101.072813134308,101.104948810996,323.136731438412,352.304221664264,100.908785223088,374.608424062418,101.177577613588
101.047876582807,100.936340579649,100.747136926641,100.877331671351,100.97201703137,101.032940225263,100.763503529682,100.939798513647,3108.56922939049,100.967486971077,100.689001480589,100.796274815734,293.577792724656,308.986822928216,308.19981294067,101.079528403841,3212.31948441399,100.758831518012,100.963391128693,100.901318439712,319.743708667363,312.224981649631,306.241137385909,100.864293735249,100.855717445549,298.13013810819,304.870819008591,100.908785223088,332.075613547715,101.11446910861
100.794684692636,100.725927279808,100.704536382242,100.75484624417,100.82340702187,100.870848426188,100.763503529682,100.745490887492,2133.6757240184,100.967486971077,100.63309002617,100.572829121976,230.693766071832,230.04766763283,227.595042160012,100.934693749866,1032.98241221947,100.720480164972,100.896903504168,100.651055054292,245.998377281649,257.361165308159,236.060489626339,100.803630930064,100.855717445549,238.329044933022,236.035281080909,100.772238814208,284.020303520205,100.929026819147
100.760986148456,100.725927279808,100.69512787421,100.718531219381,100.568361063216,100.655842867587,100.763503529682,100.566310853795,1128.69693139889,100.967486971077,100.451720049552,100.572829121976,230.644919945577,219.236703463229,224.987646419001,100.916811854102,242.265962761885,100.650524132369,100.882727957023,100.531148475225,245.841961261959,217.529846632403,220.19056151438,100.766758790448,100.855717445549,220.095403865194,225.521515745353,100.657904952017,223.570817733371,100.768656773553
100.651905425632,100.592051667164,100.544764101632,100.555643060959,100.55352494595,100.651033694794,100.739512755761,100.566310853795,1.98861394392634,100.967486971077,100.372634944936,100.572829121976,212.917512172939,211.108280128652,216.847685956656,100.698997800008,6.96011806817205,100.646724263688,100.791685328745,100.516079096252,207.477997901882,216.581970871568,209.878369136573,100.62623751617,100.51032956893,209.864599365882,213.369491863466,100.657904952017,212.64240236585,100.744734593583
100.49794889497,100.437102053954,100.368756155809,100.55044024283,100.469265972607,100.430603945708,100.628687392977,100.523622581449,1.98861394392634,100.591288164266,100.372634944936,100.572829121976,212.770596194374,211.107510995923,216.847685912298,100.550162901098,6.95560821909476,100.573169470654,100.551794053535,100.454020450357,200.000018289921,216.581970608845,209.878359125083,100.465042533633,100.448230232588,209.863285158231,213.369491862748,100.467785205358,212.642396339591,100.594158817492
100.473215390544,100.437102053954,100.335033957923,100.386346569816,100.436308696379,100.4264631509,100.393113945906,100.410567294962,1.89493332837674,100.556258529858,100.372634944936,100.454628417966,212.770596194374,211.107510995923,216.847685912298,100.512494532169,6.95559701676893,100.523807006346,100.435966159777,100.41890370637,200.000000008475,216.581970608845,209.878359125083,100.459264177705,100.448230232588,209.863285158231,213.369491862748,100.386509053935,212.642396339591,100.515977086795
100.413762056359,100.340349412056,100.335033957923,100.374186408481,100.334050050122,100.342490570294,100.379860985262,100.396919253714,1.89493332837674,100.391942733929,100.358210388044,100.31860161824,212.770596194374,211.107510995923,216.847685912298,100.4227937259,6.95559701676893,100.454550938704,100.408809395029,100.407145425642,200,216.581970608845,209.878359125083,100.388811242389,100.334567846052,209.863285158231,213.369491862748,100.376807394854,212.642396339591,100.387653133421
100.403622875007,100.316047460993,100.327311308413,100.330159732265,100.268090415227,100.328725785896,100.342582925108,100.357486307981,1.89493332837674,100.362329508519,100.334215005845,100.297238737175,212.770596194374,211.107510995923,216.847685912298,100.376065215197,6.95559701676893,100.41511538043,100.368456257093,100.359719952952,200,216.581970608845,209.878359125083,100.387201010858,100.303315859068,209.863285158231,213.369491862748,100.373246504912,212.642396339591,100.319273735109
100.376648857798,100.312785283267,100.320856854955,100.316463123731,100.238685584966,100.28987963035,100.316195855261,100.339019175045,1.89493332837674,100.323676386771,100.280874924451,100.245138048542,212.770596194374,211.107510995923,216.847685912298,100.361196124228,6.95559701676802,100.394643756997,100.362964591172,100.346217861686,200,216.581970608845,209.878359125083,100.370871641681,100.279539818884,209.863285158231,213.369491862748,100.37272630295,212.642396339591,100.284017400221
100.373737576777,100.31230034471,100.320611408677,100.314818179846,100.237601926931,100.285062939451,100.315058500146,100.336255265462,1.89493332837674,100.319400664424,100.276808134581,100.240793695971,212.770596194374,211.107510995923,216.847685912298,100.357515775721,6.95559701676802,100.392879675056,100.362310564306,100.344586375636,200,216.581970608845,209.878359125083,100.367236435609,100.278395867683,209.863285158231,213.369491862748,100.363978813724,212.642396339591,100.280912271773
100.373266947441,100.312263203944,100.320509682258,100.314504392938,100.23730667272,100.284229994141,100.314631756974,100.336031799287,1.89493332837674,100.318860531188,100.276193442423,100.240149063939,212.581663880917,211.107510995923,212.650692349172,100.357263473159,6.95559701676757,100.392702625196,100.362226954921,100.344205560617,200,212.940038039229,209.878359125083,100.366583254254,100.278094447893,209.863285158231,212.403536385749,100.360932403807,212.642396339591,100.28019740618
100.36374090094,100.257378333153,100.316001259306,100.306962450728,100.237239766714,100.284151505723,100.314579419077,100.335982535221,1.89493332837674,100.318799896205,100.276125530919,100.240045595579,209.482894528687,207.477997907239,207.47799790474,100.335935727242,6.89408342226625,100.392656058562,100.343238768509,100.309665846489,200,209.482894528361,209.482894528496,100.366510557187,100.278011754694,207.477997900485,208.5415714925,100.326714869956,207.47799790058,100.280122018874
