5219.1847935457,6178.42298905708,7693.04573751958,7928.81383159988,6035.02445789533,7749.38386196907,7804.70978503401,7173.91181137524,6605.0764427283,6425.79436664269,6576.76974005801,8440.74962490085,4957.05605257483,7162.3742017465,9188.28779940513,6232.61838755697,5301.67716655235,8463.36126107991,8649.50220062302,8958.60038000721,7939.45410761238,7285.22031527585,8263.59440789543,7746.68235452049,8951.7631477276,5659.7457300163,8838.42987802792,4848.06736561593,7781.51690383101,8143.05833074061
5219.1847935457,6178.42298905708,7693.04573751958,7928.81383159988,6035.02445789533,7749.38386196907,7804.70978503401,7173.91181137524,6605.0764427283,6425.79436664269,6576.76974005801,8440.74962490085,4957.05605257483,7162.3742017465,9188.28779940513,6232.61838755697,5301.67716655235,8463.36126107991,8649.50220062302,8958.60038000721,7939.45410761238,7285.22031527585,8263.59440789543,7746.68235452049,8951.7631477276,5659.7457300163,8838.42987802792,4848.06736561593,7781.51690383101,8143.05833074061
5219.1847935457,6178.42298905708,7693.04573751958,7928.81383159988,5943.393166636,7130.33435092122,7804.70978503401,5901.29403716811,6605.0764427283,5708.2604884943,6576.76974005801,5785.37872975127,4957.05605257483,5816.0594233178,5215.32594615039,6232.61838755697,5301.67716655235,7247.64212655917,6750.92537287612,5011.91085818142,5888.72505800288,5683.57760381945,5186.31005115984,6833.88025421295,5303.87207152064,5444.79423418555,8022.64473206343,4848.06736561593,6208.78009537253,7880.11541057481
5219.1847935457,6096.88213681133,6457.62523041878,7218.55781982142,4882.17148654798,5634.35090983835,6974.10634574204,5901.29403716811,5654.25749264462,5487.88710821638,6576.76974005801,5785.37872975127,4957.05605257483,5120.69456674785,5215.32594615039,6232.61838755697,5099.08156149722,6096.76289743267,6750.92537287612,5011.91085818142,5888.72505800288,5313.09251299118,5132.31016439785,6140.33402906006,5303.87207152064,5444.79423418555,7606.80207384611,4848.06736561593,5993.30859467001,7082.76072868994
5219.1847935457,5198.90508421903,5422.98869445556,5362.28224326022,4882.17148654798,5634.35090983835,6676.17473876822,5629.22440850702,5078.91610399405,4568.20667332958,6169.22371370108,5459.5538023155,4957.05605257483,5120.69456674785,4297.27457345916,5329.71624332299,4308.13417729171,4218.72005558368,5594.26449975664,5011.91085818142,5648.15679081077,5313.09251299118,4445.6469975183,5552.3737496864,4272.02106775643,4680.86127469556,5658.66094084362,4848.06736561593,5858.20546580491,7082.76072868994
5073.66277613133,3888.04848658127,3325.01955547826,4800.27660056371,3715.34493107817,4442.35021521205,5260.98396535093,5333.99343161455,4431.95117956371,4075.67535491947,5705.95142893172,4466.98543441546,4180.18452823852,4544.20702846948,3393.56461592673,3511.32919777245,3409.23691062042,3744.55400741182,4412.71003895026,4295.8719165342,4167.08161736387,5313.09251299118,4445.6469975183,4014.9498698657,4272.02106775643,3380.05997077855,4502.58432075026,3085.56969628283,4657.90167816116,5440.31896421209
2096.63287515586,3116.02820626737,2210.96870925555,3856.99607621505,3352.09170650142,2649.61472521401,2683.66202529513,2927.03569020807,2616.18691560107,2304.25880974057,4620.65478860386,2084.9013995448,3445.19269301995,2964.36490421713,2399.9282812344,3315.77443573434,1667.39711749425,2721.66280566828,3976.50270316865,2015.37459300476,3002.8287078391,2631.8791005529,3146.22701212741,3340.78629348055,3494.90115073039,2121.87686908485,2796.00174609397,2292.68934783766,2584.47125998409,2734.30288172088
928.132205372668,1423.00117196317,1106.7859532911,1703.35701614138,1291.12790951871,1077.54671336616,1263.12882043339,1338.55712849454,967.183704438192,1235.21703120131,1457.73750439546,1232.83940207356,1235.51650590651,1296.09890312793,1330.71239049946,1587.74650349598,1209.77245153177,1239.45562274922,1299.48048762793,1348.48215315281,1329.28841925794,1431.87498516657,1342.20411570523,1463.65964189006,1407.34217822117,1281.47790910691,1327.72206755737,1226.21929290641,1232.91350068018,1280.51519600471
617.07589969465,769.298521142353,707.145644913868,789.197429668142,761.786208712459,709.351279505103,740.58220429848,776.877212120863,738.798928872478,792.777980698313,767.463851919541,853.411933277977,772.208253332069,762.45366629626,760.66510796597,807.864475482316,657.934093782014,676.209368560701,828.474605166416,674.681383713591,849.675743454834,849.105365417699,715.911005676868,829.350106782529,828.806137735447,647.283202031462,853.677435653064,805.823103996682,719.570798122794,849.911101849479
119.299709831093,390.502929897444,384.266527649842,405.723598130152,392.966753251344,432.171665836703,389.783375886445,398.711115714219,496.434900926606,402.910128973005,398.507498132051,417.182413352472,390.933581092818,391.490141447273,387.614125715328,379.956671338552,386.781950038133,376.570166244698,400.257459397702,395.117377865452,406.684879567358,409.685641233825,374.561843576258,420.276343776061,435.784810020203,402.128807063213,399.884325213517,387.046294750545,372.73188444733,404.68390052935
6.31363285720272,308.272413857314,306.924538775922,308.459045718311,308.331982947978,401.248847313485,308.756032144555,305.597291182745,401.903830250712,310.111177511279,309.651216229448,311.458424098796,307.587271402805,307.368363225612,305.683180556693,308.198866164882,306.236882065451,305.429495427148,307.475821133043,307.359651452242,307.814471126308,308.745241538592,307.564141365352,311.632795894911,308.750617344389,308.704496274941,308.024707087754,307.057468218444,306.748215131634,308.600695744273
0.104688623111542,300.085635067981,300.058755000944,300.105927007285,300.072271366634,400.016783937123,300.069237712387,300.064041397782,400.023712076314,300.087687405869,300.09737211105,300.068248391783,300.083595391543,300.071543075197,300.050087362454,300.06821539276,300.060782726986,300.051639565467,300.086577460748,300.060268815608,300.087671439815,300.086992022781,300.050961626089,300.072424428643,300.085100966852,300.052278434328,300.056006874141,300.051485835879,300.047541586068,300.079908724008
2.58450359069684e-05,300.000025246483,300.000022409251,300.000032334789,300.000027739218,400.000004000603,300.000022075902,300.000017439476,400.000009692043,300.000024539178,300.00003770653,300.000023211246,300.000019365398,300.000031819339,300.000012661743,300.000022622163,300.0000179008,300.000017310269,300.000020613942,300.000023547067,300.000022208073,300.000019934209,300.000014470165,300.000021041398,300.000023273892,300.000018955312,300.000018171183,300.000013924872,300.000012049777,300.000026746423
2.59567605098709e-06,300.000004217521,300.000003569917,300.000003298165,300.000003796153,400.000000390806,300.000004296728,300.00000363905,400.000000549458,300.000003669388,300.000003360625,300.000003251888,300.000003531497,300.000004298157,300.000003428803,300.000003799288,300.000003411715,300.00000312812,300.000003320425,300.000003020958,300.000004018719,300.000002894518,300.000003149009,300.00000312747,300.000003419569,300.000003653886,300.000003090886,300.000003133191,300.000003349269,300.000003953405
4.54747350886464e-12,300.000000000002,300.000000000003,300.000000000003,300.000000000003,400,300.000000000003,300.000000000003,400.000000000001,300.000000000004,300.000000000003,300.000000000004,300.000000000003,300.000000000003,300.000000000003,300.000000000003,300.000000000004,300.000000000004,300.000000000004,300.000000000004,300.000000000004,300.000000000002,300.000000000003,300.000000000004,300.000000000003,300.000000000003,300.000000000002,300.000000000003,300.000000000004,300.000000000003
4.54747350886464e-12,300.000000000002,300.000000000003,300.000000000003,300.000000000003,400,300.000000000003,300.000000000003,400.000000000001,300.000000000004,300.000000000003,300.000000000004,300.000000000003,300.000000000003,300.000000000003,300.000000000003,300.000000000004,300.000000000004,300.000000000004,300.000000000004,300.000000000004,300.000000000002,300.000000000003,300.000000000004,300.000000000003,300.000000000003,300.000000000002,300.000000000003,300.000000000004,300.000000000003
