94.3192119889542,112.615323578377,110.882859437049,98.7712434046316,113.544206204646,98.945071413053,95.9873944665505,107.687397668642,99.6347521352565,121.527395493554,130.359660531524,124.695849844092,128.715880012877,111.002491515372,103.531364836608,109.259986049903,112.587167491979,100.27733155857,124.887243420937,112.652200034395,111.456178101642,104.922693357415,110.015895840456,64.4723317535818,100.745199108454,119.060619354305,87.7294846669039,87.7009596210639,83.1635269128,125.950503480933
94.3192119889542,112.615323578377,101.32851148861,98.7712434046316,113.544206204646,98.945071413053,95.9873944665505,107.687397668642,99.6347521352565,121.527395493554,130.359660531524,124.695849844092,128.715880012877,111.002491515372,84.4335128958612,109.259986049903,112.587167491979,100.27733155857,124.887243420937,112.652200034395,111.456178101642,104.922693357415,110.015895840456,64.4723317535818,100.745199108454,119.060619354305,87.7294846669039,87.7009596210639,83.1635269128,125.950503480933
82.3754212512019,89.6257918234176,101.32851148861,98.7712434046316,113.544206204646,98.945071413053,95.9873944665505,94.8197711691537,99.6347521352565,89.5291296799737,110.300163261333,113.250268399367,111.799738791694,71.2762891203472,84.4335128958612,105.109477652662,102.684119763379,88.9897924522289,109.279412738142,99.7788543551039,106.017927296796,99.5526211931127,98.7983534652824,64.4723317535818,77.5461871927749,119.060619354305,87.7294846669039,87.7009596210639,83.1635269128,105.644280713715
82.3754212512019,89.6257918234176,101.32851148861,92.5186196633292,110.779562655625,98.945071413053,76.2844842872148,86.4149722066034,81.4179048166706,89.5291296799737,92.6222641554239,112.198784686624,111.17373258854,71.2762891203472,82.6963902802992,105.109477652662,93.3291307289919,88.9897924522289,109.279412738142,99.7788543551039,102.459617344951,74.9313122124486,98.7983534652824,64.4723317535818,77.5461871927749,101.696839679708,73.6662960529827,87.7009596210639,83.1635269128,105.644280713715
82.3754212512019,65.9085134969748,91.7350606108229,92.5186196633292,91.5949674116423,90.2660573405411,76.2844842872148,84.731162477143,81.4179048166706,88.5202629926696,85.735680045688,89.8293435430062,86.310454455464,71.2762891203472,77.1080476294035,97.9277565503795,90.4453978113327,71.1346005908414,94.6912609391356,79.9309415872181,87.9658678960287,74.9313122124486,82.2265745408555,64.4723317535818,77.5461871927749,85.3638347796622,72.4150405727852,74.5914412327322,83.1635269128,94.2179756940999
72.5164495265371,65.9085134969748,69.3270741769445,79.3215379628012,84.5498519109431,84.4495799797294,76.2844842872148,77.02207994206,79.0958697079079,88.5202629926696,73.294367297212,70.1365747637999,69.8050849765128,70.4844396054546,74.9203350877634,86.9286243938428,87.5537440965608,71.1346005908414,84.7233253484403,68.3026261546083,66.8913285097235,71.4398005105952,78.6332811245275,55.3326169429289,66.6988424148553,65.0914742928758,47.2770493337384,58.9387915165815,83.1635269128,70.2241025849069
50.1980057214049,49.180904063085,54.2750576850337,57.6509217523196,49.679182262476,60.2713234356777,51.2135458607935,56.109708840037,47.0948265450413,52.0438555911961,52.9447874542257,47.6445618162585,43.4276596129382,42.8150704530582,56.8830275686819,68.2419433533704,58.4213785012205,50.1884817682478,41.4098505676792,52.3535842225767,47.7618487155204,43.183412963317,42.8117062835015,35.6957589897871,41.9914595470481,63.9660132875759,47.2770493337384,48.4522308256787,53.6435988545816,50.1415567691787
22.1759817766554,20.0162358675217,18.3535188722128,25.7930625292242,29.8273531088726,24.5628171031544,22.5737792860946,25.2338951542629,21.4442256435581,24.5773348623054,24.148297372817,18.6994925469766,19.5472653661328,19.3374141330418,29.3882203623989,38.5973060467836,28.5148501444941,31.4318197710677,20.0551354881743,16.1759655937436,25.1157702404306,19.4698557013895,22.0286849118877,16.5708129031938,20.8529041286503,22.4968151722375,16.0165608600986,21.2478333516019,20.3297485290909,22.1847381535721
8.04515100333538,7.85818878513442,8.67013606152625,9.88074858242192,8.52900411258793,7.57220396753041,7.90020528623381,8.33650163150617,10.0874469095077,9.75029935273392,8.26731622786372,7.12691680869,7.29397441372737,8.61773948052519,9.41873882898381,11.3545356847463,9.72104483445094,9.82472974778261,10.9097821708416,6.81147012709755,8.08082927183466,6.34686319959155,7.93770894833403,8.37894247776228,7.39680608065839,11.5749553225012,7.48872141686013,7.76704460346502,10.2080180238956,8.76884651480373
2.42809642753025,1.71409739857484,2.10530258676476,2.31519860338403,2.98980990537018,2.43462822646256,2.55227254446879,1.73609673427325,2.20111847657586,2.41903803122841,2.75857604936016,1.90849710480973,1.77046323159072,2.26849379893793,2.1730685493194,3.34817782349307,2.64988778601924,2.87269716142362,3.06873992030887,2.13799327666868,2.92600156747949,2.51031225326267,2.21048163483044,2.59958604537451,1.93467179902382,2.67408041351996,1.61745618316718,2.05805180195546,2.18224614851613,2.14320731463238
0.343537449473729,0.3154705230221,0.282982598517947,0.291627926268006,0.405780227226842,0.314086858036262,0.295806979498934,0.23865147476954,0.324239514813144,0.326933390218301,0.541389569085823,0.289089305945595,0.387654281788855,0.238099361562831,0.267712946893198,0.492351169013432,0.53751975654734,0.409376817188559,0.297545649369567,0.231273161702006,1.14892572082863,0.387596064402601,0.508148203082101,0.33940477444844,0.191732602707816,0.293651622350239,0.190510611870764,0.245723316211524,0.240942290939643,0.429461537274165
0.0715040253535335,0.0580413606036245,0.0225891264128677,0.0257137159275089,0.0238367097067567,0.0477055545661642,0.0842111149738685,0.0280688239982965,0.0261935190503664,0.00929710751029234,0.220345594349283,0.0133598707212741,0.0956483411275713,0.00939728986577393,0.016735756222829,0.0152791075272489,0.187280718511261,0.0456398511405496,0.00920949363580803,0.00740650133457166,0.880287342263955,0.180413411769791,0.0808539394230365,0.0702504696371307,0.00876421603516064,0.0899335022838841,0.0389056839703699,0.00937374008185543,0.00728999254351947,0.137220179075598
0.00260991088418905,0.00145609837443317,0.00326665197746934,0.00186468935714856,0.0145225102944551,0.000941533892955704,0.00661109358202339,0.00116984894577854,0.00353864992018771,0.00253084912867507,0.0205677448769848,0.00135932206239886,0.00211741795840226,0.00166346495120706,0.00484715418531323,0.000813549041481565,0.00645210646769101,0.00328762172568986,0.00100502652969681,0.001540542978546,0.00802125097811768,0.0046583521015009,0.00583433957933721,0.00184488816353223,0.00334346089334758,0.0014089435145479,0.0113963803778461,0.000391343550290912,0.0010751403069662,0.0525638585219212
3.49964921042556e-07,4.2883903006441e-07,1.30316050217516e-06,2.21530206090392e-06,1.81952827915666e-07,1.75499530996603e-06,1.97749386643409e-07,1.40449435548362e-06,8.81944856701011e-07,1.6344703226423e-06,8.20814716462337e-06,1.45701756082417e-06,8.26733412395697e-07,7.99317820110446e-06,3.09859217395569e-06,3.50733785126067e-07,1.40455836117326e-06,3.36363086717029e-07,1.42389205848303e-06,1.35050515837065e-06,8.80092443367175e-07,3.59281784767518e-07,3.45283979186206e-07,1.27160332112908e-05,8.74022930474894e-07,8.18546595837688e-07,1.09888355837029e-06,2.33926130022155e-07,1.98050361177593e-06,2.38468828683835e-07
1.13686837721616e-13,1.13686837721616e-13,1.13686837721616e-13,1.13686837721616e-13,1.13686837721616e-13,1.13686837721616e-13,1.13686837721616e-13,1.13686837721616e-13,1.13686837721616e-13,1.13686837721616e-13,6.36005211163138e-07,1.13686837721616e-13,1.13686837721616e-13,1.13686837721616e-13,1.13686837721616e-13,1.13686837721616e-13,1.13686837721616e-13,1.13686837721616e-13,8.00787347543519e-08,1.13686837721616e-13,1.13686837721616e-13,1.13686837721616e-13,1.13686837721616e-13,1.13686837721616e-13,1.13686837721616e-13,1.13686837721616e-13,1.13686837721616e-13,1.13686837721616e-13,1.13686837721616e-13,1.13686837721616e-13
1.13686837721616e-13,1.13686837721616e-13,1.13686837721616e-13,1.13686837721616e-13,1.13686837721616e-13,1.13686837721616e-13,1.13686837721616e-13,1.13686837721616e-13,1.13686837721616e-13,1.13686837721616e-13,1.16750129564025e-07,1.13686837721616e-13,1.13686837721616e-13,1.13686837721616e-13,1.13686837721616e-13,1.13686837721616e-13,1.13686837721616e-13,1.13686837721616e-13,8.00787347543519e-08,1.13686837721616e-13,1.13686837721616e-13,1.13686837721616e-13,1.13686837721616e-13,1.13686837721616e-13,1.13686837721616e-13,1.13686837721616e-13,1.13686837721616e-13,1.13686837721616e-13,1.13686837721616e-13,1.13686837721616e-13
