15.6293198093776,13.2244708231646,17.839353449236,16.1281483279286,15.5863459473379,15.3969167424711,15.979340561167,18.4586290605168,16.0415872613097,18.7231053129732,15.9588051167483,13.2753126350788,13.8116999617121,14.0803510787999,16.399422272528,21.1976918036645,18.9036072042271,19.6307595860245,19.9880293010212,12.6670461449694,17.572686851249,12.6818886353201,15.297773850202,15.4587617490661,16.3917299961206,17.0309824839549,14.4462616015769,15.3835951549892,14.5410581317595,15.0540025368116
4.08794967402753,4.45453222581307,5.03838066009382,4.10057415591768,5.13515739260106,4.10022091836333,3.99855748633786,4.09047356932535,5.59201677135229,4.95593286847702,4.98968616366824,4.99342157287469,4.62193909656446,4.25994543988497,4.02045887112888,7.65387617333317,6.05038960159879,5.25075782136969,5.01622931609222,4.90725401085638,5.48511290767703,3.48145897983295,4.79167789367773,5.35247402596849,4.81223021538176,6.0494508488008,4.02020815510207,4.79927593084608,6.10417423647436,4.91039812224085
2.16894804979302,1.48532306808261,1.79595512894923,1.94380734167567,1.81823564690978,1.56542710865756,1.60242767413695,1.73609673427325,2.058486010754,1.90918271550743,2.55043871892417,1.65698438833465,1.63991001112629,1.53090672131214,1.81514979245776,2.01525438060764,2.0648586355444,2.20355179143803,2.91537845972744,1.5930797251624,2.74533657943005,2.18299874772799,1.6684233053146,1.87801949399704,1.33953151522303,1.74065012858102,1.35914068439081,1.72155227163637,1.60547473039492,2.00158489805688
0.343537449473729,0.3154705230221,0.282982598517947,0.291627926268006,0.405780227226842,0.314086858036262,0.295806979498934,0.23865147476954,0.324239514813144,0.326933390218301,0.541389569085823,0.289089305945595,0.387654281788855,0.238099361562831,0.267712946893198,0.492351169013432,0.53751975654734,0.409376817188559,0.297545649369567,0.231273161702006,1.14892572082863,0.387596064402601,0.508148203082101,0.33940477444844,0.191732602707816,0.293651622350239,0.190510611870764,0.245723316211524,0.240942290939643,0.429461537274165
0.0715040253535335,0.0572810885431636,0.0215337656068186,0.0245496402359322,0.0161115896141837,0.0469558840087529,0.0838425436667194,0.0268350432237412,0.0240315388837189,0.00564031155408884,0.220232152952917,0.00837554758652459,0.0951470067647051,0.0053782978527579,0.011567561282277,0.00661294789517797,0.187151516595804,0.0374858755624246,0.00346992518132083,0.00375777281749379,0.880068674027029,0.179972815344399,0.0803690597450668,0.0693640950105419,0.00505267706159884,0.0893971362460206,0.0385374572655337,0.00438717544670908,0.00310172138517828,0.137220179075598
0.000259602379401258,0.000175229574097102,0.000167746443253236,0.00118893604815185,0.00367261072540259,0.000174933730704652,0.00373629006446663,7.2406437425343e-05,0.000309568111333647,0.000390335086308369,0.0029361204029783,5.6636802810317e-05,8.80765401234385e-05,0.000143501341995034,0.000209685865229403,0.000813549041481565,0.00167550130038308,0.00034893247175205,0.000721419805472578,6.32638448223588e-05,0.000249393306376078,0.000218451436353462,0.000240511035713098,7.07767266021619e-05,0.002916597144349,4.32555168572435e-05,0.00187727620914302,7.64932284482711e-05,0.000855285345551238,0.00698876067747278
3.49964921042556e-07,4.46910689788638e-07,1.30316050217516e-06,2.21530206090392e-06,2.06510549105587e-07,2.4689595647942e-06,2.51380924964906e-07,1.40449435548362e-06,8.81944856701011e-07,1.6344703226423e-06,8.20814716462337e-06,1.45701756082417e-06,8.26733412395697e-07,8.40087818687607e-06,3.09859217395569e-06,3.75866989088536e-07,1.40455836117326e-06,3.96263203583658e-07,1.42389205848303e-06,1.35050515837065e-06,9.58624013946974e-07,4.26371002504311e-07,4.26897258876124e-07,1.27160332112908e-05,8.74022930474894e-07,8.18546595837688e-07,1.26335737604677e-06,2.52533595812565e-07,1.98050361177593e-06,2.64642494585132e-07
1.01719479062012e-07,1.26569148051203e-07,1.4072736576054e-07,1.25994233712845e-07,7.84491476224503e-08,1.1267718491581e-07,1.08387098407547e-07,1.2425653039827e-07,1.3535736798076e-07,1.6134072211571e-07,6.37408675174811e-07,1.56277792484616e-07,1.37437723424227e-07,1.26715804071864e-07,1.34133415485849e-07,1.14195245259907e-07,1.32343870973273e-07,1.21319089885219e-07,1.31276806314418e-07,1.44596810969233e-07,1.51233280121232e-07,1.18533876047877e-07,1.36537096295797e-07,1.2643158697756e-07,1.33104890664981e-07,1.32726881929557e-07,1.30946773424512e-07,1.02707645055489e-07,1.25948190543568e-07,1.42331487040792e-07
5.57065504835919e-12,1.70530256582424e-12,7.50333128962666e-12,1.13686837721616e-12,1.93267624126747e-12,1.25055521493778e-12,2.61479726759717e-12,2.61479726759717e-12,3.29691829392686e-12,2.38742359215394e-12,6.36005211163138e-07,2.61479726759717e-12,3.06954461848363e-12,6.02540239924565e-12,1.08002495835535e-11,5.57065504835919e-12,1.51203494169749e-11,6.25277607468888e-12,8.07693822935107e-08,3.86535248253495e-12,6.13908923696727e-12,6.3664629124105e-12,8.98126018000767e-12,2.61479726759717e-12,3.06954461848363e-12,2.04636307898909e-12,1.31876731757075e-11,2.95585778076202e-12,4.09272615797818e-12,4.88853402202949e-12
1.13686837721616e-13,1.13686837721616e-13,1.13686837721616e-13,1.13686837721616e-13,1.13686837721616e-13,1.13686837721616e-13,1.13686837721616e-13,1.13686837721616e-13,1.13686837721616e-13,1.13686837721616e-13,6.36005211163138e-07,1.13686837721616e-13,1.13686837721616e-13,1.13686837721616e-13,1.13686837721616e-13,1.13686837721616e-13,1.13686837721616e-13,1.13686837721616e-13,8.00787347543519e-08,1.13686837721616e-13,1.13686837721616e-13,1.13686837721616e-13,1.13686837721616e-13,1.13686837721616e-13,1.13686837721616e-13,1.13686837721616e-13,1.13686837721616e-13,1.13686837721616e-13,1.13686837721616e-13,1.13686837721616e-13
1.13686837721616e-13,1.13686837721616e-13,1.13686837721616e-13,1.13686837721616e-13,1.13686837721616e-13,1.13686837721616e-13,1.13686837721616e-13,1.13686837721616e-13,1.13686837721616e-13,1.13686837721616e-13,6.36005211163138e-07,1.13686837721616e-13,1.13686837721616e-13,1.13686837721616e-13,1.13686837721616e-13,1.13686837721616e-13,1.13686837721616e-13,1.13686837721616e-13,8.00787347543519e-08,1.13686837721616e-13,1.13686837721616e-13,1.13686837721616e-13,1.13686837721616e-13,1.13686837721616e-13,1.13686837721616e-13,1.13686837721616e-13,1.13686837721616e-13,1.13686837721616e-13,1.13686837721616e-13,1.13686837721616e-13
1.13686837721616e-13,1.13686837721616e-13,1.13686837721616e-13,1.13686837721616e-13,1.13686837721616e-13,1.13686837721616e-13,1.13686837721616e-13,1.13686837721616e-13,1.13686837721616e-13,1.13686837721616e-13,6.36005211163138e-07,1.13686837721616e-13,1.13686837721616e-13,1.13686837721616e-13,1.13686837721616e-13,1.13686837721616e-13,1.13686837721616e-13,1.13686837721616e-13,8.00787347543519e-08,1.13686837721616e-13,1.13686837721616e-13,1.13686837721616e-13,1.13686837721616e-13,1.13686837721616e-13,1.13686837721616e-13,1.13686837721616e-13,1.13686837721616e-13,1.13686837721616e-13,1.13686837721616e-13,1.13686837721616e-13
1.13686837721616e-13,1.13686837721616e-13,1.13686837721616e-13,1.13686837721616e-13,1.13686837721616e-13,1.13686837721616e-13,1.13686837721616e-13,1.13686837721616e-13,1.13686837721616e-13,1.13686837721616e-13,6.36005211163138e-07,1.13686837721616e-13,1.13686837721616e-13,1.13686837721616e-13,1.13686837721616e-13,1.13686837721616e-13,1.13686837721616e-13,1.13686837721616e-13,8.00787347543519e-08,1.13686837721616e-13,1.13686837721616e-13,1.13686837721616e-13,1.13686837721616e-13,1.13686837721616e-13,1.13686837721616e-13,1.13686837721616e-13,1.13686837721616e-13,1.13686837721616e-13,1.13686837721616e-13,1.13686837721616e-13
1.13686837721616e-13,1.13686837721616e-13,1.13686837721616e-13,1.13686837721616e-13,1.13686837721616e-13,1.13686837721616e-13,1.13686837721616e-13,1.13686837721616e-13,1.13686837721616e-13,1.13686837721616e-13,1.16750129564025e-07,1.13686837721616e-13,1.13686837721616e-13,1.13686837721616e-13,1.13686837721616e-13,1.13686837721616e-13,1.13686837721616e-13,1.13686837721616e-13,8.00787347543519e-08,1.13686837721616e-13,1.13686837721616e-13,1.13686837721616e-13,1.13686837721616e-13,1.13686837721616e-13,1.13686837721616e-13,1.13686837721616e-13,1.13686837721616e-13,1.13686837721616e-13,1.13686837721616e-13,1.13686837721616e-13
