262.812484504567,256.673827050989,273.50497011068,259.097677270812,284.796422341325,224.81237298732,259.851400752185,265.862974625024,278.62475504666,254.3137622943,304.086085376834,253.581052783349,240.124472071158,277.061386466949,267.611413343612,280.003238714819,271.47830647641,281.262243459929,267.815663276834,279.28801349562,280.647915641104,266.9329496593,284.771370019255,287.297294101169,284.253145015473,271.5558052485,288.788736221765,248.089602354584,252.018180251869,274.602795743991
253.181648329489,256.673827050989,273.50497011068,254.953556392439,250.829978110715,220.369139225355,259.851400752185,265.862974625024,258.893974251345,228.085362638644,271.46784875982,253.581052783349,240.124472071158,249.02883190256,267.611413343612,280.003238714819,249.012393653773,281.262243459929,267.815663276834,211.612832398544,280.647915641104,255.669089714345,248.625147435955,235.100842423186,251.179003188705,253.39186706415,240.785408502407,248.089602354584,252.018180251869,262.010131668309
156.971827032238,256.673827050989,265.74779567838,254.953556392439,205.572370963424,220.369139225355,242.197157693163,265.862974625024,244.399717236084,228.085362638644,264.326392954647,225.926007244062,240.124472071158,249.02883190256,239.127360501247,237.63902210274,227.120959166854,225.865795831805,267.815663276834,211.612832398544,280.647915641104,232.303583627856,215.480545501629,232.00560020371,251.179003188705,232.060009158782,228.611388493922,232.224847328794,217.415059050822,262.010131668309
156.971827032238,221.156435611543,265.74779567838,222.025241148679,205.572370963424,220.369139225355,225.419393044215,265.862974625024,209.303523863234,221.552058361014,253.497406987119,206.226707145345,229.464482890792,232.010150219249,235.999944721781,237.63902210274,227.120959166854,225.865795831805,225.646329071618,211.612832398544,251.989500070288,232.303583627856,215.480545501629,231.939401141882,251.179003188705,209.693149676218,170.888887348596,223.156624325175,217.415059050822,248.641797770643
156.971827032238,191.662491795486,219.98325435497,204.878151617759,162.598852566618,192.311686236583,201.073420617665,213.23849425096,174.591335408994,197.288347027612,190.506210233217,206.226707145345,199.285272957802,232.010150219249,187.83202527299,189.816231952623,190.302141794363,225.865795831805,197.945097374892,204.970387068584,220.585312303388,204.410495516588,215.480545501629,195.331002801566,240.518266704937,209.693149676218,170.888887348596,208.819914355021,169.832921465582,174.462663448422
156.971827032238,191.662491795486,210.673471057442,153.2574408005,162.598852566618,192.311686236583,197.995759673757,213.23849425096,174.591335408994,192.283240915538,190.506210233217,206.226707145345,183.973840042913,182.262990135119,167.94226824899,170.933101956275,190.302141794363,200.929997339955,184.371720903712,183.407291258947,195.956259030921,186.145201773705,185.427900678648,184.578107301097,174.353746549685,179.090690370756,170.888887348596,185.497406544274,169.832921465582,167.824300250183
156.971827032238,177.255735870128,171.417644889905,147.324567590294,162.410657583615,172.09279865455,144.84573845396,161.551686704622,149.011848584948,172.164108618944,170.509147260456,153.875686838666,161.396526480276,148.958162649575,133.232034985899,170.933101956275,170.67435889128,145.144451259469,154.189051939085,176.425872779655,172.289311238869,150.374256207751,178.102772584432,143.063723632816,143.914717951003,148.107528351842,160.826826229618,163.335384484793,150.647432036952,142.099264829332
135.057426351327,142.100616520532,148.592959520381,145.954991684748,138.587595814775,143.325813563962,138.596055045444,110.463386500454,128.754873673765,122.156600340608,145.971110260294,127.145386425087,144.109898927092,147.062263531341,123.173857122304,153.178533886826,140.970453536412,140.096947691917,148.428088464225,130.725836672138,139.725453450227,137.408200554656,153.047419177138,123.455406861827,135.220462044178,134.350755579111,134.743362774478,136.383510234546,136.78803687293,136.749618719263
110.579919132225,125.903455154953,134.432687671599,134.9542070812,138.587595814775,116.452539031621,122.50056256327,107.556501310867,128.754873673765,107.88754504651,132.972923253904,125.029153340691,112.792549075147,130.37335280053,122.237993971111,133.445242218202,138.621224693769,126.10260988102,106.141794432438,111.922975482553,125.606364112504,124.337615259256,107.689643540144,71.9522465664255,114.833875280981,128.06358300703,129.307579105359,125.905435997709,121.477478759743,128.676739221489
108.70178804951,99.7094709865548,107.812756792815,110.922889236482,107.44436257772,99.9447986065522,99.178944542236,107.556501310867,107.320113146138,102.824735107058,91.6770058819721,118.179986445033,101.021088153151,100.232465048405,100.754718495339,113.335939113878,112.985246475947,110.850936402229,104.891609552765,109.478018373746,101.805728643213,106.420607876239,107.689643540144,71.9522465664255,110.37296579721,117.593741991135,110.726666606472,115.271969390333,95.4172715776396,111.249715045837
86.159643736656,80.8454882640445,84.6310970941162,93.4424311132962,79.2076156591412,99.9447986065522,78.8903741944478,97.5148838290479,96.5006803631953,86.7862949182011,91.3474443667553,106.624576108719,81.9585797254704,100.232465048405,82.4949772890682,97.5928023460737,94.4380742001323,82.4940827916076,92.7316250311269,84.1357163740329,95.624669307594,78.5998251997664,87.4344640063912,71.9522465664255,85.8002494374089,96.0098327224979,96.2647849327054,93.8762705595079,81.3313817576492,107.773880583753
12.9344627911439,35.5174792340807,18.7941290783639,18.9051045634657,35.4473703469733,17.9554167798648,6.06661420455544,19.9126772029542,35.5440173294239,36.7808018322538,23.985881722108,85.6545326253838,17.9098881988717,32.4044818934719,27.5356274999554,21.8914155305957,66.8547861683599,23.8790043899669,16.9143554614149,22.8905538624958,17.0102079640583,16.9142889763832,9.97988276984256,18.3873221032343,10.9698435937515,15.91934237572,17.9189686427089,21.2529570068319,5.99259267107732,27.1994032797608
5.97427895673161,4.97625599797584,7.96698144476682,4.97479583789629,6.77612359147133,3.19502109108691,5.96975434260673,6.96471340121093,8.2321310600305,8.33772361360184,8.95463172410734,8.95464437707574,4.97479528587041,9.52376353087755,6.96471340024038,2.9904195623983,10.1844059923881,5.969958473274,6.96471339993286,8.0137067585116,4.97494433416205,4.97828041564685,5.98030297303899,6.9728575795607,5.96975434422018,7.00704598488949,5.01621920447155,9.71199286685044,5.96975434728449,5.96976455724587
5.96975434255978,4.97479528546648,3.97983623040273,2.98487717601404,5.96975434271894,2.98487717127989,5.96975434255978,4.97479528557835,5.96975434255978,6.96471339966638,4.97479528546648,7.95967245761904,2.98487717461376,6.96471339965308,4.97479528550036,2.98487717127989,4.97479528546648,5.96975434255978,5.96975434255978,7.95967245686074,4.97479528547501,4.97479528546762,2.98487717128,4.97479528547728,4.97479528546648,6.96471339965308,4.97479528568545,5.9697543436838,4.97479528549127,3.97983622837603
5.96975434255978,4.97479528546648,3.97983622837319,2.98487717127989,5.96975434255978,2.98487717127989,5.96975434255978,4.97479528546648,5.96975434255978,6.96471339965308,4.97479528546648,7.95967245674638,2.98487717127989,6.96471339965308,4.97479528546648,2.98487717127989,4.97479528546648,5.96975434255978,5.96975434255978,7.95967245674638,4.97479528546648,4.97479528546648,2.98487717127989,4.97479528546648,4.97479528546648,6.96471339965308,4.97479528546648,5.96975434255978,4.97479528546648,3.97983622837319
1.98991811510962,3.97983622913523,0.994959058903305,1.98991811739722,1.9899181145671,1.98991811452356,2.98487718220792,3.97983622943457,3.97983622853371,0.994959060208203,1.9899181162076,2.98487717722742,1.98991811585563,0.994959057124447,1.36424205265939e-11,1.98991811454107,6.55973053653724e-11,0.994959057850679,3.97983622918503,2.98487717655007,1.98991811516544,2.98487717152898,1.98991811467374,0.994959057119331,3.97983622847426,0.994959059494136,1.98991811493681,3.97983623532468,0.994959057108076,2.98487717130433
