12232560.0735691,9028048.10461502,7444967.56541303,10994996.2443775,9001209.38259091,3876764.83834564,6035684.0267667,6525456.71627284,3969992.61120893,18758756.5065671,24022390.4181588,7633395.99641933,15017421.5477786,8817071.87067969,6737427.14815028,4327020.52169904,14156795.547983,10202782.8043267,9367358.21469874,8849509.88448701,8394603.20868029,7872645.41553381,8510960.78946167,7974184.96931206,4667471.84488149,5048330.45039774,6826293.19332429,9726217.92974128,20450833.039783,5005803.77449527
629832.781942279,544899.568235966,203089.071300065,254187.624308239,124099.147144581,82367.9363547317,331045.762481294,112122.700834171,143605.97983853,362429.798409422,1031884.64880102,136306.607608548,670844.046932137,347391.345071205,224196.134492992,155318.180141462,218706.519585069,490874.215636867,370123.435916015,436886.173924986,220827.713336309,253268.952457513,233072.060853523,61165.243615144,115704.604376318,312485.462090661,120553.072970102,282715.657698974,868856.587731548,99806.6003914236
26989.908847331,22112.125070038,6467.2341717423,12058.0921723072,5443.58553624275,10155.8412478032,14619.2336032624,8410.55490643347,6881.98348996698,10751.5398901309,24637.8850181689,11334.7261337382,33392.7787129001,23486.181108392,6041.23630747473,4543.47165203221,9352.1766546223,16956.6436041433,13971.0837756356,18944.4175125576,18624.5942688433,11105.3617959319,12106.174921708,2740.06487637966,1909.4093528448,18562.1621404398,8307.5441259475,6982.89985973772,37658.198768985,2929.74027841281
396.33292189795,246.70242752565,116.390606271624,141.403961451767,235.581471773309,1245.40986852253,124.505772536967,76.8272430515162,181.130224935423,171.692474238832,890.112870406587,147.388073253564,1213.0107725585,718.99592608188,143.191248978202,313.985391024485,249.696665798328,550.175241080971,258.049837330961,749.003570815943,151.997436756207,545.014841537129,413.981380420782,277.420637120847,329.413262714864,319.202292121827,123.559840279298,246.555978101364,187.931294795327,194.213845242096
90.6338102136249,77.8546352834198,59.3991244932449,81.7140332519778,55.9938792941657,135.776835912179,68.3318012737411,60.7611488475452,45.0831764505924,135.89499486649,118.092519273119,70.7085825606705,74.1593088954569,112.673260616597,106.290924896194,81.4720329984716,66.713844052196,114.99156777111,49.6393711502844,146.951216101549,88.7309120861303,111.710202591231,70.033228710812,94.845258618463,30.6598044295904,54.5190124872354,82.6284781600393,91.4758097984859,99.650120405445,127.556774402748
62.0967285865631,38.3475456886174,39.737021145113,37.1948938927187,15.0350783344809,93.8785599210648,44.5258204952154,21.4216402804934,13.4466781690603,102.50295432537,73.0564967005844,49.4202586485997,35.738817812025,79.1645004303482,81.1382478976116,24.9254623727304,47.8755046820841,54.3718326329183,29.2391806994708,113.733456719898,68.5413483112266,92.7338775442095,30.3443527463819,68.8526001558034,18.5239222056348,17.506479825229,53.3765046052033,40.5190715838232,84.3381199195792,106.696122794542
36.4188614045336,27.1382171398009,30.9552134546275,37.1671585150309,14.1768774686302,93.310815989872,28.4044469592177,21.4171895040208,13.4012198472371,48.6303542484275,57.5420318083682,49.2991448900257,30.137530401596,66.7483712038268,77.7475397456867,24.918782577349,47.8731788499963,47.8549607864563,27.3962145001658,109.639509600475,50.4800348178974,78.421818889944,30.2883753502688,68.8488224650996,4.60502132320016,8.59249453637426,52.2818493860309,36.8434468058904,50.6139313629876,102.738187256605
34.6995713419931,17.3515687985021,18.0468508616564,37.167080344019,14.1765540416479,76.3923167892769,28.1650782445895,18.127479870401,8.67400452280731,38.7157956812277,54.0656988302433,45.1507754906854,26.1991906063727,66.7398107587796,77.7471608673022,24.9187568077493,47.8731767975123,47.8547077133928,22.5659226644675,109.639156013745,42.046651990604,78.3936082413975,30.2883753502688,68.8488172547561,4.57040524372201,7.07838978369659,52.2818493860309,29.0211784266205,36.9839795431151,102.736947682919
24.7954762087338,17.3298739850177,18.0434851220944,37.1670799427238,14.1765532387637,73.4042844161556,27.4676721719566,14.0293549250589,7.56549716531708,38.7157070122878,53.91827008722,34.9462464090918,25.9482586498586,66.7398019502871,77.7471600348308,24.9187566464207,47.8731765015257,47.8547062434245,20.0637146228962,109.639154841749,42.0336542305499,78.3935982000582,24.2321736927286,68.8488171070042,4.57040065762249,7.03312287551898,47.1480132443849,28.975989010409,36.9749138999771,102.7369459412
24.6065512551686,17.3298186485927,18.0434601296508,37.1670797782394,14.1765529154493,73.4041649851147,27.4676381317247,14.0291155608334,7.51224985839713,38.71570557668,53.9178441384242,34.9460024956015,25.9474958769426,66.7398006200517,77.7471597725653,23.6813648092968,47.8731763603332,47.8547046751914,20.0633385664585,109.639154622593,42.0336195070606,78.3935970123462,24.2319667186273,50.6229794693043,4.57040016497012,7.03309140177953,47.1438448715228,28.975892563805,36.9748918987868,102.73694572203
24.6062790321528,17.329818456803,18.0434600771837,35.7846339874513,9.21110918671275,73.4041636977247,27.4676375434601,14.0291140118402,7.51224038915893,38.7157045214444,53.9178426849262,34.9460016734618,25.9474931106301,66.739799501373,70.9615997224778,19.2158021001951,30.375446631879,47.7158959340002,20.0633368889012,104.038702816749,42.0336192104608,78.3935958583197,24.2319657614376,50.4686577535349,4.57039996464937,7.03309054795159,47.1438409991326,28.9758918016967,36.9748915894977,101.768453650685
24.6062783851053,17.3298184443361,18.0434599946125,30.9361327629847,9.20817461084471,73.4041627963818,27.4676371946323,14.0291139487215,7.51223996583371,33.8177233206636,53.9178424255304,34.9460013351315,25.9474929276157,65.1572512088242,70.9588527147614,19.2100811798591,26.5805538687048,44.0848275076908,20.0633366515644,103.767711848072,42.0336189352438,50.0175109194392,24.2319657109849,49.9631511144855,3.43449989308078,7.03309014597312,47.1438395559001,28.9758915894538,36.9748913319827,101.767366323978
24.6062779702042,13.9649249965087,18.0257738569749,30.9361327629847,9.20817461084471,66.7249231136759,27.3026830100723,12.0303650673384,7.51223947971039,33.8160333645553,53.9178421763681,34.9460011924709,25.9474926925138,65.1572512088242,70.9588527147614,19.2100811798591,26.5805538687048,44.0772010508426,17.1191675180064,89.6859185157191,41.9475274541776,49.9015559972868,19.1226762221877,49.9631511144855,3.43297744935057,6.83092209609777,46.0335823106316,28.9640503210223,30.1662307571346,101.767366323978
24.6062775283822,11.3374902968314,14.9436767869092,30.9361327629847,9.20817461084471,64.8284768068738,27.2471024961505,9.02144878224181,4.11477645666992,33.8160333645553,53.8176140252281,33.9257950670158,21.1971148952289,64.0287902941491,70.9588527147614,19.2100811798591,26.5805538687048,44.0772010508426,17.118836228598,89.6859185157191,41.9459283032293,49.9015559972868,17.3257555705256,49.9631511144855,3.43297744935057,5.49022737127257,46.0161971903137,26.057010627608,30.1648679139269,95.0477927863926
