1058.0043834949,1479.95825863824,584.61420397438,1234.15914084622,609.598213442415,1870.41595773404,2053.44898343398,1351.91079955503,1466.40105683836,1168.88238425403,1338.31768306115,649.918121859663,973.499165563097,777.510419750991,718.163029500863,3467.08221426779,131.149142643399,690.265442071987,832.612591079122,2410.77043951936,1243.66673655136,804.456232509575,365.417815125393,477.261048535006,1329.26595814379,639.248008658617,1939.02764684643,873.770611555791,947.278505751042,931.661220542464
1058.0043834949,730.513639202997,546.830633016786,1234.15914084622,502.50317775048,1349.10183212527,696.760586911876,862.472542397061,836.628686962516,1003.74937637175,700.654713305829,649.918121859663,973.499165563097,777.510419750991,718.163029500863,856.626835784633,131.149142643399,690.265442071987,832.612591079122,1163.60854540157,1045.47461392689,804.456232509575,365.417815125393,320.699426576439,916.744201676982,639.248008658617,1315.67716703509,698.722647702306,315.842266742626,916.438529027757
578.7595714747,730.513639202997,546.830633016786,818.617289434096,502.50317775048,1019.70116305907,696.760586911876,503.83861198755,650.050822674968,793.930426859532,700.654713305829,590.281539081968,973.499165563097,777.510419750991,718.163029500863,856.626835784633,83.5856104589152,690.265442071987,832.612591079122,491.182347902375,468.546637664257,804.456232509575,365.417815125393,320.699426576439,354.279556723602,639.248008658617,1315.67716703509,441.001664172517,315.842266742626,770.248047513193
578.7595714747,730.513639202997,546.830633016786,309.25770484949,238.708682471802,631.549815219291,696.760586911876,503.83861198755,598.853137644915,520.535816912236,700.654713305829,488.434579283909,579.614168215936,777.510419750991,718.163029500863,320.045245308876,80.5907537801509,690.265442071987,664.016512767515,423.220616650052,468.546637664257,658.009520942549,365.417815125393,320.699426576439,157.593201163964,116.791010123798,424.939487724836,441.001664172517,315.842266742626,604.859509898706
458.106419979566,468.442548797675,433.634959260516,309.25770484949,165.429918036725,561.990147099603,665.367945823497,363.225707572186,273.359169253434,258.114406313453,700.654713305829,488.434579283909,121.79054575114,304.920798611247,612.672400446934,320.045245308876,58.4816274644941,324.226510891022,609.944888798581,423.220616650052,437.82284928588,551.463113910714,357.76029450232,275.65816998843,157.593201163964,116.791010123798,367.444967088258,441.001664172517,315.842266742626,250.919924058806
190.806325554301,255.573815174319,237.167792169885,217.472810946495,165.429918036725,339.877154781894,298.684534758768,236.463480889166,112.262428874722,258.114406313453,386.499573915402,333.455556584938,121.79054575114,219.654943930115,383.792252215077,200.185589890894,58.4816274644941,288.158944451701,316.147288435955,423.220616650052,70.6928938449178,287.925600529084,255.947113152077,126.19125342358,146.922289889273,116.791010123798,119.224516222478,209.121058836667,257.60070060909,201.519131341528
149.452790032131,110.254941278455,110.723039985065,105.480169581318,73.2468900054737,65.2834541381922,189.284871971304,71.8171712457997,67.743727112515,101.22078998593,280.608739561085,114.110679711066,121.79054575114,82.5201982732747,56.5628744508185,59.8902584733919,58.4816274644941,62.7220793874594,92.0037829897888,85.3439402230401,51.6102394836639,57.3240048846633,103.275056142474,61.0479390034784,59.4117297885582,116.791010123798,54.2425359013478,100.567933191736,104.046683289756,69.245458931548
78.8984124919107,46.5786129942221,58.6687430566321,44.9872568127157,50.3040564744533,45.6037109863432,58.8905959646281,58.8324843630467,43.0061607245998,52.5397681713271,54.1065362935142,53.5954291959092,50.7384198131622,61.5687705568348,50.1580660459813,46.701219690131,53.1329998621354,48.3610271909315,58.5542438376747,49.1670144631853,50.4106847636681,50.7277959775624,54.2674344644388,45.9782105543654,54.3652004234768,66.1884378033947,54.0828864100713,54.5167734527354,62.0805922518521,47.9812126659763
48.1424701469409,40.1654595175619,44.2615198986882,41.4886721753978,42.2870005688997,38.9946568424389,40.0136627452075,45.8267722352462,43.0061607245998,45.5728563247276,52.1504572414815,48.8670787767192,39.5911714515801,43.834175369188,44.241882670844,43.9724193081561,47.6513873490949,38.9227336732274,44.9938789322296,47.1143713739757,45.9608993885745,42.8591806940303,45.3869848899003,41.2449740056904,43.6737149073324,45.7440119996322,43.3405087489523,39.010830007714,47.1769952223726,37.5395789579329
43.8395415753807,39.3706037987085,38.5399969576183,39.8165922183621,39.2263131099094,38.9010578394691,39.0496479027629,37.5655795836051,36.3043800679679,35.5108691135783,42.7517236730487,38.2410371739461,35.6746627228154,36.2987080053258,36.0886454223332,35.829756269562,36.799039124197,36.7035324225562,34.0931579024837,36.8709919525331,33.6748716945958,36.8146793934234,34.6759629234634,37.1755408824979,40.2891827157528,41.456268276745,39.3031255544711,37.8912984555072,39.7306563031166,31.2165549135902
33.014241797272,35.0126876393324,31.7102681272841,29.092825278391,28.361319993392,33.5653429103791,34.3702377386039,32.3770307121795,27.206565634669,27.8432875717763,35.8599639717886,35.9904489440487,34.1335612036628,29.452868229082,28.4900988972531,33.8794570373411,28.3987175141351,32.3351591017072,25.7843623550693,28.5008511915094,27.2204778910923,36.8146793934234,34.4686563261503,32.4386774936365,32.7152194905866,29.4574253380438,29.3435003696204,28.1288274779968,39.7306563031166,30.0694288731752
25.516715116672,32.1216808719387,26.6605780098744,26.6970047274222,26.5760832047999,31.8593168023353,28.2070757007427,32.1529889015287,26.3327275117458,25.6723843173995,30.5615558605623,31.8067269308131,34.1335612036628,26.903891997189,21.2730852824302,30.9063742829667,25.7490009853514,30.7830914334886,25.7843623550693,24.9513143819395,22.5189906697469,36.8146793934234,26.2617368369838,32.4386774936365,32.1987263386691,27.0550703204021,26.5135492660097,26.7372193161273,26.2139066167483,29.2995696738267
25.516715116672,30.6339443162306,25.5574070317325,25.9692839947979,22.3443273633275,28.7887053034501,28.2070757007427,31.1353512973806,25.0532822069499,25.6723843173995,30.5615558605623,31.7933770501068,31.0334814745711,25.8032024746144,20.3772180598312,30.1566953306969,22.4314645619379,27.0772990718929,19.9552419286674,24.9513143819395,21.7081286661396,30.3101171051567,25.7136636952687,30.4503059712611,31.6146212157064,25.4032170563273,26.1812055435107,24.8904333712912,26.2139066167483,29.2995696738267
25.4373175335531,29.3362835527096,24.1920955886608,24.7273968671229,21.2758000540825,28.3335734054908,28.2070757007427,28.5061580560382,24.9305691031686,23.4159720103603,30.5615558605623,30.0745707007718,30.3181362754349,24.8977303700176,13.9362731081251,28.6713480108428,14.6888176694133,27.0772990718929,12.7538186889983,24.9513143819395,7.9593223872298,30.3101171051567,23.7805795399327,30.3752790482254,29.7394595234628,25.4032170563273,25.2733718724444,24.5579847632007,24.0913642702399,29.2995696738267
24.9036110694815,28.1433688792767,23.9630360511055,24.6463871486749,4.96645803500041,23.7541699950939,24.6400254955561,28.3960301051229,24.0787208483816,22.2327456313228,27.739134693471,24.5904966588778,24.3346100987906,23.9154507835401,4.42722588631341,25.5888919914596,4.25527844710086,23.1223038083053,3.85806043294087,21.4918714096825,3.24474414132783,26.4835787618508,1.02651402994115,23.9056025254517,23.3042855740396,23.7496367587069,24.3552837000102,22.4966822804981,24.0913642702399,23.0543736739228
20.5292914509473,20.7119330278547,20.5847263756154,20.6638206842636,0.706256548859074,20.3359855836889,20.6013313180911,0.596425865639503,20.4206147898699,20.3254617947159,20.4617709225895,20.5423209910086,20.3785858525325,20.1290603813363,0.362495036225937,20.810990879067,0.719294229568732,20.4594026585746,0.847085430955758,20.4620091013094,0.498378629047238,20.7199226055,0.456980617650061,20.9083243996324,20.6480662191593,20.3543439803998,20.3040478298617,20.6047284571123,20.0501687523256,20.2788788536013
