209.250380408414,199.974407381537,200.206811208379,201.450254044857,205.553563391735,205.38517773005,204.701238435814,205.152689124655,214.574598744752,203.982499101101,207.140172205828,201.717941681743,208.669784443774,204.28129855292,213.674542742474,201.258250494709,209.440937152926,203.560833669296,199.154035242776,209.491840788965,204.348036875712,199.965886373196,229.185742112334,203.650361148811,201.525945079892,206.806245307077,208.989512382778,199.302243817046,204.510238850817,195.728911822433
185.698351054741,184.718915229481,184.755953862269,188.972099705812,185.767114373746,184.687989987692,184.063397443776,185.057202976549,187.01004999925,185.541895367357,185.129632319806,184.348792416804,185.971033064397,185.587427439483,184.256076868604,184.473024307277,184.287503421823,185.965282914955,185.385769780828,185.266331691219,184.409187752057,185.976114983594,186.793080507306,185.144212423712,186.934675446694,185.658063069599,186.846075725363,185.04231997283,185.305520671421,184.078318705927
181.906827623412,181.643079988107,181.568752512451,183.397139671096,182.471473917525,181.963135599727,181.912023741238,182.108377027754,182.374008950113,182.702470479187,181.942237824449,182.432574029003,182.369853713798,182.169536320553,181.805354478345,181.955170820593,181.790765891604,182.011433300908,181.999056068167,181.75549666952,182.059816085104,182.20860713212,182.730499228046,181.921297558267,182.83046007961,182.139402886933,182.540106785972,182.039926600106,182.170047578143,181.855808971179
181.224718588976,180.952496588051,180.956316608766,181.07070417919,181.325906885874,181.020138603137,181.237179242865,181.348033024238,180.991636134645,181.28126862617,180.894275536612,180.984591024854,181.089705700411,181.298466222612,181.12232223491,181.121814204924,181.025971444337,181.010548469873,181.282608565669,181.01475413576,181.106358304434,181.122515273785,181.046876118153,181.138330294772,181.183212790341,181.083529797782,181.118538930151,181.016418797592,180.982979304133,181.041766145071
180.841062164473,180.801819984143,180.793778831308,180.801284166066,180.837013592163,180.798098960339,180.829579216015,180.811477100093,180.819894757388,180.817785574876,180.816831599943,180.800232193306,180.787323080007,180.808390093925,180.805522677779,180.834889137903,180.820130967614,180.840269835345,180.815278540572,180.794124550274,180.811905670923,180.802025262642,180.844825358346,180.810338416048,180.826252636439,180.827709269139,180.805884748027,180.801832189509,180.800593986558,180.812445194699
180.781466739803,180.781440292282,180.781427640457,180.781585731681,180.782204848072,180.781392982612,180.781365688891,180.781476980108,180.781478152562,180.781851033465,180.781614241997,180.781347889511,180.781326129797,180.781528425675,180.781367756394,180.781424659493,180.781426238337,180.781390846922,180.781550505479,180.781334963401,180.781475043807,180.781356905629,180.781389538881,180.781527427407,180.782189407012,180.781519406389,180.781388581695,180.781364941357,180.781447246209,180.781437191879
180.78127340548,180.781271679445,180.781271679139,180.781272035088,180.781271748304,180.781271712379,180.78127176463,180.781271731671,180.781271682182,180.781271791944,180.78127174859,180.781271801467,180.781271688316,180.781271684428,180.781271681101,180.781271686307,180.781271678003,180.781283570884,180.781271682209,180.781273610921,180.781271682056,180.781271766568,180.781272449218,180.781271691331,180.781271684531,180.781271682824,180.781271770883,180.781271687089,180.781272287396,180.781271685522
180.781271677854,180.781271677906,180.781271678004,180.781272016745,180.781271692447,180.781271703444,180.78127176463,180.781271677891,180.781271677857,180.781271679688,180.78127174859,180.781271801467,180.781271679345,180.781271684428,180.78127168013,180.781271678125,180.781271677955,180.781271677883,180.781271677963,180.781271677817,180.781271680392,180.781271681308,180.781271713046,180.781271691331,180.781271679318,180.781271678165,180.781271678985,180.781271678169,180.781271739466,180.781271680639
180.781271677793,180.781271677827,180.781271677856,180.781271677791,180.781271677902,180.781271677803,180.781271677834,180.781271677785,180.781271677857,180.781271677867,180.7812716779,180.781271677824,180.781271677872,180.781271677873,180.781271677786,180.781271677841,180.78127167783,180.781271677801,180.781271677875,180.78127167781,180.781271677886,180.781271677808,180.781271677858,180.781271677905,180.781271677806,180.781271678047,180.781271677767,180.781271677798,180.78127167779,180.781271677894
180.781271677747,180.781271677747,180.781271677747,180.781271677747,180.781271677747,180.781271677747,180.781271677747,180.781271677747,180.781271677747,180.781271677747,180.781271677747,180.781271677747,180.781271677747,180.781271677747,180.781271677747,180.781271677748,180.781271677747,180.781271677747,180.781271677747,180.781271677747,180.781271677747,180.781271677747,180.781271677747,180.781271677747,180.781271677747,180.781271677747,180.781271677747,180.781271677747,180.781271677747,180.781271677747
180.781271677747,180.781271677747,180.781271677747,180.781271677747,180.781271677747,180.781271677747,180.781271677747,180.781271677747,180.781271677747,180.781271677747,180.781271677747,180.781271677747,180.781271677747,180.781271677747,180.781271677747,180.781271677747,180.781271677747,180.781271677747,180.781271677747,180.781271677747,180.781271677747,180.781271677747,180.781271677747,180.781271677747,180.781271677747,180.781271677747,180.781271677747,180.781271677747,180.781271677747,180.781271677747
180.781271677747,180.781271677747,180.781271677747,180.781271677747,180.781271677747,180.781271677747,180.781271677747,180.781271677747,180.781271677747,180.781271677747,180.781271677747,180.781271677747,180.781271677747,180.781271677747,180.781271677747,180.781271677747,180.781271677747,180.781271677747,180.781271677747,180.781271677747,180.781271677747,180.781271677747,180.781271677747,180.781271677747,180.781271677747,180.781271677747,180.781271677747,180.781271677747,180.781271677747,180.781271677747
180.781271677747,180.781271677747,180.781271677747,180.781271677747,180.781271677747,180.781271677747,180.781271677747,180.781271677747,180.781271677747,180.781271677747,180.781271677747,180.781271677747,180.781271677747,180.781271677747,180.781271677747,180.781271677747,180.781271677747,180.781271677747,180.781271677747,180.781271677747,180.781271677747,180.781271677747,180.781271677747,180.781271677747,180.781271677747,180.781271677747,180.781271677747,180.781271677747,180.781271677747,180.781271677747
180.781271677747,180.781271677747,180.781271677747,180.781271677747,180.781271677747,180.781271677747,180.781271677747,180.781271677747,180.781271677747,180.781271677747,180.781271677747,180.781271677747,180.781271677747,180.781271677747,180.781271677747,180.781271677747,180.781271677747,180.781271677747,180.781271677747,180.781271677747,180.781271677747,180.781271677747,180.781271677747,180.781271677747,180.781271677747,180.781271677747,180.781271677747,180.781271677747,180.781271677747,180.781271677747
