212.179794765598
100.291960788031
100.340450749001
100.322783334995
100.269812601166
100.303481399478
100.339267607655
212.502668903518
100.341644164272
100.301982476928
100.365904985662
9.39464887448821
100.345425914602
100.30618679047
129.670996185817
9.57992184808018
100.259456562496
100.342831255353
210.891093270626
127.830916048175
214.19406015192
13.5064610271575
100.291965959154
217.217274443911
215.753150879276
11.1981686311651
100.346859582024
100.370981092376
100.291994730728
100.37542221192
