259.321747378776
242.007262692706
255.777629708894
251.788128570749
253.698788884588
240.589411172378
247.337784881916
241.575733739933
241.526838302703
243.157498818505
244.962600536463
236.70917789288
256.34952415918
237.684127548924
236.881706006515
232.868743155024
251.844578627176
246.326098235099
244.884117741053
253.324605423291
249.400156532282
253.070931984656
242.615403350162
250.299178022625
250.092721707086
246.42378010502
251.318474489428
249.821108734725
245.801391409146
243.898065585887
