49.0844789794812
49.0844789794812
49.0844789794812
49.0844789794812
44.8954693174513
49.0844789794812
49.0844789794812
49.0844789794813
49.0844789794812
49.0844789794812
49.0844789794812
44.8954693174513
44.8954693174513
44.8954693174513
49.0844789794812
49.0844789794812
49.0844789794812
49.0844789794812
49.0844789794812
44.8954693174513
49.0844789794812
49.0844789794812
44.8954693174513
44.8954693174513
49.0844789794812
49.0844789794812
49.0844789794812
49.0844789794812
49.0844789794812
44.8954693174513
