60.8504813102204
68.8699464459398
41.7626880771875
60.9740530947083
23.9231530851644
19.5315261798758
30.9261709901398
31.0783087971665
34.8148937593555
25.0141487469116
6.09474818098352
18.1697145283042
25.2110071618913
21.1509676120468
33.6730517942312
21.0925944902381
33.5018649802464
30.1399614694751
8.03008388640274
72.9806829946999
30.5100396109638
59.8941629853382
29.6023427159635
77.7614555635487
109.648474002966
22.0728307417446
25.1202369483244
46.456298862164
68.3407692285332
38.9497835178838
