20.1094724604254
21.1214097417449
20.4603920037425
45.0853835441815
21.4098083470778
21.4071690117414
20.7497640514928
20.4283578980185
20.6968628330972
45.3232899722436
0.624346512140619
41.4802329959109
21.39180278512
2.19504675600183
20.7079917878123
0.62434651229205
20.4119589328923
21.3540233783633
20.5775419108611
5.8457771956455e-10
43.5940300384816
1.17816945693608
20.4193357693753
20.4404933308181
44.61483129831
20.3997669318412
45.100093225213
20.4148520769807
21.4439457042372
40.69179648616
