29.5499501862787
0.0835138670581728
0.659654612559734
25.0601703545831
27.2233556216347
23.4041721842755
27.634205443102
29.8265061616466
27.8518722946105
23.0120140245963
0.502719737524785
28.6563549864122
29.6048535169957
27.1765698534227
1.50296184537456
24.7815327865733
2.01799553001865
24.5185052838415
23.6404058831008
28.5336118533382
23.375090920641
26.140801332212
24.7129921233318
20.3799029513557
0.860924761180286
28.8052884979602
24.6944868073933
28.6837986421774
25.74977706452
4.2082633628952
