1464.51477386618,3665.28077701274,1449.03182903008,1459.00681454486,3463.42816365797,1955.32590899851,2231.20043299767,4115.23031040367,2083.30900070906,5679.70259791755,1875.3868254835,3363.53530239968,2014.78698762497,1289.12364690896,3980.15544607454,2971.85156643314,877.607776729543,3551.81248221808,3199.04796429154,3655.97698343539,2588.39825117682,3893.5403327023,1085.25130493126,1641.58013291902,4156.33083122867,1185.78603360036,2167.41993792728,2570.60563668563,2974.28785139447,2798.89017607353
1464.51477386618,2348.18888575143,1449.03182903008,1130.19464932063,3450.80868408091,1955.32590899851,1024.07895593172,2425.119498342,1240.42703261813,3302.03990636138,1875.3868254835,3363.53530239968,1877.8042376038,1289.12364690896,3980.15544607454,1615.20577811212,877.607776729543,2668.13620359935,3025.34513233525,3655.97698343539,1802.47331290001,2696.3516782549,1085.25130493126,1641.58013291902,4156.33083122867,1185.78603360036,2167.41993792728,1557.6205984568,2726.55980508593,2798.89017607353
832.857311010649,2301.63826460374,1449.03182903008,1130.19464932063,2257.27645612863,1777.76301124811,925.067850468056,2015.42007763367,1240.42703261813,2168.51851297602,1875.3868254835,3363.53530239968,1877.8042376038,1289.12364690896,2598.90293017921,1319.87890876434,691.256373129039,1154.6648191796,2166.65048737602,2847.96037570046,1151.39049297004,2084.76442914843,1085.25130493126,1641.58013291902,1678.45075006961,1185.78603360036,2167.41993792728,1308.07140788947,1860.835183272,1217.98864144276
832.857311010649,1999.37865631909,1067.4259460873,807.236518421957,1199.3343918673,1151.83676657175,692.943054175491,1855.09026705746,968.844936467863,1281.41996994446,1010.76364477854,1550.35851207852,1419.86380525563,979.04857528503,1136.46319443471,778.349975595906,691.256373129039,977.124351553384,1102.39328983265,1509.48459324363,1151.39049297004,1292.83418165592,1085.25130493126,1182.9495719096,937.166951575328,1185.78603360036,1634.05354333707,896.914431927994,1696.09417299846,1217.98864144276
832.857311010649,801.764145881134,805.423493526001,345.914285825946,767.253089272217,913.394895818273,507.409750486586,825.135639362275,835.009146465134,688.706381386913,337.232441385914,1550.35851207852,1031.66648367075,531.444292423929,750.280123890132,611.106564108618,407.937352002696,531.669974803356,900.333954431792,745.725275462436,638.403261829479,941.605110478269,1085.25130493126,788.711162892406,685.902861300895,982.890517105065,939.402255566472,896.914431927994,1074.80201919851,749.253228373434
516.625639859042,225.369800796396,238.585127867938,172.627591499275,278.17037193321,267.872019652958,275.819556649692,281.477062094873,349.529207541893,245.674808445426,275.38998275203,364.371652498474,363.689244395222,168.829116287011,209.63380631362,297.761489259786,348.820003470983,308.308321429144,470.575413589092,337.928788002532,382.117144864598,371.011539210777,273.897261372185,244.010555661386,299.402443708514,389.934128833,246.426088020569,223.055041159102,250.645037157344,274.751075072199
128.721401386615,83.9664945814347,111.670205494398,87.417771913499,140.73335420601,112.269749244437,118.909219829543,111.213171594801,104.285878556939,92.702703838788,109.230200927096,119.022178317281,124.642606081554,72.9935552035962,91.8420799144442,93.8713521162745,118.192407925526,190.104611240909,118.177289308564,86.6793391548505,139.635007229051,102.71060776073,132.002127843846,86.6094282479944,88.6126776640482,127.699063027316,128.357412530309,108.992057798672,103.666668635894,81.6390787526419
54.9581140280611,52.6622895338252,53.9210947275812,53.2121894515341,55.607837749013,55.3379895571007,54.1947993423896,53.5682571174203,53.7456355552744,52.8778858777593,53.6187754605495,55.9344479553822,56.2399804420988,51.50770791466,54.7692846706732,52.415428954633,54.0014027465523,53.7215763166468,54.2204736143096,52.67420617758,72.5543966598424,57.2156668711951,54.5601061174514,51.3746397750974,53.1964376062219,54.0280051017655,53.0167245219487,56.3818560873287,53.5018083557684,53.2070228048516
49.1631506515641,45.2984905486826,45.1557042145611,49.1531748069553,45.3823267883037,49.1920538037326,49.1756459827278,49.192475948858,49.172574987147,49.1467405742566,49.1746477312474,49.2601554072525,49.1858447540432,49.1661792509457,49.1510068012976,49.144912943684,45.9088435957817,49.1613957335267,47.7538044078962,49.1891736139586,49.2762816054902,49.1619560848505,49.1919887418864,49.1709979266419,49.1503354347466,45.0087846526792,49.2045824672849,49.1649813037767,49.187819807029,49.1468650781259
49.0845637452987,44.8956679245011,44.8956374680334,49.0845578557189,44.8956540962315,49.0846020661199,49.0845339848389,49.0845702853666,49.0845611906813,49.0845105848923,49.0845562448619,49.0845605445858,49.0845529553553,49.0845294708889,49.0845493292105,49.084542865298,44.895804465448,49.0845582341989,44.8960870376421,49.0845738630082,49.0846921498389,49.0845787505114,49.0845484801133,49.0845380877446,49.0845311305195,44.8955484237375,44.8959139995322,49.0845431856239,49.084577809906,49.0845546384492
49.0844789796033,44.8954693178436,44.8954693180406,49.0844789796731,44.895469318365,49.0844789797269,49.084478979691,49.0844789796885,49.0844789797399,49.0844789796586,49.0844789797188,49.0844789796772,49.0844789797886,49.0844789796669,49.0844789797096,49.0844789796333,44.8954693183397,49.0844789797316,44.8954693190453,49.0844789797623,49.0844789797895,49.0844789797054,49.0844789796733,49.0844789796672,49.0844789796493,44.8954693177748,44.8954693187616,49.0844789796062,49.0844789797388,49.0844789798564
49.0844789794812,44.8954693174514,44.8954693174513,49.0844789794812,44.8954693174513,49.0844789794812,49.0844789794812,49.0844789794812,49.0844789794812,49.0844789794812,49.0844789794813,49.0844789794812,49.0844789794812,49.0844789794812,49.0844789794812,49.0844789794813,44.8954693174513,49.0844789794812,44.8954693174513,49.0844789794812,49.0844789794813,49.0844789794812,49.0844789794812,49.0844789794812,49.0844789794812,44.8954693174513,44.8954693174513,49.0844789794812,49.0844789794812,49.0844789794812
49.0844789794812,44.8954693174513,44.8954693174513,49.0844789794812,44.8954693174513,49.0844789794812,49.0844789794812,49.0844789794812,49.0844789794812,49.0844789794812,49.0844789794812,49.0844789794812,49.0844789794812,49.0844789794812,49.0844789794812,49.0844789794812,44.8954693174513,49.0844789794812,44.8954693174513,49.0844789794812,49.0844789794813,49.0844789794812,49.0844789794812,49.0844789794812,49.0844789794812,44.8954693174513,44.8954693174513,49.0844789794812,49.0844789794812,49.0844789794812
49.0844789794812,44.8954693174513,44.8954693174513,49.0844789794812,44.8954693174513,49.0844789794812,49.0844789794812,49.0844789794812,49.0844789794812,49.0844789794812,49.0844789794812,49.0844789794812,49.0844789794812,49.0844789794812,49.0844789794812,49.0844789794812,44.8954693174513,49.0844789794812,44.8954693174513,49.0844789794812,49.0844789794813,49.0844789794812,49.0844789794812,49.0844789794812,49.0844789794812,44.8954693174513,44.8954693174513,49.0844789794812,49.0844789794812,49.0844789794812
49.0844789794812,44.8954693174513,44.8954693174513,49.0844789794812,44.8954693174513,49.0844789794812,49.0844789794812,49.0844789794812,49.0844789794812,49.0844789794812,49.0844789794812,49.0844789794812,49.0844789794812,49.0844789794812,49.0844789794812,49.0844789794812,44.8954693174513,49.0844789794812,44.8954693174513,49.0844789794812,49.0844789794813,49.0844789794812,49.0844789794812,49.0844789794812,49.0844789794812,44.8954693174513,44.8954693174513,49.0844789794812,49.0844789794812,49.0844789794812
49.0844789794812,44.8954693174513,44.8954693174513,49.0844789794812,44.8954693174513,49.0844789794812,49.0844789794812,49.0844789794812,49.0844789794812,49.0844789794812,49.0844789794812,49.0844789794812,49.0844789794812,49.0844789794812,49.0844789794812,49.0844789794812,44.8954693174513,49.0844789794812,44.8954693174513,49.0844789794812,49.0844789794813,49.0844789794812,49.0844789794812,49.0844789794812,49.0844789794812,44.8954693174513,44.8954693174513,49.0844789794812,49.0844789794812,49.0844789794812
