43.8515703989424,58.8080824353672,59.3242763731457,98.0865180594578,83.2025319017512,83.6881791693554,48.6401469560133,79.2529437122892,95.2207183681538,88.0443644817133,46.1846986464097,72.6653914640203,47.1240001366826,51.2654917978138,65.2972094153871,62.8303616496307,91.3933559148949,64.9750784111288,77.1058642265866,70.9047238565125,94.2655795371577,85.7711079342409,79.5996728206627,82.3385149806671,42.2720891031411,100.782031023557,70.0091870674787,78.5947861088108,67.9756511966523,63.4676264761631
43.8515703989424,58.8080824353672,57.1680765768459,81.5391002643784,83.2025319017512,83.6881791693554,37.1633541402517,79.2529437122892,92.2974797933744,86.2425023278511,46.1846986464097,72.6653914640203,47.1240001366826,51.2654917978138,65.2972094153871,62.8303616496307,85.4897687334005,64.9750784111288,77.1058642265866,58.3433723061557,62.1647833509616,76.6905978411229,79.5996728206627,61.7684798098455,42.2720891031411,86.554943099837,70.0091870674787,78.5947861088108,67.9756511966523,63.4676264761631
43.8515703989424,58.8080824353672,57.1680765768459,81.1494859397549,83.2025319017512,75.9300161097051,37.1633541402517,51.7695696151012,82.3303794147021,71.140277190091,39.4702423220505,66.8400652231397,47.1240001366826,49.3044522355469,49.2138646482535,62.8303616496307,63.9603786060786,59.7738277438899,69.1317941964089,42.7328593680631,56.917490460868,76.6905978411229,65.774911148932,61.7684798098455,42.2720891031411,60.9623643699387,55.2955617005401,78.5947861088108,58.9540454311583,45.3189381231763
43.8515703989424,58.8080824353672,46.8448630222947,50.9631636027099,65.4043393458189,61.7693320412158,37.1633541402517,51.7695696151012,55.544898546831,52.3482673673363,39.4702423220505,46.0364403323528,40.0782506253806,49.3044522355469,43.0496436650861,62.8303616496307,55.9537954115251,46.257332016133,69.1317941964089,42.7328593680631,37.1326705076883,56.1563588504569,65.774911148932,61.7684798098455,42.2720891031411,60.9623643699387,55.2955617005401,48.791741931268,49.532734633684,42.7099759649316
43.8515703989424,45.4453988438586,26.8903919315252,50.9631636027099,43.0477469037182,53.2660774845182,37.1633541402517,41.572065776045,54.4715092230977,40.2703020957962,29.4574902385596,37.4233183850536,37.6390833197399,40.9013304147228,40.6680264216935,56.0415601172356,55.9537954115251,41.5860136788157,60.5992371357327,39.6635820421089,34.2464344934464,34.98487971618,41.18081932629,39.3832568689352,42.2720891031411,49.792802783359,40.3197087424785,48.791741931268,45.7017239941188,39.6922438742382
20.4634024316902,21.7793956383921,23.3249715997562,40.8513260972817,27.6821545488164,31.1702709941831,21.4902655335304,29.3519928268983,49.9606279323034,29.3132329688015,29.4574902385596,34.8356588797506,25.9952473947519,35.9037628099579,19.5598839369887,53.6024300129673,24.6570759590298,28.3529865893638,25.8497328121287,21.7755043478669,21.3014494082454,31.4114863875865,33.8227451605021,34.567910774028,32.8212237731876,29.5130230991676,28.3863145681302,43.5140107196472,32.1825696482057,29.5639070184822
16.4848934897882,15.4720830320537,12.1519582828696,17.317943225386,20.1674997345606,18.2342934066505,13.7790368860348,20.9035633698295,20.4784437962246,20.5887528286265,16.9121482014594,23.7852811087389,18.6330534375346,14.3809790410043,12.1636249187038,26.2504945378196,19.0926860013184,12.9895139665654,17.9773983468945,13.9515108195496,12.3950568927887,11.5414418521798,17.7587897778841,17.5055630220077,14.4512089422041,10.2158328760893,17.0002404496214,26.8475149486247,15.4585245951806,12.7611813901451
4.33268445169472,8.62880394417152,5.31471551170489,6.11802000442447,11.1293828770505,6.41033868055501,5.44496032745292,10.3318586241943,7.00054159422348,6.15329000382553,7.91138686280965,6.43699511208399,8.41711857830978,7.49751271846537,8.67271313352705,8.52996093595459,9.194668554911,4.06002670169516,9.8700720790705,6.47751162224176,7.94819450655757,5.81624003963225,11.6338667965451,3.7516566014981,5.53685314043287,9.45773831365705,8.22161863263568,9.36869959055446,7.52943086558082,5.38968154066254
2.01359128053525,1.76910049301739,1.73915829904968,2.44573530169203,3.32870102527477,2.21221104960364,2.37459058996978,1.99831538673448,2.73983260225509,2.14173183525713,1.6389126013446,1.63690009181141,2.94263877009359,3.26781006087924,2.47135428272736,2.82741421029255,3.13784193881929,2.02747187455452,3.16598596013432,1.76790501631024,1.51593977754396,1.80806548232408,2.67038957682075,2.82128366308723,2.70233949027795,1.9867378477652,2.478095403765,2.67091464053578,2.27762334433203,2.92954328851613
0.586873943142336,0.268387666757008,0.356748937436691,0.668168137723001,0.507166427182597,0.294940992108764,0.323422216464223,0.640571528582768,0.535946188739103,0.376860357676946,0.603778711581867,0.376589407642427,0.439054230376428,0.608944900187339,0.362877033169184,0.898522759022399,0.582109685181535,0.380314996318248,0.62274036031863,0.585207013137392,0.371584653537298,0.304536411759159,0.49580318171877,0.551449422451583,0.525181101595081,0.752062400519435,0.552925465129761,0.322634168075979,0.529617539684295,0.449512647619713
0.0176893916718655,0.0606823617663395,0.0201669005077747,0.0361387390986465,0.055026915855251,0.0296008442115863,0.0544841732821624,0.0455733889461953,0.0547116016052769,0.0407533603550974,0.0280770731204711,0.0346407515056626,0.0446703599768625,0.0450055528681332,0.0485853599050188,0.0502050768882327,0.0702521865503059,0.0264736263088707,0.0481528759593175,0.0429487874836241,0.0372182341121743,0.0302207656841347,0.0384602672764913,0.0335504494113366,0.0365823745215721,0.034789223876146,0.0473288433496464,0.046609737901008,0.0252800801793001,0.0420898329522288
0.00122758827694724,0.00133115256380734,0.000632706327905908,0.000978476156888064,0.00121694570918862,0.000959006107109417,0.00188827764293364,0.000895114837589972,0.00118595834362623,0.000648843551630307,0.00100450612910663,0.000728082948739939,0.00101105354326592,0.00134633669892992,0.00109022766014277,0.00138570058516052,0.00136219715750485,0.000568292288903649,0.00169186502932916,0.000997098303287203,0.000687123302668624,0.00100273218333768,0.00090007955816418,0.0012387382344059,0.000721147364288299,0.000784540257086519,0.000912166527882619,0.00086867174843519,0.000802762104513022,0.000513684340262444
9.3772143827664e-06,1.06707690292751e-05,2.33038717851741e-05,2.61178843175003e-06,7.1478766585642e-06,8.13377141639648e-07,1.16723908831773e-05,1.05411425010971e-05,1.02088113180798e-05,3.5534891367206e-06,2.9388132816166e-06,7.46673185858526e-06,5.82637119350693e-06,7.49415085010696e-06,9.40174902552826e-06,8.75412263212638e-06,5.59394891297416e-06,2.41349994212214e-06,1.12376091010447e-05,6.13184590747551e-06,4.64831077806593e-06,1.62698783015003e-05,3.00038493605825e-06,5.4141371492733e-06,7.95516348262026e-06,9.07914693470957e-06,1.22461053706502e-05,8.09783978183987e-06,1.06145980680594e-05,9.30510850594146e-06
6.26414475846104e-11,6.43467501504347e-11,1.13567273274384e-05,6.38920027995482e-11,4.6497916628141e-11,3.12638803734444e-11,1.30739863379858e-10,7.53743734094314e-11,9.00399754755199e-11,3.03543856716715e-11,4.01314537157305e-11,4.06998879043385e-11,4.59294824395329e-11,4.99085217597894e-11,9.37916411203332e-11,5.41149347554892e-11,8.64019966684282e-11,5.03632691106759e-11,2.17596607399173e-10,9.08357833395712e-11,4.53610482509248e-11,9.08357833395712e-11,2.12594386539422e-11,5.20685716765001e-11,1.14710019261111e-10,1.97360350284725e-10,1.00385477708187e-10,7.35553840058856e-11,1.4279066817835e-10,7.73070496506989e-11
0,0,1.13343354541939e-05,0,0,0,0,0,0,0,0,0,0,0,0,0,0,0,0,0,0,1.13686837721616e-13,0,0,0,0,0,0,0,0
0,0,1.13333704803154e-05,0,0,0,0,0,0,0,0,0,0,0,0,0,0,0,0,0,0,1.13686837721616e-13,0,0,0,0,0,0,0,0
