9117.12433302568,7391.03042798356,6387.41656388923,5353.78524144064,7442.29282625746,7046.45691571447,6090.86744390162,10829.5343075495,6355.25362986632,4488.464663434,5742.32390031474,5190.88227060806,9504.49379490358,5283.96962156046,6270.35261343619,5962.03937945544,9342.84577477893,10928.9063983541,8277.88575143219,9452.17362319402,6176.08707355575,3138.81560961367,7347.02957702092,9670.27555864514,8105.24398346006,4303.71887806368,8034.25424395911,7639.59723245122,9094.09245213404,6063.95149785256
4010.82141595645,7391.03042798356,6387.41656388923,5353.78524144064,7442.29282625746,6342.08217542877,6090.86744390162,5441.37093080123,1177.60786886603,4488.464663434,5742.32390031474,5190.88227060806,4856.80118783115,4069.30898458908,4599.4912293526,5962.03937945544,6729.4805883418,6575.82205834562,6408.25578049115,9452.17362319402,3262.95131048536,3138.81560961367,7347.02957702092,7632.13901950894,7921.61332444224,4303.71887806368,4522.89058603443,7639.59723245122,8387.8002461404,6063.95149785256
4010.82141595645,5815.1651940474,4216.43931408767,3236.98555808982,6539.93393881677,5630.27991567622,5408.7180759559,4519.87085995792,1177.60786886603,4242.8688879239,5742.32390031474,3396.24480795746,4856.80118783115,4069.30898458908,4599.4912293526,2679.20828279728,4793.0594022814,6575.82205834562,6408.25578049115,9452.17362319402,3262.95131048536,3138.81560961367,5976.52655522515,5171.56302643548,6198.55369715298,4303.71887806368,4363.59618086127,4968.48013242768,5548.04314180522,6063.95149785256
4010.82141595645,3855.64416704739,4216.43931408767,3236.98555808982,5409.45861153498,3879.54539539399,3762.12824796947,4519.87085995792,1177.60786886603,2646.68209461171,4824.40872659124,3396.24480795746,4856.80118783115,3632.5779215213,4245.97600322565,2679.20828279728,4793.0594022814,3824.47421382355,5489.69544496459,4890.72929226784,2237.61574684331,3138.81560961367,5291.04883908474,5171.56302643548,5296.53230079191,4303.71887806368,3704.42852657558,2778.07967413527,5548.04314180522,2116.94449986823
3733.70731160134,3855.64416704739,3754.32454157039,1379.02825529366,2972.34639337338,1464.09861006936,1962.52532166823,3987.8549039663,1177.60786886603,2335.89667569686,2769.80351133248,3396.24480795746,3562.84328010646,2777.62111310553,2547.82515857995,1111.73056088719,2092.57171419957,3643.71770103122,3001.88862288586,3527.26679566062,1259.3175703604,2241.66010179487,5105.8838545189,3509.80941491143,3405.15296231186,2432.24557272344,2923.51674613461,2347.10615375514,4275.63450960119,2116.94449986823
2083.07316477547,1765.43274915987,2492.72043005793,1030.18101893972,1531.10734260738,653.979502575314,1347.74815951834,3406.656268005,853.869979234285,732.030470914129,1309.88405539978,1301.32928015781,1631.15547550634,1561.39602308622,721.287100662066,841.581752730682,1662.72375070204,847.148766641079,1859.19860698002,1723.46627736555,452.760558297001,939.475780476586,2444.43859758332,1446.14203918385,1452.71765744087,913.231929718866,1205.19686051893,1513.10664213152,2043.96239745936,1815.4912508012
608.556998231041,424.504928614202,569.945563267558,219.288094991817,266.128592279162,116.02204118613,384.856733153862,410.789892376516,244.82967386048,190.72383203336,321.211554544397,375.115461587597,315.321928427442,196.022966771928,275.431753505108,306.207192906531,648.740014157577,198.444388640139,583.642228295348,540.942997835527,222.66649436766,564.192294625327,596.764669767401,326.312686944432,231.895228772948,294.931597823207,158.155923939589,428.738883680517,471.448399751087,210.710897451042
46.8828004732501,37.0622588659535,90.9417769829662,47.6507490856369,36.5153539457498,22.1756132391672,58.2062609095946,47.0712778305046,38.7772307447422,37.320503313352,39.4642594847759,40.5851256310079,59.4160929404651,18.8212239212515,26.9342738016825,43.824139783673,25.6368805768083,33.118577535707,43.9108765825085,73.2347522946451,15.3743700760896,52.1922220540438,43.8829845728261,36.7266623796201,23.0107543573022,36.3673921463978,47.2647214402645,45.2472643178432,102.249630060253,11.6869136498475
2.94498656836151,3.10377010300317,3.43516157821955,1.99683337427655,3.06252205252804,1.91955402348754,2.16916293734687,2.54342202723331,2.78226139601179,1.63427975206037,1.9005340476433,2.15952794444365,3.04298440502782,1.66217367688773,1.70750463751051,1.23019760461659,2.35832746957669,2.09859002184123,2.11702117649588,1.86627978857723,2.27999660874661,3.42158730724225,2.95650514520923,2.82160321776007,2.00533995830779,1.29061594414134,0.960321749143418,2.12659005972989,2.99570399521269,2.57844687940531
0.0485038812181529,0.0630327275423497,0.0504649945391975,0.0168146206060555,0.045125821617944,0.0130205566765653,0.0597376701574603,0.046642522931279,0.0557211240309243,0.0282002318700734,0.0323016384995753,0.0967307515810489,0.0505380189403013,0.0496452194887524,0.0433740973857084,0.0224101000185328,0.0452547608049372,0.0393254090989785,0.0296544220996111,0.072820627712872,0.0246531658053755,0.134195106178254,0.047392540866781,0.103830400066613,0.0213740870298125,0.0825868312160765,0.0385908686290577,0.103541755018341,0.0591592910028567,0.0416851263469198
3.25328187500418e-07,6.77054345032957e-07,5.77299715587287e-07,3.34341052621312e-07,4.17505020777753e-07,2.961556901937e-07,4.61184299638262e-07,1.38704376695387e-06,1.10589280666318e-06,4.97913106300985e-07,1.01228295079636e-06,1.51422011640534e-06,5.12857354806329e-07,6.50238234811695e-07,4.07278662351018e-07,4.92203184876416e-07,8.77883849170757e-07,3.506543180265e-07,5.12381348016788e-07,1.26203394756885e-06,2.05611172532372e-07,3.58407373823866e-06,8.57425220601726e-07,1.09753693777748e-06,5.55247765987588e-07,4.60798901258386e-07,3.67781922250288e-07,5.54718099010643e-07,8.55265511745529e-07,6.77143816574244e-07
0,0,0,0,0,0,0,0,0,0,0,0,0,0,0,0,0,0,0,0,0,0,0,0,0,0,0,0,0,0
0,0,0,0,0,0,0,0,0,0,0,0,0,0,0,0,0,0,0,0,0,0,0,0,0,0,0,0,0,0
0,0,0,0,0,0,0,0,0,0,0,0,0,0,0,0,0,0,0,0,0,0,0,0,0,0,0,0,0,0
0,0,0,0,0,0,0,0,0,0,0,0,0,0,0,0,0,0,0,0,0,0,0,0,0,0,0,0,0,0
0,0,0,0,0,0,0,0,0,0,0,0,0,0,0,0,0,0,0,0,0,0,0,0,0,0,0,0,0,0
