281.938441737571,271.200558422363,4566.26167793268,4901.86471299284,2368.23900773207,283.443866195676,275.023303413413,266.722730433282,1898.51483830354,288.098706834533,2538.16428182948,3850.08056913744,6787.15248453207,320.949083416088,3990.76530978239,7621.56120292062,3996.36514326111,289.498177529818,4824.45440964555,3622.62595733173,3702.407235714,5970.26628394515,4166.27309437544,297.784965409614,3800.72966502121,1740.56530259898,3186.55689099828,2049.87228532995,2312.52372482236,2714.35488442251
255.117452017337,260.035120546196,2735.75429320471,2329.69499320614,2079.75778307919,247.473212768214,246.615315267982,251.925300947743,1302.79113963088,254.153295235991,2187.49471958175,1520.86587939161,2999.68312540814,259.038710063769,2583.75923133969,2893.40644054614,2230.78759723706,265.951408397772,4216.82219804024,2195.5892353571,2795.06372420525,2162.30588844273,3247.05732534709,263.756855484159,2939.22293207505,1374.46917859472,2580.8360258061,1989.56456955228,2153.45776626255,1611.75689029477
255.117353801914,260.035120506512,1819.5681901104,2055.37662913143,1322.25735123234,247.473211805975,246.604457856198,251.925300752424,953.922980998806,254.153166745083,1701.18179261117,963.221540887268,1921.83309863013,259.015485833528,1717.47045809116,2011.16686774784,1292.79586432316,265.948875175228,3872.03526668706,1404.91673485581,1713.08131344602,1695.02060472807,2152.14349673552,263.74781764305,1977.988120896,931.010504052696,2008.45591591852,1403.41295023426,1646.1444989802,1215.66078034656
255.117353801911,260.035120506512,1327.13445360634,1253.04444790137,965.760794244776,247.473211805975,246.604449636693,251.925300752423,887.790416989055,254.153166744994,930.504262659555,731.853901445944,1237.34237377285,259.0154567628,1348.714117425,1020.33957743209,998.959789357257,265.948875012778,2461.06425857234,1094.18259924268,1188.26693743796,1100.08079799585,1299.19135024827,263.747815100462,1103.44195971278,776.22299192687,1144.16598321746,1403.41295023426,692.46965887844,1023.4062962892
255.117353801911,260.035120506512,498.967299113767,460.912813323868,535.775138070963,247.473211805975,246.604449636693,251.925300752423,420.642467741529,254.153166744994,522.061709871716,427.397184731377,533.254932107863,259.0154567628,399.649013150221,495.425155601828,465.595072079364,265.948875012778,604.11312615363,457.709258526497,651.068707065473,431.551839310298,678.128663353094,263.747815100462,422.277562106752,430.372712577111,571.55801816716,507.969206222247,608.752129593609,480.635318897575
255.117353801911,260.035120506512,323.397256633111,291.863038324484,268.895574726921,247.473211805975,246.604449636693,251.925300752423,301.542979180806,254.153166744994,334.632535349331,303.344677442325,309.043244507193,259.0154567628,304.802765586524,300.29507113284,292.934698221335,265.948875012778,333.846548630525,284.254089272416,329.682594479436,286.202901681556,317.33629091812,263.747815100461,303.671066129207,321.371758966503,310.646549709061,301.929345831359,315.561149798874,293.172929118515
255.117353801911,260.035120506512,273.214620112373,249.451625543672,239.508805146416,247.473211805975,246.604449636693,251.925300752423,273.147769848288,254.153166744994,300.397010180959,259.393925763124,266.773906972117,259.0154567628,270.026368427364,269.016017542273,251.940041007834,265.948875012778,281.474507603349,256.149809744832,287.048840178057,247.482162747419,269.396272747543,263.747815100461,259.086959169965,276.293218774023,268.160808812097,260.977090318062,264.1453489174,261.133735183901
255.117353801911,260.035120506512,247.326321280664,248.316737200686,238.712175795963,247.473211805975,246.604449636693,251.925300752423,271.481665021895,254.153166744994,298.965698546079,254.366106234853,263.842052040337,259.0154567628,268.298105690629,268.276087489655,248.872198648472,265.948875012778,274.835222741946,254.128960945247,265.855273048367,245.379743234918,259.931637439056,263.747815100461,257.327875328674,266.842934484338,241.211849905697,256.227811278836,244.5382376594,257.033893184407
255.117353801911,260.035120506512,246.813542766311,248.244574850711,238.620155164725,247.473211805975,246.604449636693,251.925300752423,271.409310822595,254.153166744994,298.891081966684,254.29451356615,263.808960530686,259.0154567628,268.215673065499,268.256107895479,248.677635713361,265.948875012778,274.716610565495,254.07637891304,264.900849185431,245.241767751705,259.599620251685,263.747815100461,257.179159214211,266.688788187809,240.835304127864,256.121693599107,243.035989055485,256.982715428511
255.117353801911,260.035120506512,246.798096424457,248.240881167869,238.607414295556,247.473211805975,246.604449636693,251.925300752423,271.403848426203,254.153166744994,298.886662694181,254.290671512916,263.808057913036,259.0154567628,268.213103302834,268.251394543403,248.667470330525,265.948875012778,274.699376311038,254.068680898915,264.874659532929,245.233647705012,259.58080546745,263.747815100461,257.170612342621,266.686523701846,240.823549872196,256.0998023541,242.993997362875,256.978321621425
255.117353801911,260.035120506512,246.797286234518,248.240685680203,238.604767994018,247.473211805975,246.604449636693,251.925300752423,271.403127604857,254.153166744994,298.886309917548,254.290522136159,263.807979086419,259.0154567628,268.21270955923,268.250044875604,248.665343520124,265.948875012778,274.697137889794,254.067942374551,264.874085379522,245.232722470925,259.580295598188,263.747815100461,257.169111297291,266.686424180901,240.823098162537,256.098620766521,242.992213806406,256.977844664294
255.117353801911,260.035120506512,246.79725789292,248.240670816739,238.60456408494,247.473211805975,246.604449636693,251.925300752423,271.403011639567,254.153166744994,298.886292851987,254.290505545081,263.807974268124,259.0154567628,268.212677392068,268.249900512275,248.665219688259,265.948875012778,274.696950417204,254.067890324864,264.874050792116,245.232651105202,259.580272061541,263.747815100461,257.168922355373,266.686419520835,240.823048016631,256.098523689694,242.992158120989,256.977817404677
255.117353801911,260.035120506512,246.797256514067,248.24066887035,238.604555274293,247.473211805975,246.604449636693,251.925300752423,271.402994469884,254.153166744994,298.886290499107,254.290502422832,263.807973879861,259.0154567628,268.212676142646,268.249897203994,248.665201138748,265.948875012778,274.696932191378,254.06788470332,264.874049133459,245.232644273921,259.580270315511,263.747815100461,257.168910577919,266.686419301414,240.823046969133,256.098502339855,242.992154772936,256.977815641595
255.117353801911,260.035120506512,246.797256430449,248.240668731213,238.604554401338,247.473211805975,246.604449636693,251.925300752423,271.402993072807,254.153166744994,298.886290294889,254.290502284541,263.807973853896,259.0154567628,268.212676046806,268.249896465973,248.665200995965,265.948875012778,274.696931586632,254.06788431804,264.87404909892,245.23264372134,259.580270150713,263.747815100461,257.168909741496,266.686419290651,240.823046858142,256.098501417348,242.99215469604,256.977815562993
