190.18252809611,140.109928411979,149.777916601158,232.623542388563,189.325441012201,211.454258089313,183.918800221559,140.434401204993,203.798399826989,249.214333807319,149.035831062752,130.437533023778,184.661919192875,220.531959462582,183.18782863761,190.223545365684,164.618710111251,205.058988914575,134.95722379316,200.408171098375,219.488843122004,210.331029097147,186.542642031522,182.211564957068,140.705581518167,181.141249759914,214.742650149722,217.817305021424,210.826654581121,170.546818660619
190.18252809611,140.109928411979,149.777916601158,232.623542388563,189.325441012201,199.085098667914,183.918800221559,140.434401204993,166.958431051085,249.214333807319,142.635663006376,130.437533023778,175.725761560942,206.373012743521,183.18782863761,190.223545365684,164.618710111251,205.058988914575,134.95722379316,200.408171098375,187.059958088343,194.293541286315,186.542642031522,170.111533033686,140.705581518167,181.141249759914,214.742650149722,217.817305021424,210.826654581121,150.063289819751
190.18252809611,140.109928411979,149.777916601158,232.623542388563,189.325441012201,184.096292036528,183.918800221559,140.434401204993,150.159234924358,249.214333807319,130.75556789759,130.437533023778,139.110388126207,168.634126874029,183.18782863761,190.223545365684,164.618710111251,205.058988914575,134.95722379316,200.408171098375,142.039420346762,182.053339049639,186.542642031522,166.042119707585,140.705581518167,181.141249759914,214.742650149722,217.817305021424,210.826654581121,128.985263254942
190.18252809611,140.109928411979,149.777916601158,232.623542388563,189.325441012201,177.718523800422,183.918800221559,140.434401204993,124.946460578235,249.214333807319,130.75556789759,130.437533023778,130.102624378044,168.634126874029,183.18782863761,190.223545365684,164.618710111251,205.058988914575,134.95722379316,200.408171098375,142.039420346762,171.034549081993,165.060361762782,158.293152705335,140.705581518167,181.141249759914,214.742650149722,217.817305021424,210.826654581121,128.985263254942
190.18252809611,140.109928411979,139.159833290383,232.623542388563,189.325441012201,155.953443720001,183.918800221559,136.357639719105,124.946460578235,249.214333807319,118.865639311836,130.437533023778,109.891928095958,155.905407011008,175.72347301974,190.223545365684,164.618710111251,205.058988914575,134.95722379316,200.408171098375,114.558892665485,151.217863519734,157.954812003297,157.836120316052,140.705581518167,172.081166135048,211.145959059613,217.817305021424,185.607695132688,101.857211882633
179.793990577429,140.109928411979,132.360889706,217.761380194341,182.748512247416,146.267821373335,183.783952258136,122.4120734403,92.0080583950582,233.537456954868,87.9451623867727,130.437533023778,55.0545284530581,104.215758155372,175.72347301974,178.285517224221,163.766604622379,205.058988914575,134.95722379316,200.408171098375,69.6468799507503,132.743107886998,150.798747923762,141.738025807186,134.48386000092,172.081166135048,166.855804352838,196.520981930193,185.607695132688,56.8883901293589
159.192045434268,129.718140505469,111.042199134264,192.691025191338,168.519261923779,84.7582314170436,152.450548094509,110.312230922471,37.3318422176383,233.537456954868,50.6875793234877,123.527017384705,32.2928093738992,29.160068364212,139.290140333349,166.009804032106,163.766604622379,191.807498894996,123.011816071241,195.439452599772,30.8282975578728,124.151796408991,130.667291349216,138.112003956433,111.293761859794,170.278924401899,146.405286380793,193.044700991395,148.648824357954,15.7646605158424
137.320432174241,109.267949700203,111.042199134264,192.691025191338,136.227999571477,14.8696738913684,130.331847925115,107.975190454106,1.5422479551579,203.106366294473,9.64198482523716,121.097604947544,2.4713009235461,0.826639755900146,121.495259143028,132.648558434086,150.840129243089,155.036321378541,113.124151721587,174.859579385524,1.96844236785148,119.636384059826,130.667291349216,128.792207464971,104.531077889894,169.92678916406,140.112887715801,177.078467037543,148.648824357954,0.820212243539686
137.320432174241,109.267949700203,92.3262534170028,157.5397525927,136.227999571477,0.116532965455349,130.331847925115,98.3490972535549,0.00645663237935423,168.451356571481,0.0435521999911543,121.097604947544,0.00585115130093072,0.00474124659535846,121.495259143028,132.360105287216,143.200592517699,141.868176247366,113.124151721587,156.360537926952,0.0112296416147046,119.413465143193,125.059392061345,127.6449669302,104.531077889894,153.180124956504,127.779335627967,167.369301554603,148.648824357954,0.00256837185816039
137.320432174241,109.267949700203,70.0223640762794,147.747522071796,136.227999571477,1.30881290942853e-05,120.265420460473,91.9938986336981,4.65436755803239e-07,143.62892516811,5.67296410736162e-07,114.034743828314,3.44533759744081e-07,4.07196694141021e-08,109.293027262051,132.360105287216,131.537040051241,138.921494017627,113.124151721587,152.637982719371,3.41052327712532e-07,119.401373308466,113.86227672743,127.630004261356,97.6351862318476,145.249940312205,82.521352116507,152.403693378133,146.036527712282,1.14815065899165e-07
127.217276635131,100.490746597246,39.6087665827304,135.697396118616,128.796540070648,1.13686837721616e-13,107.236538746586,71.1846972246092,1.13686837721616e-13,141.396641165318,1.13686837721616e-13,110.724278975352,1.13686837721616e-13,1.13686837721616e-13,102.025352941317,112.811323806915,122.098853832141,126.873477914004,103.024540282373,146.684020968074,1.13686837721616e-13,119.401373308118,111.236233379704,127.6300042613,88.183956930667,142.847742987338,22.2109170598463,152.403693378133,113.868018296603,1.13686837721616e-13
103.444552061685,91.1776418392395,7.2088430712123,124.490499445204,111.646088531633,1.13686837721616e-13,87.7644564267711,45.0444015345172,1.13686837721616e-13,120.142053168426,1.13686837721616e-13,90.5720818837401,1.13686837721616e-13,1.13686837721616e-13,72.4058806639885,97.9834698036084,105.306779115038,107.444335340987,90.1205136157912,134.359245956486,1.13686837721616e-13,119.401373308118,109.437224114054,127.6300042613,82.0663179255948,131.483366761803,0.551198641455358,120.529301781557,108.257970613002,1.13686837721616e-13
91.6072700703705,75.8953750400681,0.528596018189205,94.4889113661879,87.0131264431462,1.13686837721616e-13,65.5802018005984,18.1727828955725,1.13686837721616e-13,107.55191427412,1.13686837721616e-13,80.0573905829825,1.13686837721616e-13,1.13686837721616e-13,40.6196381800503,89.4901686049176,94.9147977220065,87.6536514633003,78.228464224518,108.378642268025,1.13686837721616e-13,119.401373308118,109.437050355748,127.6300042613,72.3459741837506,122.273942431351,0.000663399201698667,98.7639687717353,103.014424345726,1.13686837721616e-13
87.4119651088624,73.2148751588154,0.315378350247784,89.3460517348844,77.3102184890222,1.13686837721616e-13,57.4434472023751,15.3326208674013,1.13686837721616e-13,105.979980128896,1.13686837721616e-13,76.2468146873961,1.13686837721616e-13,1.13686837721616e-13,36.5692143246584,89.0208863635023,92.1377001736661,86.0258874855783,72.9876506241062,94.3920478365947,1.13686837721616e-13,119.401373308118,109.437050355748,127.6300042613,66.4299418299385,121.584836255431,1.15406351142155e-07,91.8410418573709,102.53949465576,1.13686837721616e-13
86.8692047467185,73.0144403340992,0.314247621494019,88.4388151622941,73.8232578399255,1.13686837721616e-13,56.9483780063371,15.2749806313856,1.13686837721616e-13,104.945453950138,1.13686837721616e-13,75.4374232828461,1.13686837721616e-13,1.13686837721616e-13,36.4510940962894,88.6613075600141,90.5302640846201,85.8604083506129,72.696674743854,93.866822791351,1.13686837721616e-13,119.401373308118,109.437050355748,127.6300042613,66.0179775207948,121.584639909405,8.46027887746459e-08,91.3598801280428,102.539494522003,1.13686837721616e-13
86.8687800258725,72.8622045621779,0.314247534158085,88.1879761030008,73.7331828740537,1.13686837721616e-13,56.9412209694348,15.2749604269939,1.13686837721616e-13,104.904887522477,1.13686837721616e-13,75.3960345492286,1.13686837721616e-13,1.13686837721616e-13,36.4507252907479,88.6606821524922,90.48822595541,85.7240354000616,72.6511627831777,93.6805832388884,1.13686837721616e-13,119.401373308118,109.437050355748,127.6300042613,65.9908332408604,121.584639909405,8.45990371090011e-08,91.0850972484916,102.539494522003,1.13686837721616e-13
