137.320432174241,109.267949700203,107.782169235435,184.90857725964,136.227999571477,6.00951167958419,130.331847925115,107.975190454106,0.397625446043776,191.424678382609,3.21706496360309,121.097604947544,0.417011828392333,0.30381665861978,121.495259143028,132.648558434086,143.200592517699,155.036321378541,113.124151721587,157.578481527122,0.716732877408845,119.545094754638,130.667291349216,127.895480673681,104.531077889894,162.236885454981,140.112887715801,177.078467037543,148.648824357954,0.182184628820437
137.320432174241,109.267949700203,92.3262534170028,147.747522071796,136.227999571477,0.00156759677940954,123.609790623179,94.1917361461,0.000210282184411881,166.220019007463,0.000370076592957957,118.875465644532,0.000200279866930941,3.64066036127042e-05,120.647295757326,132.360105287216,131.537040051241,138.921494017627,113.124151721587,156.360537926952,0.000186654060712499,119.401397483718,117.153690481952,127.630664089711,104.531077889894,147.217879251761,98.9716883669225,167.369301554603,148.648824357954,4.06658422207329e-05
137.320432174241,109.267949700203,70.0223640762794,147.747522071796,136.227999571477,8.11971176517545e-07,120.265420460473,91.9938986336981,1.17509557640005e-07,143.62892516811,1.51666768033465e-07,114.034743828314,5.42991074325982e-08,2.71359112957725e-09,109.293027262051,132.360105287216,122.995194334758,138.921494017627,113.124151721587,152.637982719371,4.76017021355801e-08,119.401373308124,113.563429816806,127.630004261301,97.6351862318476,144.775869801091,68.2654828215333,152.403693378133,144.968595915017,7.02186753187561e-09
127.217276635131,100.490746597246,39.6087665827304,135.697396118616,128.796540070648,1.13686837721616e-13,107.236538746586,71.1846972246092,1.13686837721616e-13,141.396641165318,1.13686837721616e-13,110.724278975352,1.13686837721616e-13,1.13686837721616e-13,102.025352941317,112.811323806915,122.098853832141,126.873477914004,103.024540282373,146.684020968074,1.13686837721616e-13,119.401373308118,111.236233379704,127.6300042613,88.183956930667,142.847742987338,22.2109170598463,152.403693378133,113.868018296603,1.13686837721616e-13
103.444552061685,86.3968940391322,5.5661955157201,112.151621123458,103.090380058012,1.13686837721616e-13,84.1613179262108,38.4882162198193,1.13686837721616e-13,117.68233691861,1.13686837721616e-13,90.5720818837401,1.13686837721616e-13,1.13686837721616e-13,68.0202312920738,92.5099216180811,101.642215131616,104.28399068937,88.5077620227137,134.359245956486,1.13686837721616e-13,119.401373308118,109.437058927282,127.6300042613,81.2080445548529,130.033644610154,0.216673072503227,120.529301781557,107.844228589402,1.13686837721616e-13
90.8239369113442,74.5470411574964,0.369618650280586,91.4677488473982,83.1513285325059,1.13686837721616e-13,61.3343458085558,16.5733190075472,1.13686837721616e-13,106.455444497845,1.13686837721616e-13,77.6183208592347,1.13686837721616e-13,1.13686837721616e-13,38.4278710097083,89.3630676133143,93.7552798179551,86.8599254999257,76.6733700504092,102.363973763312,1.13686837721616e-13,119.401373308118,109.437050355748,127.6300042613,68.6859984032379,121.70255760245,5.22909679148142e-05,94.026931138805,102.567153196833,1.13686837721616e-13
87.4119651088624,73.2148751588154,0.315823990001604,89.3460517348844,77.9569175514478,1.13686837721616e-13,57.5200514618766,15.3330902976511,1.13686837721616e-13,105.979980128896,1.13686837721616e-13,76.2468146873961,1.13686837721616e-13,1.13686837721616e-13,36.5692143246584,89.0276465203056,92.1377001736661,86.0258874855783,72.9876506241062,94.5575641699055,1.13686837721616e-13,119.401373308118,109.437050355748,127.6300042613,66.4299418299385,121.58487851302,1.15406351142155e-07,91.8410418573709,102.53949465576,1.13686837721616e-13
86.9192144116153,73.0475964026865,0.314269805729168,88.9740005763728,74.0935238371958,1.13686837721616e-13,57.0782897789268,15.279324077217,1.13686837721616e-13,105.424575325202,1.13686837721616e-13,75.8937449936616,1.13686837721616e-13,1.13686837721616e-13,36.4679830232162,88.7448340607895,90.7965613354183,85.8992059020286,72.7813834822939,94.0995745461593,1.13686837721616e-13,119.401373308118,109.437050355748,127.6300042613,66.1041373478866,121.58463991033,8.46871444082353e-08,91.5064617033426,102.539494522003,1.13686837721616e-13
86.8698825780816,73.0273198019245,0.31424769298178,88.5290788741875,73.8540292605073,1.13686837721616e-13,56.9665455954703,15.2751274518305,1.13686837721616e-13,105.012085553768,1.13686837721616e-13,75.5062270301003,1.13686837721616e-13,1.13686837721616e-13,36.4523919848762,88.6692584263285,90.5585624400762,85.874657055411,72.709313731884,93.9303997656252,1.13686837721616e-13,119.401373308118,109.437050355748,127.6300042613,66.0536284273858,121.584639909405,8.46143848320935e-08,91.4045701173076,102.539494522003,1.13686837721616e-13
86.8688063807532,73.0068323560802,0.314247574682668,88.4237685096273,73.7727189708628,1.13686837721616e-13,56.9435255609052,15.2749625775613,1.13686837721616e-13,104.927175732841,1.13686837721616e-13,75.409140487095,1.13686837721616e-13,1.13686837721616e-13,36.4507995050741,88.6607301877102,90.5084135070693,85.8515222938145,72.6830827490693,93.7777775959914,1.13686837721616e-13,119.401373308118,109.437050355748,127.6300042613,66.0131909404148,121.584639909405,8.45990371090011e-08,91.3459506927074,102.539494522003,1.13686837721616e-13
86.8687802002348,72.9978782412458,0.314247537050392,88.3716915373727,73.7498861001779,1.13686837721616e-13,56.9414534865233,15.2749605332712,1.13686837721616e-13,104.917611818294,1.13686837721616e-13,75.3974709376218,1.13686837721616e-13,1.13686837721616e-13,36.4507280992869,88.6606826788941,90.4956054141372,85.8314966027847,72.6799505521647,93.7328660367341,1.13686837721616e-13,119.401373308118,109.437050355748,127.6300042613,65.9981054544089,121.584639909405,8.45990371090011e-08,91.3280099515437,102.539494522003,1.13686837721616e-13
86.8687800464528,72.9015578659879,0.314247537050392,88.2578388977701,73.7415642893084,1.13686837721616e-13,56.9412305426704,15.2749604269939,1.13686837721616e-13,104.910656926179,1.13686837721616e-13,75.3963155157951,1.13686837721616e-13,1.13686837721616e-13,36.4507255037466,88.6606821535601,90.4914155106881,85.7456929616553,72.6732241430951,93.7099876969892,1.13686837721616e-13,119.401373308118,109.437050355748,127.6300042613,65.9927324756219,121.584639909405,8.45990371090011e-08,91.2638057264342,102.539494522003,1.13686837721616e-13
86.868780026225,72.8683362495035,0.314247537050392,88.2162554446809,73.7365498376805,1.13686837721616e-13,56.9412213386611,15.2749604269939,1.13686837721616e-13,104.907639455293,1.13686837721616e-13,75.3960429137924,1.13686837721616e-13,1.13686837721616e-13,36.450725374413,88.6606821524954,90.4884815554092,85.7298167486567,72.6669521570706,93.6873110541575,1.13686837721616e-13,119.401373308118,109.437050355748,127.6300042613,65.9913520920792,121.584639909405,8.45990371090011e-08,91.174558927689,102.539494522003,1.13686837721616e-13
86.8687800258725,72.8622045621779,0.314247534158085,88.1879761030008,73.7331828740537,1.13686837721616e-13,56.9412209694348,15.2749604269939,1.13686837721616e-13,104.904887522477,1.13686837721616e-13,75.3960345492286,1.13686837721616e-13,1.13686837721616e-13,36.4507252907479,88.6606821524922,90.48822595541,85.7240354000616,72.6511627831777,93.6805832388884,1.13686837721616e-13,119.401373308118,109.437050355748,127.6300042613,65.9908332408604,121.584639909405,8.45990371090011e-08,91.0850972484916,102.539494522003,1.13686837721616e-13
