94.0938508148263,24.8516037917984,21.0578414860406,92.5209251939042,13.7752805947104,259.681452334571,100.643290940185,9.99502396468495,83.2404936783953,106.112206572763,64.2783640548168,101.986295214303,5.16719079985694,240.777025512401,83.3532903729096,114.828664160076,117.374158719903,99.3608271619858,4.00174877194434,12.0649490339397,96.7992166558479,42.6372291214968,94.3604000052019,94.8202404825679,80.7491299501621,92.0372281486883,98.1975460437867,11.8652218356872,105.306348723252,102.571762205306
6.96520845127873,6.96471340039932,4.97479528716212,5.97108067908607,7.95967245739587,259.681450460312,32.6951638910829,7.95967245687791,5.96975442161386,7.95967402804808,6.96471343132941,2.98487861282956,2.9848771714037,240.777018746696,5.96975441056793,8.95463602064547,7.95967776315422,5.96975730169754,3.97983622837478,9.9495855331761,5.96977430174627,5.96975435066611,5.97094218105815,4.97481734613336,5.96975439444986,4.97727295268987,9.9496029812293,7.95967245690042,33.9586233744805,6.96480851190552
6.96471339965308,6.96471339965308,4.97479528546648,5.9697543425599,7.95967245674638,259.681450460312,7.95967246918667,7.95967245674638,5.96975434255978,7.95967245674638,6.96471339965308,2.98487717127989,2.98487717127989,240.777018746696,5.96975434255978,8.95463151383967,7.95967245674638,5.96975434255978,3.97983622837319,9.94958553311392,5.96975434255978,5.96975434255978,5.96975434256012,4.97479528546648,5.96975434255978,4.97479528546694,9.94959057093297,7.95967245674638,4.97479535328671,6.96471339965308
6.96471339965308,6.96471339965308,4.97479528546648,5.96975434255978,7.95967245674638,259.681450460312,7.95967245674638,7.95967245674638,5.96975434255978,7.95967245674638,6.96471339965308,2.98487717127989,2.98487717127989,240.777018746696,5.96975434255978,8.95463151383967,7.95967245674638,5.96975434255978,3.97983622837319,9.94958553311392,5.96975434255978,5.96975434255978,5.96975434255978,4.97479528546648,5.96975434255978,4.97479528546648,9.94959057093297,7.95967245674638,4.97479528546648,6.96471339965308
6.96471339965308,6.96471339965308,4.97479528546648,5.96975434255978,7.95967245674638,259.681450460312,7.95967245674638,7.95967245674638,5.96975434255978,7.95967245674638,6.96471339965308,2.98487717127989,2.98487717127989,240.777018746696,5.96975434255978,8.95463151383967,7.95967245674638,5.96975434255978,3.97983622837319,9.94958553311392,5.96975434255978,5.96975434255978,5.96975434255978,4.97479528546648,5.96975434255978,4.97479528546648,9.94959057093297,7.95967245674638,4.97479528546648,6.96471339965308
6.96471339965308,6.96471339965308,4.97479528546648,5.96975434255978,7.95967245674638,259.681450460312,7.95967245674638,7.95967245674638,5.96975434255978,7.95967245674638,6.96471339965308,2.98487717127989,2.98487717127989,240.777018746696,5.96975434255978,8.95463151383967,7.95967245674638,5.96975434255978,3.97983622837319,9.94958553311392,5.96975434255978,5.96975434255978,5.96975434255978,4.97479528546648,5.96975434255978,4.97479528546648,9.94959057093297,7.95967245674638,4.97479528546648,6.96471339965308
6.96471339965308,6.96471339965308,4.97479528546648,5.96975434255978,7.95967245674638,259.681450460312,7.95967245674638,7.95967245674638,5.96975434255978,7.95967245674638,6.96471339965308,2.98487717127989,2.98487717127989,240.777018746696,5.96975434255978,8.95463151383967,7.95967245674638,5.96975434255978,3.97983622837319,9.94958553311392,5.96975434255978,5.96975434255978,5.96975434255978,4.97479528546648,5.96975434255978,4.97479528546648,9.94959057093297,7.95967245674638,4.97479528546648,6.96471339965308
6.96471339965308,6.96471339965308,4.97479528546648,5.96975434255978,7.95967245674638,259.681450460312,7.95967245674638,7.95967245674638,5.96975434255978,7.95967245674638,6.96471339965308,2.98487717127989,2.98487717127989,240.777018746696,5.96975434255978,8.95463151383967,7.95967245674638,5.96975434255978,3.97983622837319,9.9495855331138,5.96975434255978,5.96975434255978,5.96975434255978,4.97479528546648,5.96975434255978,4.97479528546648,9.94959057093297,7.95967245674638,4.97479528546648,6.96471339965308
6.96471339965308,6.96471339965308,4.97479528546648,5.96975434255978,7.95967245674638,259.681450460312,7.95967245674638,7.95967245674638,5.96975434255978,7.95967245674638,6.96471339965308,2.98487717127989,2.98487717127989,240.777018746696,5.96975434255978,8.95463151383967,7.95967245674638,5.96975434255978,3.97983622837319,9.9495855331138,5.96975434255978,5.96975434255978,5.96975434255978,4.97479528546648,5.96975434255978,4.97479528546648,9.94959057093297,7.95967245674638,4.97479528546648,6.96471339965308
6.96471339965308,6.96471339965308,4.97479528546648,5.96975434255978,7.95967245674638,259.681450460312,7.95967245674638,7.95967245674638,5.96975434255978,7.95967245674638,6.96471339965308,2.98487717127989,2.98487717127989,240.777018746696,5.96975434255978,8.95463151383967,7.95967245674638,5.96975434255978,3.97983622837319,9.9495855331138,5.96975434255978,5.96975434255978,5.96975434255978,4.97479528546648,5.96975434255978,4.97479528546648,9.94959057093297,7.95967245674638,4.97479528546648,6.96471339965308
6.96471339965308,6.96471339965308,4.97479528546648,5.96975434255978,7.95967245674638,259.681450460312,7.95967245674638,7.95967245674638,5.96975434255978,7.95967245674638,6.96471339965308,2.98487717127989,2.98487717127989,240.777018746696,5.96975434255978,8.95463151383967,7.95967245674638,5.96975434255978,3.97983622837319,9.9495855331138,5.96975434255978,5.96975434255978,5.96975434255978,4.97479528546648,5.96975434255978,4.97479528546648,9.94959057093297,7.95967245674638,4.97479528546648,6.96471339965308
6.96471339965308,6.96471339965308,4.97479528546648,5.96975434255978,7.95967245674638,259.681450460312,7.95967245674638,7.95967245674638,5.96975434255978,7.95967245674638,6.96471339965308,2.98487717127989,2.98487717127989,240.777018746696,5.96975434255978,8.95463151383967,7.95967245674638,5.96975434255978,3.97983622837319,9.9495855331138,5.96975434255978,5.96975434255978,5.96975434255978,4.97479528546648,5.96975434255978,4.97479528546648,9.94959057093297,7.95967245674638,4.97479528546648,6.96471339965308
6.96471339965308,6.96471339965308,4.97479528546648,5.96975434255978,7.95967245674638,259.681450460312,7.95967245674638,7.95967245674638,5.96975434255978,7.95967245674638,6.96471339965308,2.98487717127989,2.98487717127989,240.777018746696,5.96975434255978,8.95463151383967,7.95967245674638,5.96975434255978,3.97983622837319,9.9495855331138,5.96975434255978,5.96975434255978,5.96975434255978,4.97479528546648,5.96975434255978,4.97479528546648,9.94959057093297,7.95967245674638,4.97479528546648,6.96471339965308
6.96471339965308,6.96471339965308,4.97479528546648,5.96975434255978,7.95967245674638,259.681450460312,7.95967245674638,7.95967245674638,5.96975434255978,7.95967245674638,6.96471339965308,2.98487717127989,2.98487717127989,240.777018746696,5.96975434255978,8.95463151383967,7.95967245674638,5.96975434255978,3.97983622837319,9.9495855331138,5.96975434255978,5.96975434255978,5.96975434255978,4.97479528546648,5.96975434255978,4.97479528546648,9.94959057093297,7.95967245674638,4.97479528546648,6.96471339965308
