49.932864798869,5629.99449185822,5882.32253934705,5421.25393510105,5507.84934729899,5046.53300614705,5201.03359255779,9621.01972102631,5737.12444903612,6630.47222577617,13143.8211859002,8848.1905487263,7500.04926708117,4873.75273175654,5226.7000211262,4256.96758577162,6749.29807343916,5274.16091918426,6630.84943636615,10194.6033204604,13212.5059347491,6707.94747426435,5953.82029906091,7199.62320459036,3979.9622610926,7416.51634314433,7198.40466207009,7395.03667095755,6013.89561951723,7633.13837042149
1.13649321065168e-07,5629.56567116447,5881.23985164837,5421.2040637247,5507.64253305654,5046.50800883543,5200.21624055964,7348.79023867169,5736.77243051742,6623.71164075695,12274.4396511032,8847.95658378763,7444.12964272433,4873.75121087822,5193.87238186027,4256.22331171814,6744.04112452905,5272.13362579853,6629.77449840631,7111.0270657624,13212.5059347491,6707.89963797742,5953.8140609163,5202.49391503448,3979.48512558622,7416.29288072532,7198.09292489452,7389.39867427664,5634.34795561484,5219.41212718626
1.13686837721616e-13,5629.56567096818,5881.23985164691,5421.20406372469,5507.64253302489,5046.50800883379,5200.2162377613,6575.87051093125,5736.77243051681,6623.71164071446,7788.83205987011,8847.95658378029,7444.12953203903,4873.75121087821,5192.51681143885,4256.22331112374,6744.04112325042,5272.13330902186,6629.77449840239,6076.12035815884,6995.83568395345,6707.89963797741,5953.81406091525,4628.84063795867,3979.4851255862,7416.29288072527,7198.09292489448,7389.39867426583,5633.71926291466,4038.81809388722
0,5629.56567096818,5881.23985164691,5421.20406372469,5507.64253302489,5046.50800883379,5200.2162377613,6369.44785966719,5736.77243051681,6623.71164071446,5752.3052200996,8847.95658378029,7444.12953203903,4873.75121087821,5192.51681035292,4256.22331112374,6744.04112325042,5272.13330902186,6629.77449840239,5985.62814672256,5818.40915237357,6707.89963797741,5953.81406091525,4598.82019282169,3979.4851255862,7416.29288072527,7198.09292489448,7389.39867426583,5633.71905675511,3843.1976882751
0,5629.56567096818,5881.23985164691,5421.20406372469,5507.64253302489,5046.50800883379,5200.2162377613,6366.6350991453,5736.77243051681,6623.71164071446,5711.39053411642,8847.95658378029,7444.12953203903,4873.75121087821,5192.51681035292,4256.22331112374,6744.04112325042,5272.13330902186,6629.77449840239,5973.555721235,5777.14072280205,6707.89963797741,5953.81406091525,4598.659750078,3979.4851255862,7416.29288072527,7198.09292489448,7389.39867426583,5633.71905675511,3836.39981992865
0,5629.56567096818,5881.23985164691,5421.20406372469,5507.64253302489,5046.50800883379,5200.2162377613,6366.63509841044,5736.77243051681,6623.71164071446,5711.36603136486,8847.95658378029,7444.12953203903,4873.75121087821,5192.51681035292,4256.22331112374,6744.04112325042,5272.13330902186,6629.77449840239,5973.41056956255,5777.14067936111,6707.89963797741,5953.81406091525,4598.65975005155,3979.4851255862,7416.29288072527,7198.09292489448,7389.39867426583,5633.71905675511,3836.39448325993
0,5629.56567096818,5881.23985164691,5421.20406372469,5507.64253302489,5046.50800883379,5200.2162377613,6366.63509841044,5736.77243051681,6623.71164071446,5711.36603136486,8847.95658378029,7444.12953203903,4873.75121087821,5192.51681035292,4256.22331112374,6744.04112325042,5272.13330902186,6629.77449840239,5973.41056956255,5777.14067936111,6707.89963797741,5953.81406091525,4598.65975005155,3979.4851255862,7416.29288072527,7198.09292489448,7389.39867426583,5633.71905675511,3836.39448325993
0,5629.56567096818,5881.23985164691,5421.20406372469,5507.64253302489,5046.50800883379,5200.2162377613,6366.63509841044,5736.77243051681,6623.71164071446,5711.36603136486,8847.95658378029,7444.12953203903,4873.75121087821,5192.51681035292,4256.22331112374,6744.04112325042,5272.13330902186,6629.77449840239,5973.41056956255,5777.14067936111,6707.89963797741,5953.81406091525,4598.65975005155,3979.4851255862,7416.29288072527,7198.09292489448,7389.39867426583,5633.71905675511,3836.39448325993
0,5629.56567096818,5881.23985164691,5421.20406372469,5507.64253302489,5046.50800883379,5200.2162377613,6366.63509841044,5736.77243051681,6623.71164071446,5711.36603136486,8847.95658378029,7444.12953203903,4873.75121087821,5192.51681035292,4256.22331112374,6744.04112325042,5272.13330902186,6629.77449840239,5973.41056956255,5777.14067936111,6707.89963797741,5953.81406091525,4598.65975005155,3979.4851255862,7416.29288072527,7198.09292489448,7389.39867426583,5633.71905675511,3836.39448325993
0,5629.56567096818,5881.23985164691,5421.20406372469,5507.64253302489,5046.50800883379,5200.2162377613,6366.63509841044,5736.77243051681,6623.71164071446,5711.36603136486,8847.95658378029,7444.12953203903,4873.75121087821,5192.51681035292,4256.22331112374,6744.04112325042,5272.13330902186,6629.77449840239,5973.41056956255,5777.14067936111,6707.89963797741,5953.81406091525,4598.65975005155,3979.4851255862,7416.29288072527,7198.09292489448,7389.39867426583,5633.71905675511,3836.39448325993
0,5629.56567096818,5881.23985164691,5421.20406372469,5507.64253302489,5046.50800883379,5200.2162377613,6366.63509841044,5736.77243051681,6623.71164071446,5711.36603136486,8847.95658378029,7444.12953203903,4873.75121087821,5192.51681035292,4256.22331112374,6744.04112325042,5272.13330902186,6629.77449840239,5973.41056956255,5777.14067936111,6707.89963797741,5953.81406091525,4598.65975005155,3979.4851255862,7416.29288072527,7198.09292489448,7389.39867426583,5633.71905675511,3836.39448325993
0,5629.56567096818,5881.23985164691,5421.20406372469,5507.64253302489,5046.50800883379,5200.2162377613,6366.63509841044,5736.77243051681,6623.71164071446,5711.36603136486,8847.95658378029,7444.12953203903,4873.75121087821,5192.51681035292,4256.22331112374,6744.04112325042,5272.13330902186,6629.77449840239,5973.41056956255,5777.14067936111,6707.89963797741,5953.81406091525,4598.65975005155,3979.4851255862,7416.29288072527,7198.09292489448,7389.39867426583,5633.71905675511,3836.39448325993
0,5629.56567096818,5881.23985164691,5421.20406372469,5507.64253302489,5046.50800883379,5200.2162377613,6366.63509841044,5736.77243051681,6623.71164071446,5711.36603136486,8847.95658378029,7444.12953203903,4873.75121087821,5192.51681035292,4256.22331112374,6744.04112325042,5272.13330902186,6629.77449840239,5973.41056956255,5777.14067936111,6707.89963797741,5953.81406091525,4598.65975005155,3979.4851255862,7416.29288072527,7198.09292489448,7389.39867426583,5633.71905675511,3836.39448325993
0,5629.56567096818,5881.23985164691,5421.20406372469,5507.64253302489,5046.50800883379,5200.2162377613,6366.63509841044,5736.77243051681,6623.71164071446,5711.36603136486,8847.95658378029,7444.12953203903,4873.75121087821,5192.51681035292,4256.22331112374,6744.04112325042,5272.13330902186,6629.77449840239,5973.41056956255,5777.14067936111,6707.89963797741,5953.81406091525,4598.65975005155,3979.4851255862,7416.29288072527,7198.09292489448,7389.39867426583,5633.71905675511,3836.39448325993
