490.312262796983,801.942340598034,788.642599207448,490.082117507164,282.819917942874,677.300132394023,775.601596394936,661.20073960227,1172.6927630797,904.482821308646,616.887305354607,1008.37969719489,783.511730201853,883.250952393621,643.459809044457,1033.04227594719,636.974507812798,415.334630652455,618.917596178475,499.329642551253,480.287105951552,623.44436209818,558.526555775014,651.510883990578,820.327852858993,799.532978742292,746.767335876924,832.730013492109,1089.84782529708,885.174213078454
477.443106314678,755.195323668986,483.353663962145,452.687648688229,256.242192019872,628.363376970614,746.600038861555,619.155175106016,914.464766458616,859.367348609551,597.152357174352,954.722412339485,721.524803630982,881.185346822577,608.130645576957,960.046253782279,636.974507812798,415.334630652455,613.455579518388,472.890314200187,450.077915175388,610.719423932452,515.695630613925,651.510883990578,527.713374249271,762.498123901049,746.767335876924,737.32353190492,1065.6519571682,787.373026313533
452.318158318426,741.255746693336,483.353663962145,448.026414193368,253.054896553846,628.363376970614,733.557289039914,389.964221452976,904.168435785477,859.334557037805,597.152357174352,920.640077344689,721.524803630982,869.377633685019,450.583411204623,960.046253782279,636.974507812798,415.334630652455,596.749178581202,458.558610342276,450.077915175388,610.719423932452,507.802265151504,644.026328222012,504.640093853873,762.498123901049,746.767335876924,737.32353190492,1065.6519571682,660.595482736345
452.318158318426,741.255746693336,456.653852528123,429.487398745441,239.717676910427,628.363376970614,714.86055975937,218.377831509685,878.307371082475,847.416424916322,584.324071657082,898.65752536947,720.955329579956,845.308966683653,450.583411204623,932.195640368018,610.844805763471,394.75131676795,596.749178581202,457.461105280575,445.357643296611,582.508781151574,475.094479207271,641.250455178917,488.071419173551,754.652817394656,706.432234773788,718.010599370726,1025.79840755272,651.195742104725
444.580125139437,706.974152008895,448.745689318472,370.481709910402,221.82242425791,626.029826978799,692.261030722847,216.531495643712,809.199854429277,808.604989436983,565.274964269952,855.378625791801,653.699937076427,810.167127347038,450.583411204623,918.237581254202,578.084102989756,368.941210562106,580.312188299479,415.424393521787,404.97249787209,545.30374573446,447.565329129893,617.958738267751,437.372882241699,728.634822163463,673.204804335959,665.30200678865,1008.85463560299,614.966566457986
385.655968731469,654.097173676331,400.964790837957,259.334050972294,105.947703426979,570.155441631947,684.951659354445,165.54416624874,775.745609113575,796.124553310624,549.045909105334,845.125651468758,630.847911771043,756.835413683624,450.583411204623,904.942089283139,572.103447667873,361.07660037974,572.912867989154,403.532026875173,376.084760790395,528.003048662956,418.26884183384,603.114822019064,417.802616086455,714.366626106274,644.963546714307,621.461349020444,990.716015259501,543.403409085283
382.822055041096,642.184113982172,397.62019389924,210.815946914806,54.8433480817275,527.601422798693,684.443153393215,115.518169976801,768.867334511086,795.123501706778,548.129625746645,843.550542336508,623.606665194833,747.18439512017,450.583411204623,903.223853363994,571.367901621144,360.040466241696,572.240395519018,402.397707783109,374.597664310382,525.548780804898,414.153673841072,600.25154884123,405.40794662836,712.638423321885,642.8698104369,602.901808775772,988.417137152509,538.245820366072
382.340453647988,640.299913798897,396.24783759581,205.451281649413,36.8034277414793,521.177622934013,684.416149542473,112.806071822218,765.331580462566,795.005564606861,548.072921844695,843.417118692862,620.787711433434,744.069767861804,450.583411204623,903.053374895,571.302110502791,359.17019474861,572.114930784451,402.313430078825,374.527523623797,524.922365764444,413.190361988536,600.00079420449,403.138275488986,712.57597300919,642.767373289624,601.339993101862,988.127796246222,537.557771039205
382.317913380978,639.12774674787,396.188552246575,203.684484881746,36.052270418056,520.188203003002,684.409695489414,110.749955299508,763.708026133194,794.989519546706,548.068052047122,843.209331697247,620.610556359903,743.785225628384,450.583411204623,902.973658094898,571.292722553342,359.032131421514,572.101243967102,402.308691780829,374.519381155477,524.806426145306,413.065284591334,599.879544754541,402.820264696304,712.570243681843,642.758034707261,601.095311219787,988.102367513938,537.425189481589
382.31003180082,638.993821197937,396.183254863123,203.604887842169,35.9901515590266,520.161632406418,684.409274324202,110.524714804441,763.347715216509,794.892890929748,548.067802016209,843.156575083607,620.58627547025,743.727053251429,450.583411204623,902.966039116827,571.291038903127,359.022660259131,572.097577168855,402.308019136025,374.517971810421,524.789252075584,413.063566056629,599.833322227387,402.721239152059,712.568573876155,642.755894149785,601.056117208443,988.100472354816,537.402980410954
382.308789122235,638.926355925319,396.182341901334,203.600936988394,35.9830512734086,520.154435711268,684.409087168151,110.498805721696,763.284587445435,794.841281993968,548.067716236481,843.154745336981,620.5843652368,743.718223847915,450.583411204623,902.96555984644,571.290811326141,359.021699869902,572.097209684152,402.307858298456,374.517678889354,524.779242399481,413.063254514323,599.80672233018,402.66883687585,712.568325179848,642.755571903042,601.048387323868,988.100202784125,537.384798233592
382.3086958215,638.916692705257,396.182233801846,203.594239124832,35.9817186657342,520.149157432964,684.408948746837,110.489518211677,763.273363842238,794.838469791835,548.067669477226,843.154187685987,620.582990082005,743.716548658903,450.583411204623,902.965530058553,571.290717534936,359.021590506736,572.097125732928,402.307814115818,374.51763893089,524.777905534985,413.063148855658,599.804037402061,402.662055962085,712.568298896509,642.755512576614,601.044228002071,988.100102881717,537.376328454113
382.30867764907,638.912477983237,396.182211505378,203.589288522414,35.981281204542,520.146713425473,684.408915918698,110.463312401693,763.266633396956,794.838319653471,548.067571897563,843.154129335455,620.582370017866,743.71585846178,450.583411204623,902.965520699612,571.290689760041,359.021558251842,572.097108000791,402.307809394591,374.517627694555,524.776837235571,413.063127459598,599.801379762216,402.660210665464,712.568293898459,642.755502816488,601.043900912,988.100089685437,537.369617230914
382.308673415494,638.911985601678,396.182207612115,203.587289232646,35.9759022117498,520.14601012459,684.408909718205,110.450843021905,763.263825973412,794.838157291033,548.067558724939,843.154117673515,620.58217603565,743.715652665963,450.583411204623,902.965516766593,571.29068171509,359.021542040304,572.097098551487,402.307808465209,374.51762313572,524.77616838881,413.063124510381,599.797850032493,402.659873042435,712.568292553,642.755500850458,601.043756027102,988.100086387581,537.364934885753
