31383.2833603693,66361.9247371008,46005.4505294054,22557.7385154936,70949.350254358,300067.800763062,23087.6811585885,22706.1608607004,1842975.98134972,32782.6479515748,16188.5736958058,28801.3326380605,146989.446049763,60338.7868845394,59351.1048798346,9306.07700333217,24472.1911470286,17788.4547045737,34535.8960979773,23394.5545169047,47043.0369559448,53421.9695246296,25130.5956304639,272161.600367085,16689.5387323778,35653.631692032,25774.3310541486,13848.7789232783,41402.2767815179,88588.7654148685
18784.3083092161,16465.6159445434,46005.4505294054,22557.7385154936,70949.350254358,170085.906409846,23087.6811585885,22706.1608607004,48588.861524171,30275.8396295531,16188.5736958058,28801.3326380605,146989.446049763,60338.7868845394,59351.1048798346,9306.07700333217,24472.1911470286,17788.4547045737,34535.8960979773,20059.7604173943,47043.0369559448,53421.9695246296,25130.5956304639,116832.178335469,16689.5387323778,35615.292717872,25774.3310541486,13848.7789232783,41402.2767815179,88588.7654148685
18784.3083092161,16465.6159445434,22030.6977456442,22557.7385154936,11970.1167332376,79840.081769613,15432.5351677521,22706.1608607004,48588.861524171,30275.8396295531,16188.5736958058,20037.0686976729,34441.0510253828,14767.1151105939,59351.1048798346,9306.07700333217,6675.74297992533,13006.3931708347,14391.5708886578,20059.7604173943,17553.4916790571,53421.9695246296,25130.5956304639,116832.178335469,16689.5387323778,15229.9401543566,25774.3310541486,8527.87205568538,19289.9141748226,31880.6388222986
18784.3083092161,16465.6159445434,22030.6977456442,17671.8768422477,11970.1167332376,15048.8967254717,11176.4940103701,22706.1608607004,29193.5735654095,18972.7149543718,16188.5736958058,10122.3194901218,8350.81085164914,14767.1151105939,53333.3919206888,9306.07700333217,6675.74297992533,12060.3740521708,14391.5708886578,11935.0098991471,16972.4865466603,30137.958621442,25130.5956304639,23637.5331216181,16689.5387323778,9595.10745507354,13857.4731699127,8527.87205568538,19289.9141748226,30497.8887153219
12003.1626185817,12509.3556249557,11584.0486351804,11588.6792388341,6122.79972427228,12112.4402706104,3559.57923427254,22706.1608607004,23795.8746164758,17571.9321755964,16188.5736958058,10122.3194901218,8350.81085164914,6119.57972092469,13287.9699170329,9306.07700333217,6675.74297992533,12060.3740521708,14391.5708886578,11935.0098991471,14877.9595299338,13385.1594811734,18180.1076039081,21374.2878879491,11571.3287875535,9595.10745507354,9885.1695983423,7740.90222595714,12058.1054898985,20744.8189891647
10982.6311560702,7618.96799405993,11584.0486351804,11588.6792388341,6122.79972427228,9493.85127521261,3559.57923427254,11231.9417558816,15044.9558705913,6463.20179825977,11098.9938775819,8406.24106049831,8350.81085164914,6119.57972092469,8716.67392996054,9306.07700333217,6675.74297992533,12060.3740521708,14391.5708886578,10855.2019990989,9664.93139913373,13036.5587018219,18180.1076039081,9998.99132496187,8408.75056858797,9595.10745507354,5498.81928107172,6768.57126719895,12058.1054898985,20744.8189891647
5127.2301551099,7618.96799405993,3712.8318765236,11313.0176738186,6090.42965424554,7599.70196921063,3559.57923427254,6692.95076890059,9788.12926706959,224.812739056101,6284.29413926526,5468.14810138026,5322.46949191074,2320.49237330103,7981.06871803463,8206.43312452827,6675.74297992533,4453.48682786961,6532.55490315472,2688.17351150424,6655.22417878278,13036.5587018219,18180.1076039081,9998.99132496187,5736.86561409488,8149.16836074343,132.60623947751,2483.49488732081,7815.38189935767,8298.31692216526
421.951374326411,402.135373451678,400.895568472336,1947.55989946831,470.67215126686,749.524544867786,359.278171409187,1777.44239321295,1129.68814173998,4.36670116415422,315.937794307967,1875.86979535792,529.370276645647,231.635877964106,695.281675011193,1050.63977433747,1126.32994504164,110.421412585717,832.619041963234,599.188681286754,1327.38447375722,4988.60564719349,2736.20616435659,3926.3330853668,512.948758960086,1651.46668145928,7.73286806568643,334.909740169077,766.725893243839,1263.00589844287
31.2536710525918,41.8828513348337,20.0247530597047,20.1609906364368,15.6223295653298,18.4816163903726,15.5263262642957,141.79287412516,54.8264306573249,0.0358356757954539,11.1913275029982,53.1425352594737,4.05395090889527,13.0927386358456,16.4312728949421,18.9798171541069,29.9032572912411,15.6927903933571,23.0964350519627,7.57183107358918,33.4077268840305,54.8659009203483,36.7708057800278,78.981719921188,14.6814594208533,13.8349329506124,0.0604426786686645,3.12597012158182,15.0391476190931,47.7498329826334
0.436119695066736,0.521446206753978,0.559937548663697,0.333559208507154,0.55602126307258,0.690179795200493,0.247672281856637,0.248925306141189,0.555023964011014,5.47389577718604e-05,0.395824405122653,0.218185142018513,0.263270040652003,0.342032961087,0.429475872313844,0.394361246519736,0.627827226436295,0.208575631227632,1.21446956879095,0.485335329917007,0.242393921203814,0.38035551295269,0.542511355732472,0.691616082293706,0.179881462102287,0.512640927484824,1.75973103750948e-05,0.143147917652811,0.532404602988152,0.330331693709809
0.00110194696270582,0.000588543005846986,0.000950641579038347,0.0015275480622563,0.00188082962137059,0.00117926988832551,0.00105557204841489,0.00264645032342514,0.00401763284696699,3.00985902867978e-10,0.00154727861212223,0.00123529236537934,0.000967410939438196,0.000384660311453899,0.00100477233098673,0.000838515919724614,0.0010539918549739,0.000699099625080635,0.00235170968346665,0.00171718061710635,0.00138872891761821,0.000795407195425923,0.00066609578226462,0.00147878824793679,0.001174037396936,0.000562481872236731,6.4858340920182e-11,0.000278516475361812,0.00251934671740628,0.000334641903464217
6.18230728832714e-08,2.16300975353079e-07,1.02092258202902e-07,8.57943405208061e-08,2.82895030068175e-07,2.4431813017145e-07,1.3046582125753e-07,2.26805809688813e-07,4.49827894044574e-07,0,5.12184783474368e-08,1.00497231869667e-07,5.90546278544934e-08,7.04319518263219e-08,5.28880832462164e-08,2.70089799414563e-08,1.12831742171693e-07,7.3280773449369e-08,3.05108756037953e-07,1.35553136715316e-07,1.87326179457159e-07,4.92082676828431e-08,1.83572751666361e-07,1.28270983168477e-07,9.35873458729475e-08,9.24831056181574e-08,0,3.36800098921231e-08,1.25752762869524e-07,1.2043682318108e-07
0,5.6843418860808e-14,2.27373675443232e-13,5.6843418860808e-14,1.13686837721616e-13,5.6843418860808e-14,0,5.6843418860808e-14,2.27373675443232e-13,0,5.6843418860808e-14,1.13686837721616e-13,0,5.6843418860808e-14,0,0,5.6843418860808e-14,5.6843418860808e-14,2.8421709430404e-13,5.6843418860808e-14,5.6843418860808e-14,0,0,1.13686837721616e-13,0,0,0,0,5.6843418860808e-14,5.6843418860808e-14
0,0,0,0,0,0,0,0,0,0,0,0,0,0,0,0,0,0,0,0,0,0,0,0,0,0,0,0,0,0
0,0,0,0,0,0,0,0,0,0,0,0,0,0,0,0,0,0,0,0,0,0,0,0,0,0,0,0,0,0
0,0,0,0,0,0,0,0,0,0,0,0,0,0,0,0,0,0,0,0,0,0,0,0,0,0,0,0,0,0
