0.0251357135634862
20.1953045496584
0.136196904593817
0.11649555614531
0.0913356250916877
0.134287942769333
0.0278698694064587
20.7313686496391
0.0535154830954525
0.757598763795158
0.175087000179246
20.2088858328366
0.183451047987091
0.13736961521272
20.1115589679493
0.025061975375138
0.216810871969301
0.658820904241111
20.1433478060258
20.1853276093129
20.1864417986085
20.1824522734719
0.187502038982529
0.102768854192163
0.144094282286915
0.122278347086194
20.1646811096953
0.107682766287326
0.89360685101019
20.103406749985
