613.99951630393,437.536471674754,273.713088637831,341.233958338144,417.917143237311,1821.46570172886,206.002356756076,987.688316475199,173.562477949367,1002.30248934607,343.909314890591,371.302889906492,133.083944206972,777.22148794151,452.363771308664,1311.72296592048,1412.09497835827,182.063480394354,429.913147777173,108.508102521128,916.163214627956,1188.0857680562,2112.44525340521,2147.48176849385,241.383999006307,385.583880979211,552.466093888526,353.181356072354,336.876654131967,217.718474491451
613.99951630393,280.05152515437,273.713088637831,341.233958338144,417.917143237311,1821.46570172886,206.002356756076,987.688316475199,173.562477949367,821.900318481235,343.909314890591,371.302889906492,133.083944206972,185.708064517714,411.002541149378,1128.98067414035,805.654400317907,182.063480394354,429.913147777173,108.508102521128,759.606558172035,1188.0857680562,1496.88537641884,716.932180064054,241.383999006307,358.848683982249,552.466093888526,207.858168296794,336.876654131967,217.718474491451
438.726451355558,250.75668798887,273.713088637831,320.605807375871,338.330747386846,520.452189406619,206.002356756076,745.598821052462,173.562477949367,821.900318481235,343.909314890591,311.896208093429,133.083944206972,185.708064517714,299.281675926154,1128.98067414035,558.916705494012,182.063480394354,349.827519142597,108.508102521128,531.699123641389,569.393829867516,1496.88537641884,377.195596208191,241.383999006307,358.848683982249,552.466093888526,207.858168296794,135.024338400866,205.226765457749
291.275020692963,120.775331558938,273.713088637831,291.704407998964,291.904163864398,483.291877151007,204.476590970865,317.186758238439,173.562477949367,567.950514359436,343.909314890591,279.627926203228,133.083944206972,137.385859319886,256.588789537498,299.004940876108,321.31623341787,182.063480394354,328.21895237582,108.508102521128,425.756264856645,355.019575146983,1496.88537641884,306.238573310196,241.383999006307,191.151220754401,322.015787567575,207.858168296794,135.024338400866,152.060947630054
284.236050403696,102.225747433431,273.713088637831,283.997073184656,288.360464235503,316.509597619601,203.772494014766,287.157088456525,173.562477949367,312.981463176683,283.235388608351,279.081820130065,133.083944206972,109.4101297434,256.588789537498,299.004940876108,288.928255594722,129.437283341781,281.227584924051,108.508102521128,312.640243280865,279.981911484585,342.014966735664,306.238573310196,241.383999006307,120.08611824391,265.460745662547,207.858168296794,116.985010082161,117.504391810216
257.762248105186,102.225747433431,271.924499952278,275.523704934201,260.930928410336,267.613819915339,203.685583541415,253.694155140726,173.562477949367,272.08216368928,269.929398179955,276.899628497334,133.083944206972,102.738867287514,256.588789537498,251.060600091778,272.847528649745,111.8930404417,266.99330415271,101.554501045284,253.322540217849,239.232845267415,273.395323380776,263.748049605475,241.383999006307,101.406168630529,265.460745662547,207.858168296794,103.751276306152,101.710002819092
254.372535612159,100.897433892031,251.424469932026,255.801595909446,253.355026273122,262.166148847696,203.684118188086,253.694155140726,173.562477949367,261.582190588027,251.08077065022,248.650861825594,133.083944206972,101.331617510741,256.588789537498,251.060600091778,261.124836512247,100.854332230092,243.945558740043,100.993715075574,253.322540217849,239.232845267415,257.590518048594,252.16210637902,241.383999006307,100.661715913296,258.990812306384,207.858168296794,100.652643003011,100.703927218735
245.710908000553,100.519833130648,249.060153922113,242.455813781521,240.781862840692,239.503453492935,203.684067960069,241.082137436659,173.562477949367,237.561328604449,238.99777966311,246.161254623306,133.083944206972,100.508487419311,252.862131063341,247.423623433468,239.547764466536,100.737556677912,239.059372081914,100.409158768291,239.647420942998,239.232845267415,245.750465178223,250.27747033821,236.624610084149,100.647207624828,249.844388802102,207.858168296794,100.652643003011,100.703927218735
228.747984980034,100.465000446143,242.728376678504,227.05110373635,232.561021098092,238.716532811156,203.684065079462,233.013306593356,173.562477949367,237.561328604449,237.830114463644,242.091329475388,133.083944206972,100.504504356489,237.473025085169,236.119184045425,234.727992613408,100.387597858036,239.059372081914,100.409158768291,239.647420942998,227.418968324567,233.747783303726,241.727326235012,236.624610084149,100.647207624828,223.026397954773,207.858168296794,100.652643003011,100.703927218735
227.578044550979,100.394425646052,208.342760856603,209.180411847519,205.171585877497,214.234492500052,203.684064977057,206.554165182727,173.562477949367,237.561328604449,209.980635820204,210.238698116598,133.083944206972,100.504504356489,233.10168270942,208.204745818605,206.857656996549,100.375663878806,212.558738755783,100.319433084837,206.70643060491,227.418968324567,207.246370033773,209.876943957979,214.07888542737,100.647207624828,206.170014171577,207.858168296794,100.600330535349,100.703927218735
207.939155200806,100.394425646052,206.266942843066,206.520076648126,204.912299385714,210.128179948599,203.684064977057,205.222300676292,173.562477949367,205.667814660804,206.730030192127,206.906892559264,133.083944206972,100.504504356489,206.18131024794,205.123818531304,206.422956339557,100.373405583332,206.569686261676,100.319433084837,206.029586048953,211.635524580515,205.123369077911,204.373746320075,205.246604638088,100.647207624828,205.025329100463,207.858168296794,100.600330535349,100.703927218735
207.88466666051,100.394425646052,206.264810897383,206.516483898279,204.912134982987,210.117283668368,203.684064977057,205.221535849709,173.562477949367,205.441573572047,206.718090082809,206.902835448423,133.083944206972,100.504504356489,206.141690863728,205.121736898797,206.422232078623,100.373405583332,206.555562586626,100.319433084837,206.025689709835,211.624729849125,205.121736883145,204.347505847318,205.23709928161,100.647207624828,205.023642738701,207.858168296794,100.600330535349,100.703927218735
207.884665624783,100.394425646052,206.264810863565,206.516483838749,204.912134981722,210.117278474559,138.987154042445,205.221535843247,173.562477949367,205.441510603612,206.71808959457,206.902835289696,133.083944206972,100.504504356489,206.141690596976,205.121736874568,206.422232076114,100.373405583332,206.555561811223,100.319433084837,206.025687089184,211.624729709287,205.121736874564,204.347499156992,205.237099190205,100.647207624828,205.023642670082,207.858168296794,100.600330535349,100.654599596542
207.884665624781,100.394425646052,206.264810863565,206.516483838749,204.912134981722,210.117278474499,138.987154042445,205.221535843247,173.562477949367,205.44151059759,206.718089594567,206.902835289694,133.083944206972,100.504504356489,206.141690596976,205.121736874568,206.422232076114,100.373405583332,206.555561811223,100.319433084837,206.02568708729,211.624729709287,205.121736874564,204.347499155479,205.237099190205,100.647207624828,205.023642670081,207.858168296794,100.600330535349,100.654599596542
207.884665624781,100.198722172158,206.264810863565,206.516483838749,204.912134981721,210.117278474499,138.987154042445,205.221535843246,101.385245392376,205.441510596716,206.718089594567,206.902835289694,101.281310832569,100.230275638612,206.141690596974,205.121736874564,206.422232076112,100.296283996272,206.555561811223,100.166283525866,206.02568708729,211.624729709287,205.121736874564,204.347499155466,205.237099190205,100.338095849888,205.023642670081,101.017879234606,100.330401390884,100.301394362745
100.681316322595,100.19758926324,100.725799062618,100.701824639031,100.833121597649,120.694022783608,138.987154042445,205.221535843246,100.517165411876,100.935367385458,100.826199882756,100.831935927236,100.676960444985,100.229683372341,100.913924022367,205.121736874564,109.295722621813,100.295027266839,110.398486382386,100.164699727894,100.854329400866,142.984966657513,100.703784757204,100.696801818765,112.026932506689,100.33565390897,170.763907278676,100.667328101083,100.32763991985,100.299832153875
