206.449532847389,174.058305554051,429.727377583245,490.091042735694,162.296724730647,228.530885568386,198.983574757201,227.551944550933,174.101065545005,223.730463324155,203.997120370506,175.029673127817,462.899755150542,236.532560980284,198.739330487714,953.170113292759,249.892806926808,223.360953874639,183.580751509316,204.368779630861,210.083864068606,172.845177367885,216.809777139887,817.299018320788,670.425753963461,440.347496679247,785.740451369511,264.466460439814,179.479744397382,582.837017254403
155.378902584981,152.788944540056,155.949642987077,158.139805391899,151.449568907996,159.53089980957,158.893410351821,154.653770714406,152.435520712506,160.237642310668,155.785343543066,151.77062107825,162.821109411731,156.928574390237,154.675517726619,408.196307271022,157.898036771956,159.575495591635,154.175094794841,157.119204202406,152.908384081232,150.423532498289,149.988512278724,528.850209961368,502.283498812161,152.423131806883,525.381602588053,156.322555987495,155.088330721757,156.076984944868
81.1588374524522,151.337738725811,151.816977397383,152.09119682961,25.4803524990143,152.084558585482,130.640320567218,93.8107797014809,57.7022901441392,105.043267405556,133.752441485293,145.70426589068,135.183788148336,145.907256508829,130.08860606779,365.581073876961,150.950566952168,100.219952102573,130.96725921092,150.66981946061,93.1083429175646,41.6804409863544,122.361161968886,385.621781444641,352.550422112181,130.635666141639,345.783624066248,122.416534168551,149.948292837761,148.227083972409
13.0391047717339,14.9111815694387,13.8087698741469,13.9403283123215,9.07137935706851,12.5572071596112,10.1053498877613,11.7596226208484,11.4955728821014,10.1291937101114,8.32563015299365,14.0679881353449,14.9637698803122,12.463936028963,10.4616609586988,318.401553527377,10.9246056420366,11.1200836861367,13.6219705665571,9.77424834667045,10.0048475574645,10.6120818267809,13.5642628890473,320.54636194162,320.361919740856,13.9370831702108,315.557924844999,14.5950130313845,13.3349526632269,12.8922589663443
0.125256335962149,0.238940813807858,0.201213747842758,0.262025643645302,0.142470464245889,0.152368738557016,0.100912052152125,0.129200603237223,0.124599234325615,0.215265935763455,0.191103308931815,0.162833046536889,0.21679851511999,0.202049482390521,0.224074697055585,300.184685586536,0.28746486109776,0.159222175786908,0.205263645777904,0.130873229746612,0.167811179200271,0.127888859528866,0.179185635418889,300.187414371131,300.132873632406,0.173243662915411,300.219216766619,0.193712519263045,0.154177185253047,0.151727718762231
4.84593665532884e-05,5.52501078345813e-05,5.18230963280075e-05,6.50173838039336e-05,2.72042962023988e-05,3.88204439332185e-05,3.71718483620498e-05,4.17340702369984e-05,2.72615334324655e-05,6.91278760314162e-05,4.8297989906132e-05,7.32802704987989e-05,7.74419809204119e-05,7.19496920282836e-05,4.31904704782937e-05,300.000081369757,6.42939239696716e-05,9.12921532290056e-05,5.65844889024447e-05,3.71781479771016e-05,4.43657668256492e-05,1.82722164936422e-05,3.43453016284911e-05,300.000055075336,300.000018063811,3.86940851058171e-05,300.000037141463,6.84608908159134e-05,5.06669894093648e-05,4.80806133964506e-05
1.35436584969284e-06,1.11704139271751e-06,7.70063707022928e-07,1.34369747684104e-06,1.08291487777024e-06,9.43519808060955e-07,1.08336098492146e-06,1.07538244265015e-06,6.69745986670023e-07,1.01449859357672e-06,8.1593134382274e-07,7.15204350854037e-07,1.18217940325849e-06,8.09171524451813e-07,6.86634393787244e-07,300.000000020752,8.98952748684678e-07,1.1157035260112e-06,1.20318691188004e-06,1.11150939119398e-06,1.08419271782623e-06,1.00444594863802e-06,1.10402561404044e-06,300.000000014701,300.000000065607,1.23194058687659e-06,300.000000018615,8.69972609507386e-07,1.21562743515824e-06,7.091575753293e-07
2.25722942559514e-08,3.34553078573663e-08,3.07231857732404e-08,2.11343831324484e-08,1.55719135364052e-08,9.27548171603121e-09,1.50403138832189e-08,1.79888957063667e-08,1.57747308549006e-08,4.19345269619953e-08,1.54041117639281e-08,1.36556081997696e-08,7.04526428307872e-08,6.06955836701673e-08,3.41265149472747e-08,300.000000000002,2.1664618543582e-08,2.03099261852913e-08,8.26421455712989e-08,2.39492692344356e-08,1.46487764141057e-08,2.47423486143816e-08,3.67376742360648e-08,300.000000000001,300.000000000003,5.02036527905148e-08,300.000000000001,8.69249561219476e-09,2.2005224309396e-08,2.27487362280954e-08
2.72848410531878e-12,2.72848410531878e-12,3.63797880709171e-12,2.72848410531878e-12,1.81898940354586e-12,9.09494701772928e-13,1.36424205265939e-12,1.81898940354586e-12,1.36424205265939e-12,3.18323145620525e-12,9.09494701772928e-13,2.27373675443232e-12,4.09272615797818e-12,3.18323145620525e-12,1.36424205265939e-12,300,2.27373675443232e-12,4.09272615797818e-12,5.00222085975111e-12,1.81898940354586e-12,1.36424205265939e-12,1.36424205265939e-12,3.63797880709171e-12,300,300,4.54747350886464e-12,300,9.09494701772928e-13,1.81898940354586e-12,3.63797880709171e-12
4.54747350886464e-13,4.54747350886464e-13,4.54747350886464e-13,4.54747350886464e-13,4.54747350886464e-13,4.54747350886464e-13,4.54747350886464e-13,4.54747350886464e-13,4.54747350886464e-13,4.54747350886464e-13,4.54747350886464e-13,4.54747350886464e-13,4.54747350886464e-13,4.54747350886464e-13,4.54747350886464e-13,300,4.54747350886464e-13,4.54747350886464e-13,4.54747350886464e-13,4.54747350886464e-13,4.54747350886464e-13,4.54747350886464e-13,4.54747350886464e-13,300,300,4.54747350886464e-13,300,4.54747350886464e-13,4.54747350886464e-13,4.54747350886464e-13
4.54747350886464e-13,4.54747350886464e-13,4.54747350886464e-13,4.54747350886464e-13,4.54747350886464e-13,4.54747350886464e-13,4.54747350886464e-13,4.54747350886464e-13,4.54747350886464e-13,4.54747350886464e-13,4.54747350886464e-13,4.54747350886464e-13,4.54747350886464e-13,4.54747350886464e-13,4.54747350886464e-13,300,4.54747350886464e-13,4.54747350886464e-13,4.54747350886464e-13,4.54747350886464e-13,4.54747350886464e-13,4.54747350886464e-13,4.54747350886464e-13,300,300,4.54747350886464e-13,300,4.54747350886464e-13,4.54747350886464e-13,4.54747350886464e-13
4.54747350886464e-13,4.54747350886464e-13,4.54747350886464e-13,4.54747350886464e-13,4.54747350886464e-13,4.54747350886464e-13,4.54747350886464e-13,4.54747350886464e-13,4.54747350886464e-13,4.54747350886464e-13,4.54747350886464e-13,4.54747350886464e-13,4.54747350886464e-13,4.54747350886464e-13,4.54747350886464e-13,300,4.54747350886464e-13,4.54747350886464e-13,4.54747350886464e-13,4.54747350886464e-13,4.54747350886464e-13,4.54747350886464e-13,4.54747350886464e-13,300,300,4.54747350886464e-13,300,4.54747350886464e-13,4.54747350886464e-13,4.54747350886464e-13
4.54747350886464e-13,4.54747350886464e-13,4.54747350886464e-13,4.54747350886464e-13,4.54747350886464e-13,4.54747350886464e-13,4.54747350886464e-13,4.54747350886464e-13,4.54747350886464e-13,4.54747350886464e-13,4.54747350886464e-13,4.54747350886464e-13,4.54747350886464e-13,4.54747350886464e-13,4.54747350886464e-13,0.302634133058291,4.54747350886464e-13,4.54747350886464e-13,4.54747350886464e-13,4.54747350886464e-13,4.54747350886464e-13,4.54747350886464e-13,4.54747350886464e-13,2.38948490631401,300,4.54747350886464e-13,60.9720606260898,4.54747350886464e-13,4.54747350886464e-13,4.54747350886464e-13
4.54747350886464e-13,4.54747350886464e-13,4.54747350886464e-13,4.54747350886464e-13,4.54747350886464e-13,4.54747350886464e-13,4.54747350886464e-13,4.54747350886464e-13,4.54747350886464e-13,4.54747350886464e-13,4.54747350886464e-13,4.54747350886464e-13,4.54747350886464e-13,4.54747350886464e-13,4.54747350886464e-13,8.16462033981225e-07,4.54747350886464e-13,4.54747350886464e-13,4.54747350886464e-13,4.54747350886464e-13,4.54747350886464e-13,4.54747350886464e-13,4.54747350886464e-13,8.11860445537604e-07,6.36617187410593e-07,4.54747350886464e-13,8.39203039504355e-07,4.54747350886464e-13,4.54747350886464e-13,4.54747350886464e-13
