70.2449254751236,70.0926773150227,70.1705791302211,89.5473946725911,98.871430353548,61.0419460481094,109.186911293905,123.137069591254,88.3021257488485,86.3995823340274,124.397777172847,92.5425752849596,124.294059794031,83.6802062927054,73.997444038238,119.195372347758,68.2683316262473,81.1030415126374,93.6785386556162,70.9414226963586,103.068961732808,69.4303811174477,90.9610209023767,96.2513876585622,88.3278517223616,85.1250793546242,88.0678387306116,113.015964279758,95.8903777066885,81.1582822331688
70.2449254751236,61.0530511023999,61.4394323711135,60.3446669009636,85.4889436828321,51.2862171149354,78.7528021383278,78.7829891127449,67.4306362285502,73.4350763765001,81.056109509178,82.9097230262355,83.1357341301373,71.7964687559161,55.0640536683886,76.1210771964656,68.2683316262473,60.0106709513343,81.62436663577,63.1839845123995,64.0625834741713,61.589772398831,59.7095646175944,71.4444401802066,78.1911025927479,66.4392009326243,71.4815474999109,54.2363185668614,72.6162878537289,59.5879021485675
56.4549845537849,61.0530511023999,59.3116745537377,34.5556924183179,64.0254088280381,51.2862171149354,67.644126520333,64.6586783477687,55.8114440230565,51.0417545809551,68.2845249268853,50.9985843160825,71.2447637011223,58.6458227342441,55.0640536683886,69.0938251081361,54.415699439438,54.1442156616677,54.1663850782465,53.4061647990934,62.829695958158,58.3250498122179,56.3488232071941,66.671760026808,64.6093714168214,46.1597057667677,66.0414000817818,49.5635240885422,59.0466668163749,42.5291121218622
38.6586285925425,36.4330386698382,17.6105921912733,28.2489193582064,29.0163865166405,51.2862171149354,48.2253995435135,37.234272805078,55.8114440230565,40.5747342505924,45.7628836425142,35.7079777139015,31.2490291675808,31.5300353570219,55.0640536683886,50.6136539688728,35.5734476734315,28.8853564188173,34.9802326753336,42.5683457065734,46.6825306163155,34.430017928802,56.3488232071941,33.5226380181084,56.5792780996867,39.2438756509875,42.6361434569217,33.1717322652687,46.6512961261778,39.3416712452554
17.3927884850841,17.8511269224971,9.41357254502054,14.3261756775732,13.4646987542833,27.8894757844141,26.518967659752,23.3828663213053,17.3927257354815,8.65511583074863,11.2304386389658,25.531356546767,13.2189405359404,23.1434022336591,23.635363447499,9.93371155649265,28.3432896775805,23.8582666386228,11.2195916751255,12.4133137204158,28.7707448109622,22.4351586963307,26.2818482893108,5.0720738053551,23.5989752074311,6.69957587125782,23.3261215975419,24.3146254804994,21.9607800874439,11.377274516085
1.65777989769867,17.8511269224971,9.41357254502054,14.3261756775732,2.68344467931956,20.9789465022643,20.1100847005519,4.03298971163372,3.21956403314675,2.03768914724469,0.158451067198484,20.8801334790535,13.2189405359404,11.5860549863676,1.43676372779737,2.62276569307528,28.3432896775805,21.6533289077929,2.00586196563881,12.4133137204158,0.206888030116488,8.11383908878656,21.1758376664882,2.57252932572078,0.0623959788463253,0.00449866411986477,13.255684304602,24.3146254804994,2.31127821677273,11.377274516085
1.65777989769867,17.8511269224971,9.41357254502054,14.3261756775732,1.00853489627139,8.67265451001026,20.0737812968041,2.65789532156441,1.68175631245072,1.01567104866876,0.0452947461042186,20.8801334790535,13.2189405359404,11.5860549863676,0.807245559143212,2.62276567264962,28.3432896775805,6.05994234274885,2.00586196563881,12.4133137204158,0.00516860429615917,8.11383908878656,20.9053821143598,2.41224932275145,0.0616801366923028,0.00449866411986477,13.255684304602,24.3146254804994,1.84359523285275,11.377274516085
1.65777989769867,17.8511269224971,9.41357254502054,14.3261756775732,1.00853489627139,8.67265451001026,20.0737812968041,2.6577279877763,1.68175631245072,1.01567104866876,0.0452947461042186,20.6843611310128,11.331595151792,11.5860549863676,0.573738349485211,2.62276567264962,28.3432896775805,0.798206357435674,2.00586196563881,12.4133137204158,0.00516860429615917,8.11383908878656,20.9053821143598,2.21780773817022,0.0616801366923028,0.00449866411986477,13.255684304602,24.3146254804994,1.55178874413787,11.377274516085
1.61926319543522,6.15650768770638,8.391277930858,11.1331321740915,1.00853489627139,8.67265451001026,0.128811103694261,2.6577279877763,1.68175631245072,1.01567104866876,0.026765396283281,20.6843611310128,1.6191154308367,11.5860549863676,0.573738349485211,2.6141980321454,23.8736662582833,0.798206357435674,1.98995570736224,9.47695999139933,0.00516860429615917,8.11383908878656,20.9053821143598,2.21780773817022,0.00292727499891043,3.73082054920815e-05,13.255684304602,24.3146254804994,1.44133635570256,11.377274516085
1.61905838204052,2.61402041710858,1.8744918990792,2.61402789684621,0.995011170268981,8.67265451001026,0.0603190411643482,2.61523341150155,1.61908168818468,0.99496223894198,2.38808070207597e-07,20.6843611310128,1.61905838162374,0.848384366071286,0.573738349485211,2.61401743653869,21.1302461251996,0.0157801087993903,1.98991811870042,0.995037631649666,1.5296327546821e-06,0.0199937590175523,20.5255054302163,2.21780773817022,2.62336925516138e-08,2.36968844546936e-09,3.3635707507126,20.7531483392984,0.988008476034793,1.98993077802811
1.61905837904783,2.61401743528381,1.8744918990792,2.61401743787155,0.994959061517648,0.00110990918210518,0.0603190411643482,2.61401745682679,1.61905838051644,0.994959061618374,2.41493580688257e-09,20.6843611310128,1.61905837799213,0.2812940043043,0.573738349485211,2.61401743653869,21.0906586302694,0.0157801087993903,1.98991811870042,0.99495905828735,3.13502823701128e-09,2.22537437366555e-08,20.5255054302163,2.12450376415654,2.18915374716744e-09,1.41812961373944e-09,2.27451942956691,20.7036722066557,0.988008476034793,1.98991811599558
1.61905837904783,2.61401743515444,1.72785004506318,2.61401743688043,0.994959061517648,5.26551957591437e-09,0.0603190411643482,2.61401743640454,1.61905837849099,0.994959058905806,2.57387000601739e-10,20.0294171845749,1.61905837799213,0.281294000018988,0.0013127011322922,2.61401743653869,21.0278340835935,0.0157801087993903,1.98991811870042,0.99495905828735,1.79466042027343e-09,5.02222974319011e-09,20.0038242916141,1.6489741235082,2.18915374716744e-09,1.41812961373944e-09,2.06259284427529,20.7036722066557,0.62878325561428,1.98991811599558
1.61905837788981,2.61401743502802,0.99608970739655,2.61401743593433,0.994959061517648,1.83126758201979e-09,0.0498301484619788,2.61401743637271,1.61905837849099,0.994959058905806,2.57387000601739e-10,20.0294171845749,1.61905837799213,0.281294000018988,0.0013127011322922,2.61401743653869,21.0278340835935,1.89128613783396e-05,1.98991811870042,0.994959057946971,8.61291482578963e-10,5.02222974319011e-09,20.0038242916141,1.6489741235082,1.90516402653884e-09,2.7648638933897e-10,2.06259284427529,20.7036722066557,0.62878325561428,1.98991811599558
1.61905837777431,2.6140174348343,0.99495906191396,2.61401743498209,0.994959061517648,6.61430021864362e-10,0.0498300977062627,2.61401743637271,1.61905837796303,0.994959058905806,2.57387000601739e-10,20.0294171845749,1.61905837799213,0.281294000018988,0.0013127011322922,2.61401743653869,21.0278340835935,3.73324837710243e-09,1.98991811870042,0.994959057433107,2.26918928092346e-10,5.02222974319011e-09,20.0038242916141,1.6489741235082,1.90516402653884e-09,5.25233190273866e-11,2.06259284427529,20.7036722066557,0.62878325561428,1.98991811599558
