54.6613153164097,39.7950569369389,51.1762163201391,48.6832043777442,51.4559926522734,37.8441514090805,49.8673719475067,47.1185134903226,40.8574658614148,58.4038132775586,44.5210697488913,52.57624924855,48.0553863453382,45.9951556562936,53.5983842846981,40.4515248187786,29.2739462393522,45.1124327275198,28.783662456779,49.2731838628371,48.5455835535064,58.0968109063556,53.3680900334765,42.4886755115883,44.4306827720843,60.7190627805027,53.5507507883034,36.0832962282019,46.2379828553787,39.6492314574914
30.7306858917717,39.7950569369389,51.1762163201391,36.9778509380814,36.2522010279049,34.9618376687671,39.4976557377091,47.1185134903226,39.9164673214564,51.5172548376153,33.4621751916927,38.5487787761524,37.9276854043271,36.8031896247589,41.0897858851638,20.990833835792,29.2739462393522,42.5337958065057,28.783662456779,32.0791235815907,31.2874072466141,42.7716827924467,44.3153413975881,36.0338037285889,37.0630890402631,35.7527613964761,27.0157535171141,24.9362726263648,34.4308840794209,36.4896568099824
26.257949343973,39.7950569369389,46.9248255827415,32.8085290543852,36.2522010279049,26.7995050953008,37.4216764704975,42.9955029972144,39.4368188762776,50.7612028978917,33.4621751916927,38.5487787761524,26.3809034023637,36.8031896247589,41.0897858851638,20.990833835792,29.2739462393522,38.1783601194327,28.783662456779,32.0791235815907,18.9806294192633,35.3765463271728,42.9370641629696,31.7099623234051,33.4257097917608,35.7527613964761,27.0157535171141,24.9362726263648,34.4308840794209,36.4896568099824
26.257949343973,34.2966426426582,20.0867949516003,32.6053783138968,29.9554263813739,26.7995050953008,37.4216764704975,28.2735765045574,30.7106675484831,40.6579295692632,29.7483082344066,36.3929520177946,26.3809034023637,28.0312278840545,30.0843099238477,20.990833835792,29.2739462393522,14.5740476356917,20.9652392378763,29.5478068108683,18.9806294192633,29.7611503146694,31.0801646863963,31.2564155998353,33.397514282831,35.7527613964761,27.0157535171141,24.9362726263648,27.2201052494944,19.7119924023923
4.98926849468319,2.98566228568006,20.0867949516003,1.9902575330791,6.14290373762697,19.3701554921018,3.98352245013655,4.98250250440537,4.98458233193799,26.996916028278,19.0400246419305,2.98491472124783,1.99032216100591,6.04381088904609,4.05551370119008,5.00763513060019,2.33606977320596,3.00698576065247,1.9900850373723,1.99642801964592,2.20118132242271,1.99005018714638,4.99577693425113,2.98723054716743,1.99565002955023,19.5190764455574,3.98278650075031,3.97989343492964,1.99166670458578,6.96563311763725
4.97479528546648,2.98487717127989,4.97480835016745,1.98991811418659,5.96975434255978,5.96975434256012,3.97983622837319,4.97479528546648,4.97479528546648,4.97480450951707,3.97983622837353,2.98487717127989,1.98991811418659,5.96975434255978,3.97983622837319,4.97479024764743,0.994959057093297,2.98487717127989,1.98991811418659,1.98991811418659,1.98991811418659,1.98991811418659,4.97479528546648,2.98487717127989,1.98991811418659,2.09124321511661,3.97983622837319,3.97983622837319,1.98991811418659,6.96470836183391
4.97479528546648,2.98487717127989,4.97479528546933,1.98991811418659,5.96975434255978,5.96975434255978,3.97983622837319,4.97479528546648,4.97479528546648,4.97479528546739,3.97983622837319,2.98487717127989,1.98991811418659,5.96975434255978,3.97983622837319,4.97479024764743,0.994959057093297,2.98487717127989,1.98991811418659,1.98991811418659,1.98991811418659,1.98991811418659,4.97479528546648,2.98487717127989,1.98991811418659,1.98991811548763,3.97983622837319,3.97983622837319,1.98991811418659,6.96470836183391
4.97479528546648,2.98487717127989,4.97479528546648,1.98991811418659,5.96975434255978,5.96975434255978,3.97983622837319,4.97479528546648,4.97479528546648,4.97479528546648,3.97983622837319,2.98487717127989,1.98991811418659,5.96975434255978,3.97983622837319,4.97479024764743,0.994959057093297,2.98487717127989,1.98991811418659,1.98991811418659,1.98991811418659,1.98991811418659,4.97479528546648,2.98487717127989,1.98991811418659,1.98991811418659,3.97983622837319,3.97983622837319,1.98991811418659,6.96470836183391
4.97479528546648,2.98487717127989,4.97479528546648,1.98991811418659,5.96975434255978,5.96975434255978,3.97983622837319,4.97479528546648,4.97479528546648,4.97479528546648,3.97983622837319,2.98487717127989,1.98991811418659,5.96975434255978,3.97983622837319,4.97479024764743,0.994959057093297,2.98487717127989,1.98991811418659,1.98991811418659,1.98991811418659,1.98991811418659,4.97479528546648,2.98487717127989,1.98991811418659,1.98991811418659,3.97983622837319,3.97983622837319,1.98991811418659,6.96470836183391
4.97479528546648,2.98487717127989,4.97479528546648,1.98991811418659,5.96975434255978,5.96975434255978,3.97983622837319,4.97479528546648,4.97479528546648,4.97479528546648,3.97983622837319,2.98487717127989,1.98991811418659,5.96975434255978,3.97983622837319,4.97479024764743,0.994959057093297,2.98487717127989,1.98991811418659,1.98991811418659,1.98991811418659,1.98991811418659,4.97479528546648,2.98487717127989,1.98991811418659,1.98991811418659,3.97983622837319,3.97983622837319,1.98991811418659,6.96470836183391
4.97479528546648,2.98487717127989,4.97479528546648,1.98991811418659,5.96975434255978,5.96975434255978,3.97983622837319,4.97479528546648,4.97479528546648,4.97479528546648,3.97983622837319,2.98487717127989,1.98991811418659,5.96975434255978,3.97983622837319,4.97479024764743,0.994959057093297,2.98487717127989,1.98991811418659,1.98991811418659,1.98991811418659,1.98991811418659,4.97479528546648,2.98487717127989,1.98991811418659,1.98991811418659,3.97983622837319,3.97983622837319,1.98991811418659,6.96470836183391
4.97479528546648,2.98487717127989,4.97479528546648,1.98991811418659,5.96975434255978,5.96975434255978,3.97983622837319,4.97479528546648,4.97479528546648,4.97479528546648,3.97983622837319,2.98487717127989,1.98991811418659,5.96975434255978,3.97983622837319,4.97479024764743,0.994959057093297,2.98487717127989,1.98991811418659,1.98991811418659,1.98991811418659,1.98991811418659,4.97479528546648,2.98487717127989,1.98991811418659,1.98991811418659,3.97983622837319,3.97983622837319,1.98991811418659,6.96470836183391
4.97479528546648,2.98487717127989,4.97479528546648,1.98991811418659,5.96975434255978,5.96975434255978,3.97983622837319,4.97479528546648,4.97479528546648,4.97479528546648,3.97983622837319,2.98487717127989,1.98991811418659,5.96975434255978,3.97983622837319,4.97479024764743,0.994959057093297,2.98487717127989,1.98991811418659,1.98991811418659,1.98991811418659,1.98991811418659,4.97479528546648,2.98487717127989,1.98991811418659,1.98991811418659,3.97983622837319,3.97983622837319,1.98991811418659,6.96470836183391
4.97479528546648,2.98487717127989,4.97479528546648,1.98991811418659,5.96975434255978,5.96975434255978,3.97983622837319,4.97479528546648,4.97479528546648,4.97479528546648,3.97983622837319,2.98487717127989,1.98991811418659,5.96975434255978,3.97983622837319,4.97479024764743,0.994959057093297,2.98487717127989,1.98991811418659,1.98991811418659,1.98991811418659,1.98991811418659,4.97479528546648,2.98487717127989,1.98991811418659,1.98991811418659,3.97983622837319,3.97983622837319,1.98991811418659,6.96470836183391
