945.111181429951,1160.33265216693,1742.63205587378,1782.23681960661,535.558449616783,1640.90926508083,849.093617918319,686.862766778409,1277.3191928802,615.648679501477,1014.294217314,2136.56735770733,3839.28283936857,1566.70786900177,1256.15421553586,1731.98783244753,1016.339058545,2208.6749460627,2701.70047961931,1300.70916905764,2556.80582435137,852.787766291695,2279.64970293602,1032.19187858204,1292.84251884895,1387.96701977889,1171.61320390774,2126.35018612627,1887.29260600191,2126.91329770701
945.111181429951,745.941984698367,1742.63205587378,1782.23681960661,535.558449616783,1640.90926508083,849.093617918319,686.862766778409,1277.3191928802,615.648679501477,900.073105888572,2136.56735770733,3151.85364599797,1566.70786900177,1256.15421553586,1014.72950337769,628.366670608327,1496.21363816876,848.188667334544,936.577495777846,1381.59181328769,548.075501454374,1267.74699922324,1032.19187858204,727.131337310967,1387.96701977889,1113.39570309415,935.915924664399,990.476032121755,2126.91329770701
635.765110682205,330.658287400672,877.376645516749,927.662563207347,535.558449616783,477.429179422217,397.307546267283,279.444700717241,462.117404433534,266.213808855192,143.087134483013,2088.47952313438,1205.49125578671,1566.70786900177,806.351464366238,1014.72950337769,202.995775693582,889.917189394442,754.227661914424,609.796339273165,1195.49436918739,548.075501454374,643.043085237435,1032.19187858204,218.478621972212,1010.5568929502,1113.39570309415,308.95950780665,627.019855971406,1222.55108727359
410.689613150069,269.619026703135,311.149725660635,927.662563207347,535.558449616783,434.487990133707,191.359798697272,111.146189130354,462.117404433534,266.213808855192,143.087134483013,1353.17177388594,608.008932287747,727.961620975293,363.380176974009,1014.72950337769,98.80543289114,773.911527353497,473.437193377113,541.675336999436,843.812260120788,194.529376270956,400.656997321751,752.951319194882,218.478621972212,820.694207601358,563.632384347105,148.659745248932,627.019855971406,934.048408863122
410.689613150069,69.9246401101149,311.149725660635,483.245713729924,535.558449616783,225.212446624329,144.184309548311,111.146189130354,462.117404433534,170.939224193748,75.5620549394196,928.842834547995,421.422824701499,543.143672396564,363.380176974009,702.124416724131,92.0448463975927,250.790194609117,338.471735661376,120.129114649905,699.959046033795,93.5212909773788,341.936798423232,461.776733165609,70.3777506957414,820.694207601358,476.531678586288,100.090551375361,373.627185729966,934.048408863122
249.063965901061,16.4104610012242,168.778609775236,125.220977401966,422.997353177171,94.7601937209006,38.3720034773576,20.4039289760722,219.307762350482,34.357930038133,13.7313670618945,448.251132794501,421.422824701499,340.619532208572,94.682492144095,302.929089373911,35.3032359330668,200.796103858524,33.1729723394546,29.4896818076517,365.249179520285,17.6968251760743,144.432854432175,385.879784582309,8.53949953160554,211.144233952788,309.115827301855,24.9554729199327,60.1222111632973,242.544350289103
76.3464512480655,7.41526820784145,84.2597356178591,51.4817514926077,130.237315090594,65.5157648831602,5.82826583200756,4.92602150039158,52.0934682307167,2.50379373250439,1.80155342638932,38.8342823586102,78.7374047834489,100.909842896017,76.2797779279462,54.6028043056396,3.6369498789926,24.6503380739509,5.14294215525831,4.77098494595407,21.601809782327,5.86434402037548,15.5212070713642,24.393515737164,6.29451004467433,94.0381075685688,45.922658776448,2.73660219708142,60.1222111632973,56.4911702836343
9.97692435369254,0.780674149448146,30.0382445644917,17.2994629602665,17.5740563508051,12.3919618344675,0.690644926057303,0.387781691336158,10.5662863620756,0.810562068931631,1.15431259864272,25.9257452407442,25.5213728730474,18.3378581275481,21.8281067355931,12.2328664738563,0.203903498001296,14.8932353089684,0.750844509228727,0.306884763335006,8.00010642652433,0.684696520430066,13.1221285469011,19.7365654224127,0.478837860506474,16.5073920931364,8.30083073412288,1.1387266056787,11.7160588172719,9.75421804380346
1.29577291539704,0.00954880484596288,1.40828604086767,3.16897750959572,2.51580213725822,0.982235302022787,0.0165607622288917,0.00709045266739849,3.01497488323548,0.0263599535790036,0.00559477207684722,2.06947194879012,2.05223861666059,1.33165774094743,3.00509337171104,2.44816971399257,0.00919168201494358,0.590168178865724,0.0193270177649083,0.00316398254142314,0.655178249683104,0.00467641504360472,2.03734864826538,2.6928434540672,0.00575930680270176,1.39210661171148,1.89161727223564,0.00583995972863249,1.41024882543911,2.40823476312573
0.214297860918919,2.76479681815545e-06,0.153354402269542,0.219076573291545,0.179886898732093,0.278140512267555,4.67322809072357e-06,1.90276250577881e-06,0.248802996348445,5.34553203124233e-06,1.02020756003185e-05,0.175822931856601,0.264863601695765,0.229733060194008,0.118789945896992,0.178407731003517,3.23743461194681e-06,0.255689355738582,5.43740634384449e-06,1.16376236292126e-06,0.225242126301282,4.73348984542099e-06,0.183950179076646,0.289316586145105,6.22510981429514e-06,0.214351564148842,0.215818409372559,4.23338440214138e-06,0.183429746375509,0.314541425660082
0.000253673847282698,3.02406988339499e-11,0.000537655809353055,0.000432019215622859,0.000327105810697503,0.0008452411491362,1.25055521493778e-11,2.37605490838178e-11,0.000450050186373119,2.22826201934367e-11,3.38786776410416e-11,0.00024170510971544,0.000301028994954322,0.000184861556931537,0.000356565606693948,0.000180208659685377,1.98951966012828e-11,0.000268092902160788,1.4210854715202e-11,1.46656020660885e-11,0.000427817763124949,2.35331754083745e-11,0.000145718585372379,0.000562418470508419,3.11501935357228e-11,0.000288943256805396,0.000614296838080008,3.38786776410416e-11,0.00012254680427759,0.00024089061594168
1.42573526318301e-08,0,1.68762426255853e-08,6.8224608185119e-09,5.7723468671611e-08,4.33606146543752e-08,0,0,9.88900410447968e-08,0,0,2.70749751507537e-08,1.68099631991936e-08,1.7791535356082e-08,9.78354819380911e-09,2.82027485809522e-08,0,1.61768411999219e-08,0,0,5.81455879000714e-08,0,2.4130031306413e-08,1.0297401331627e-07,0,1.04788568933145e-08,3.90944023820339e-08,0,4.48442278866423e-08,1.52380152940168e-08
0,0,0,0,0,0,0,0,0,0,0,0,0,0,0,0,0,0,0,0,0,0,0,0,0,0,0,0,0,0
0,0,0,0,0,0,0,0,0,0,0,0,0,0,0,0,0,0,0,0,0,0,0,0,0,0,0,0,0,0
0,0,0,0,0,0,0,0,0,0,0,0,0,0,0,0,0,0,0,0,0,0,0,0,0,0,0,0,0,0
0,0,0,0,0,0,0,0,0,0,0,0,0,0,0,0,0,0,0,0,0,0,0,0,0,0,0,0,0,0
