751.919587548899,944.057159064955,1847.80774786789,1790.95888439802,617.941642472651,1216.9403529734,1805.39937776676,1429.01770557394,1110.2886178561,1476.51219921604,1606.88117920861,779.043339505682,1080.80167628258,1425.61077970939,1176.650837755,951.014013668561,1717.22456338625,1826.6684086395,1965.56344642079,1463.77944705642,1592.19572722092,1367.47302464769,1830.07713367971,797.410517914063,1837.93935493883,1013.56018777891,1284.52766493314,1674.95972250369,1252.27079530854,1110.62223197264
314.18471605274,674.307955957371,1579.50612960962,1790.95888439802,617.941642472651,1066.75103619619,1293.33682890147,1429.01770557394,1110.2886178561,958.466007809756,1279.57545565373,779.043339505682,1080.80167628258,1425.61077970939,792.46226887937,785.00456512185,659.533911906928,1826.6684086395,801.080967971505,1463.77944705642,1592.19572722092,1367.47302464769,1550.43984895439,797.410517914063,1685.60796330231,1013.56018777891,1284.52766493314,1571.86789965994,1029.88643857969,1110.62223197264
234.814536621229,558.613101000424,945.716084704713,1709.35590676188,471.018970881066,502.614882467964,936.375429611755,1429.01770557394,765.429482284986,928.968424142268,424.641800375008,368.95843763574,1072.66189854334,769.744223775626,792.46226887937,319.107359561581,478.597924641711,1581.76576162325,427.191762547023,1217.28213898544,1592.19572722092,520.428092072039,1274.22759811219,797.410517914063,1252.71666630321,1013.56018777891,1284.52766493314,1031.84188937882,1029.88643857969,614.30087920472
214.221138636412,498.572089639427,303.356504687782,1663.19765636561,318.593886397761,203.340384415697,467.051007383961,1260.81230612044,765.429482284986,483.299434193822,197.292499553661,287.897182870069,472.60852255608,334.488958197428,348.500726965971,261.207300854843,260.331395135206,1581.76576162325,218.703261143982,1085.32998627805,1028.57947966283,221.061293447986,577.195990940341,374.933094741975,988.896561551052,1013.56018777891,891.772667739696,793.550198822891,1029.88643857969,305.416421248772
197.557853311419,286.557223523149,183.725911510566,887.019208911754,183.561982390252,168.318145380013,256.591139418752,660.545058946031,247.472424770934,250.701455584289,167.635974525979,205.757994405437,187.007759736489,303.219317727227,192.431249311177,182.416990488519,204.164335550113,899.233751574684,172.323233056171,643.70570738281,365.036857894612,171.056905413697,220.290669839191,179.631833601943,726.001701477381,929.514660025739,813.129810195548,715.577004895589,265.635238628754,211.576453901339
153.098864788141,156.7603094974,151.346151081704,640.657779692003,164.731540711667,153.849862596052,161.142754860278,574.803777326671,162.511471472588,152.37253982241,155.145079697613,160.36910110488,155.959477737362,161.407434688655,150.854630728064,153.869995033957,154.197615042682,594.669889573476,156.820423542832,165.10280251269,156.440820643181,160.081994803495,157.115878266974,157.155914628318,543.555265775263,527.485944189117,494.563976183686,476.310845657482,172.679961442796,157.415626459753
105.254828282953,151.23196340118,150.566614002262,409.074542792543,140.400392943956,135.798249017472,108.44877576555,397.035634763925,153.104164247942,150.600436975477,142.1428811429,153.824801585391,111.418191627395,147.703631728645,98.1392309080743,151.630544042848,143.919992641798,391.822571871075,151.985510622416,143.845940662893,152.79631357346,141.169872002966,151.358973460183,146.919492376833,390.226077238724,411.656560902927,374.86875419481,351.497501060614,153.075161963893,145.957278370216
9.03904202400645,10.2509049974674,16.9615970583259,326.386453046419,15.9560333107065,10.6964709171943,12.765820919521,322.28363841086,22.6451145324831,13.5706453934804,16.6407225690104,20.6719456974506,9.06928262928568,17.0641056297977,13.6943114707879,12.1317884136015,10.1790211710095,321.150090408677,15.4698867181278,9.62607829066746,75.149546348378,8.28482333274769,23.0834384750847,16.7971870750484,323.923974019689,323.943335329786,316.736806877915,318.982575377911,13.1402123460998,15.32988680567
0.618949378693287,1.61559488295643,1.53067625018411,301.179195865776,1.4576552272265,0.756468393094565,0.836882731455262,301.59241462467,1.51880916419714,1.429285964668,1.471061160511,1.50751966802727,0.955729837282433,1.14116861808498,0.682782218084867,1.64243357096939,1.06590137719922,303.786963108402,0.98645722350966,1.43606016460217,1.92389375299535,0.803899682608971,0.981977488894699,1.00017988057334,302.540337793292,301.416096969212,301.823185582641,300.777235091032,1.50210698059846,0.874268857174684
0.0166073295035858,0.0523316046355831,0.0200534501404945,300.032032623431,0.036300487301105,0.0182510057798027,0.0175812431002669,300.027223846937,0.0324289191539719,0.0257977543747074,0.0182427058225585,0.0297664229310612,0.0289815997721234,0.0174471795871796,0.0201487568838274,0.0285107068038997,0.0135624137724335,300.043691178024,0.0219805788797203,0.0275119191232989,0.041177146467362,0.0131278202134126,0.0227878638957009,0.035876830801044,300.042047661811,300.024139965309,300.024350754165,300.013877755445,0.0407309878623892,0.0141929851683926
4.30824893555837e-05,0.000113684688585636,7.05860102243605e-05,300.000070652794,7.25657891962328e-05,0.000102605390566168,6.82200738992833e-05,300.000085209533,7.42591710150009e-05,6.49888602310966e-05,6.05254535912536e-05,3.99544132960727e-05,4.50635511697328e-05,5.00742476106097e-05,2.58622599176306e-05,8.49109237606172e-05,4.12844401580514e-05,300.000175561782,6.46227813376754e-05,7.69933621995733e-05,0.000111251750240626,4.13231146012549e-05,8.07289811746159e-05,7.91617603681516e-05,300.000106497874,300.000073208495,300.000047431799,300.000053311857,9.05808301467914e-05,4.92156536893162e-05
2.24736140808091e-09,8.32596924738027e-09,2.49337972491048e-09,300.000000003442,6.78846845403314e-09,1.41130840347614e-08,5.95355231780559e-09,300.000000009211,7.07905201124959e-09,8.78617356647737e-09,5.48834577784874e-09,2.52521203947254e-09,3.13730197376572e-09,3.8030520954635e-09,3.84125087293796e-09,3.20096660288982e-09,3.04817149299197e-09,300.000000014065,3.72529029846191e-09,3.61433194484562e-09,8.48694980959408e-09,2.48064679908566e-09,4.46425474365242e-09,8.1367943494115e-09,300.000000006686,300.00000000302,300.000000002226,300.000000002854,5.83349901717156e-09,3.06135916616768e-09
4.54747350886464e-13,4.54747350886464e-13,4.54747350886464e-13,300,4.54747350886464e-13,4.54747350886464e-13,4.54747350886464e-13,300,4.54747350886464e-13,4.54747350886464e-13,4.54747350886464e-13,4.54747350886464e-13,4.54747350886464e-13,4.54747350886464e-13,4.54747350886464e-13,4.54747350886464e-13,4.54747350886464e-13,300,4.54747350886464e-13,4.54747350886464e-13,4.54747350886464e-13,4.54747350886464e-13,4.54747350886464e-13,4.54747350886464e-13,300,300,300,300,4.54747350886464e-13,4.54747350886464e-13
4.54747350886464e-13,4.54747350886464e-13,4.54747350886464e-13,300,4.54747350886464e-13,4.54747350886464e-13,4.54747350886464e-13,300,4.54747350886464e-13,4.54747350886464e-13,4.54747350886464e-13,4.54747350886464e-13,4.54747350886464e-13,4.54747350886464e-13,4.54747350886464e-13,4.54747350886464e-13,4.54747350886464e-13,300,4.54747350886464e-13,4.54747350886464e-13,4.54747350886464e-13,4.54747350886464e-13,4.54747350886464e-13,4.54747350886464e-13,300,300,300,300,4.54747350886464e-13,4.54747350886464e-13
4.54747350886464e-13,4.54747350886464e-13,4.54747350886464e-13,300,4.54747350886464e-13,0,4.54747350886464e-13,300,4.54747350886464e-13,4.54747350886464e-13,4.54747350886464e-13,4.54747350886464e-13,0,4.54747350886464e-13,4.54747350886464e-13,4.54747350886464e-13,4.54747350886464e-13,300,4.54747350886464e-13,4.54747350886464e-13,4.54747350886464e-13,4.54747350886464e-13,4.54747350886464e-13,4.54747350886464e-13,300,300,300,300,4.54747350886464e-13,4.54747350886464e-13
0,4.54747350886464e-13,4.54747350886464e-13,300,0,0,0,300,0,4.54747350886464e-13,0,0,0,4.54747350886464e-13,0,4.54747350886464e-13,0,300,4.54747350886464e-13,0,4.54747350886464e-13,4.54747350886464e-13,4.54747350886464e-13,0,300,300,300,300,4.54747350886464e-13,4.54747350886464e-13
