153.098864788141,156.7603094974,151.346151081704,640.657779692003,164.731540711667,153.849862596052,161.142754860278,574.803777326671,162.511471472588,152.37253982241,155.145079697613,160.36910110488,155.959477737362,161.407434688655,150.854630728064,153.869995033957,154.197615042682,594.669889573476,156.820423542832,165.10280251269,156.440820643181,160.081994803495,157.115878266974,157.155914628318,543.555265775263,527.485944189117,494.563976183686,476.310845657482,172.679961442796,157.415626459753
25.9594771587986,41.5926649612243,81.2456865513564,344.455925693306,23.6989532839812,34.0159037376707,29.8217695480075,343.847687891934,83.26174653935,48.2327277238487,44.189359671172,113.57663069022,31.8762479357379,34.9559243795397,27.542298595286,49.6858376324294,26.8111540767409,355.497442016253,35.4341380383162,51.333890853281,151.715087072548,18.6898201620911,38.5662671757323,76.9419436184553,361.183676194929,333.853290432129,346.903891614545,329.586428106405,80.9790945805239,54.0213873188009
4.17009013613233,5.81124082307042,10.0024854048811,312.4639857759,4.98462976131395,4.28624485633782,6.12223538284888,316.228576385808,7.60197252538001,6.00262031417969,3.37665742801619,9.39234676577371,5.67428773733036,5.43099146477334,3.6165432005605,3.39172205334626,4.15924628540597,310.39195299504,4.40458088430432,5.23523384511782,12.4303878637884,3.13599662505248,8.7212304466475,7.67083245975664,314.802164512198,308.389269411574,312.262627572532,303.038756887106,7.06360651201339,4.62378409275971
0.147678807304146,0.283879129475281,0.437219397213539,300.211469350744,0.199253306739138,0.182323798866037,0.14654021844035,300.294830577472,0.268153712498588,0.191823147210016,0.164778035673407,0.340443440302806,0.199343771449094,0.178031769626614,0.164962975457911,0.261052680185912,0.129700804439381,300.311623137253,0.180747454967332,0.189067774383602,0.452016773606374,0.109903424249751,0.197476207583804,0.249835000198345,300.552596626884,300.211552591513,300.21192442249,300.105923854581,0.19776394117207,0.180441492003411
4.30824893555837e-05,0.000113684688585636,7.05860102243605e-05,300.000070652794,7.25657891962328e-05,0.000102605390566168,6.82200738992833e-05,300.000085209533,7.42591710150009e-05,6.49888602310966e-05,6.05254535912536e-05,3.99544132960727e-05,4.50635511697328e-05,5.00742476106097e-05,2.58622599176306e-05,8.49109237606172e-05,4.12844401580514e-05,300.000175561782,6.46227813376754e-05,7.69933621995733e-05,0.000111251750240626,4.13231146012549e-05,8.07289811746159e-05,7.91617603681516e-05,300.000106497874,300.000073208495,300.000047431799,300.000053311857,9.05808301467914e-05,4.92156536893162e-05
3.18323145620525e-12,1.00044417195022e-11,3.18323145620525e-12,300.000000000005,6.3664629124105e-12,1.2732925824821e-11,5.45696821063757e-12,300.000000000009,1.04591890703887e-11,1.31876731757075e-11,8.64019966684282e-12,3.63797880709171e-12,4.09272615797818e-12,4.54747350886464e-12,7.73070496506989e-12,3.18323145620525e-12,3.63797880709171e-12,300.000000000015,5.00222085975111e-12,4.54747350886464e-12,1.9554136088118e-11,3.63797880709171e-12,4.09272615797818e-12,8.18545231595635e-12,300.000000000005,300.000000000003,300.000000000003,300.000000000003,1.13686837721616e-11,6.82121026329696e-12
4.54747350886464e-13,4.54747350886464e-13,4.54747350886464e-13,300,4.54747350886464e-13,4.54747350886464e-13,4.54747350886464e-13,300,4.54747350886464e-13,4.54747350886464e-13,4.54747350886464e-13,4.54747350886464e-13,4.54747350886464e-13,4.54747350886464e-13,4.54747350886464e-13,4.54747350886464e-13,4.54747350886464e-13,300,4.54747350886464e-13,4.54747350886464e-13,4.54747350886464e-13,4.54747350886464e-13,4.54747350886464e-13,4.54747350886464e-13,300,300,300,300,4.54747350886464e-13,4.54747350886464e-13
4.54747350886464e-13,4.54747350886464e-13,4.54747350886464e-13,300,4.54747350886464e-13,4.54747350886464e-13,4.54747350886464e-13,300,4.54747350886464e-13,4.54747350886464e-13,4.54747350886464e-13,4.54747350886464e-13,4.54747350886464e-13,4.54747350886464e-13,4.54747350886464e-13,4.54747350886464e-13,4.54747350886464e-13,300,4.54747350886464e-13,4.54747350886464e-13,4.54747350886464e-13,4.54747350886464e-13,4.54747350886464e-13,4.54747350886464e-13,300,300,300,300,4.54747350886464e-13,4.54747350886464e-13
0.527532354091363,1.18812389791128,1.14639040453676,301.309673577633,0.482061432378487,0.455610326191163,1.29526422919253,301.097752228389,1.08929961969352,0.986157929268302,1.03936240899156,0.854653390674684,0.610147447465806,1.38668578734723,0.769210643815768,0.918834353761213,0.707245249157495,301.732083349875,0.714815772663314,0.795242352395235,1.48914620587493,0.398606323547028,1.00634601902448,0.795750933017644,301.95285023609,301.570977652228,300.819622859833,301.870529016311,1.72008606266354,0.982218635117988
4.54747350886464e-13,4.54747350886464e-13,4.54747350886464e-13,300,4.54747350886464e-13,4.54747350886464e-13,4.54747350886464e-13,300,4.54747350886464e-13,4.54747350886464e-13,4.54747350886464e-13,4.54747350886464e-13,0,4.54747350886464e-13,4.54747350886464e-13,4.54747350886464e-13,4.54747350886464e-13,300,4.54747350886464e-13,4.54747350886464e-13,4.54747350886464e-13,4.54747350886464e-13,4.54747350886464e-13,4.54747350886464e-13,300,300,300,300,4.54747350886464e-13,4.54747350886464e-13
4.54747350886464e-13,4.54747350886464e-13,4.54747350886464e-13,300,4.54747350886464e-13,0,0,300,4.54747350886464e-13,4.54747350886464e-13,4.54747350886464e-13,0,0,4.54747350886464e-13,4.54747350886464e-13,4.54747350886464e-13,4.54747350886464e-13,300,4.54747350886464e-13,4.54747350886464e-13,4.54747350886464e-13,4.54747350886464e-13,4.54747350886464e-13,4.54747350886464e-13,300,300,300,300,4.54747350886464e-13,4.54747350886464e-13
4.54747350886464e-13,4.54747350886464e-13,4.54747350886464e-13,300,4.54747350886464e-13,0,0,300,0,4.54747350886464e-13,4.54747350886464e-13,0,0,4.54747350886464e-13,0,4.54747350886464e-13,4.54747350886464e-13,300,4.54747350886464e-13,4.54747350886464e-13,4.54747350886464e-13,4.54747350886464e-13,4.54747350886464e-13,0,300,300,300,300,4.54747350886464e-13,4.54747350886464e-13
0,4.54747350886464e-13,4.54747350886464e-13,300,0,0,0,300,0,4.54747350886464e-13,0,0,0,4.54747350886464e-13,0,4.54747350886464e-13,4.54747350886464e-13,300,4.54747350886464e-13,0,4.54747350886464e-13,4.54747350886464e-13,4.54747350886464e-13,0,300,300,300,300,4.54747350886464e-13,4.54747350886464e-13
0,4.54747350886464e-13,4.54747350886464e-13,300,0,0,0,300,0,4.54747350886464e-13,0,0,0,4.54747350886464e-13,0,4.54747350886464e-13,0,300,4.54747350886464e-13,0,4.54747350886464e-13,4.54747350886464e-13,4.54747350886464e-13,0,300,300,300,300,4.54747350886464e-13,4.54747350886464e-13
