190.298758714856,182.534356966275,193.61407401727,212.18310710865,228.797574201202,210.397183914419,193.328538296525,185.505218208248,203.904571755555,215.922860176564,205.302239131895,234.516307266705,180.703115418248,185.331570410794,190.007658187975,192.113135180456,225.85698285121,181.296591709529,186.441366642275,184.270722611448,187.631672889628,225.14861757673,192.690398453852,186.255705014766,209.838093220598,186.075505619595,186.141978758125,225.513070080821,179.332852241018,185.74161770931
168.620205610125,169.263921693692,171.781838056052,171.669123116821,180.868064409695,173.234097953061,169.67599967963,168.628609122296,168.313825793278,171.951510499285,167.149588522509,174.179356961232,168.562544405096,167.975142350503,168.917276594349,170.786068562797,170.304170642537,167.588541247504,167.26112837555,169.709125855378,169.063168419807,172.243460079749,171.037750569049,167.544222742398,171.107896740114,168.497666971723,167.660197813014,170.146312809389,168.783087296096,169.637183468749
164.220353495275,165.080384996995,165.373074946702,167.947831660082,174.318376881633,164.138757350089,165.454701763288,165.437563048796,165.124363105956,165.938777122953,165.193289791364,165.320040051149,165.054789512018,165.14180172908,165.265221786719,165.846717042051,165.505971994281,164.996350386145,165.116985419902,165.078436851427,165.063289753604,165.690994393581,165.188125700582,165.190387770289,165.117731408634,165.241561822882,165.102562048393,165.702039325065,165.136441483487,165.03542088438
163.718077401435,164.922568281165,164.933874555098,166.686980861634,165.807887251274,162.705408714267,164.933270066831,165.219009109544,164.931616165783,165.51779290272,164.923033180194,164.924551066598,164.931818435503,164.932276939152,164.923389793555,165.221410681424,164.923188740419,164.931745092811,164.923590352224,164.931764576649,164.922860018137,164.935202094839,164.931871292105,164.931641356275,164.933740958189,164.923199188613,164.931623945313,165.220813999825,164.922386986717,164.933327956414
163.714849614334,164.921941570558,164.931007905384,166.661970669504,165.069940536629,162.700130583411,164.931007906901,165.212605891218,164.931007905014,165.516157160607,164.921941571002,164.921941574459,164.931007903911,164.931007906998,164.921941571146,165.212606566857,164.92194157224,164.931007904217,164.921941570787,164.931007904865,164.921941569292,164.931007909207,164.931007906383,164.931007904939,164.931007904032,164.921941570366,164.931007903729,165.212606252147,164.921941569378,164.931007905735
163.714849549329,164.921941568,164.931007902907,166.66196384554,165.068192337523,162.700130535329,164.931007902907,165.212605597661,164.931007902907,165.516157123748,164.921941568,164.921941568,164.931007902907,164.931007902907,164.921941568,165.212605597661,164.921941568,164.931007902907,164.921941568,164.931007902907,164.921941568,164.931007902907,164.931007902907,164.931007902907,164.931007902907,164.921941568,164.931007902907,165.212605597661,164.921941568,164.931007902907
163.714849549329,164.921941568,164.931007902907,166.66196384554,165.068192332853,162.700130535329,164.931007902907,165.212605597661,164.931007902907,165.516157123748,164.921941568,164.921941568,164.931007902907,164.931007902907,164.921941568,165.212605597661,164.921941568,164.931007902907,164.921941568,164.931007902907,164.921941568,164.931007902907,164.931007902907,164.931007902907,164.931007902907,164.921941568,164.931007902907,165.212605597661,164.921941568,164.931007902907
163.714849549329,164.921941568,164.931007902907,166.66196384554,165.068192332853,162.700130535329,164.931007902907,165.212605597661,164.931007902907,165.516157123748,164.921941568,164.921941568,164.931007902907,164.931007902907,164.921941568,165.212605597661,164.921941568,164.931007902907,164.921941568,164.931007902907,164.921941568,164.931007902907,164.931007902907,164.931007902907,164.931007902907,164.921941568,164.931007902907,165.212605597661,164.921941568,164.931007902907
163.714849549329,164.921941568,164.931007902907,166.66196384554,165.068192332853,162.700130535329,164.931007902907,165.212605597661,164.931007902907,165.516157123748,164.921941568,164.921941568,164.931007902907,164.931007902907,164.921941568,165.212605597661,164.921941568,164.931007902907,164.921941568,164.931007902907,164.921941568,164.931007902907,164.931007902907,164.931007902907,164.931007902907,164.921941568,164.931007902907,165.212605597661,164.921941568,164.931007902907
163.714849549329,164.921941568,164.931007902907,166.66196384554,165.068192332853,162.700130535329,164.931007902907,165.212605597661,164.931007902907,165.516157123747,164.921941568,164.921941568,164.931007902907,164.931007902907,164.921941568,165.212605597661,164.921941568,164.931007902907,164.921941568,164.931007902907,164.921941568,164.931007902907,164.931007902907,164.931007902907,164.931007902907,164.921941568,164.931007902907,165.212605597661,164.921941568,164.931007902907
163.714849549329,164.921941568,164.931007902907,166.66196384554,165.068192332853,162.700130535329,164.931007902907,165.212605597661,164.931007902907,165.516157123747,164.921941568,164.921941568,164.931007902907,164.931007902907,164.921941568,165.212605597661,164.921941568,164.931007902907,164.921941568,164.931007902907,164.921941568,164.931007902907,164.931007902907,164.931007902907,164.931007902907,164.921941568,164.931007902907,165.212605597661,164.921941568,164.931007902907
163.714849549329,164.921941568,164.931007902907,166.66196384554,165.068192332853,162.700130535329,164.931007902907,165.212605597661,164.931007902907,165.516157123747,164.921941568,164.921941568,164.931007902907,164.931007902907,164.921941568,165.212605597661,164.921941568,164.931007902907,164.921941568,164.931007902907,164.921941568,164.931007902907,164.931007902907,164.931007902907,164.931007902907,164.921941568,164.931007902907,165.212605597661,164.921941568,164.931007902907
163.714849549329,164.921941568,164.931007902907,166.66196384554,165.068192332853,162.700130535329,164.931007902907,165.212605597661,164.931007902907,165.516157123747,164.921941568,164.921941568,164.931007902907,164.931007902907,164.921941568,165.212605597661,164.921941568,164.931007902907,164.921941568,164.931007902907,164.921941568,164.931007902907,164.931007902907,164.931007902907,164.931007902907,164.921941568,164.931007902907,165.212605597661,164.921941568,164.931007902907
163.714849549329,164.921941568,164.931007902907,166.66196384554,165.068192335535,162.700130535329,164.931007902907,165.212605597661,164.931007902907,165.516157123747,164.921941568,164.921941568,164.931007902907,164.931007902907,164.921941568,165.212605597661,164.921941568,164.931007902907,164.921941568,164.931007902907,164.921941568,164.931007902907,164.931007902907,164.931007902907,164.931007902907,164.921941568,164.931007902907,165.212605597661,164.921941568,164.931007902907
