247662128.191697,281097451.799498,77774983.2305906,310385205.100821,336807132.88226,1043563672.0804,1219288054.72528,1634133639.11968,1049012689.75929,487865036.247534,979866750.764268,53899147.4466026,772882911.592309,842662052.1863,625468668.834726,377713749.834387,1437890515.09704,255608460.267038,93046835.0217245,429626907.343882,407724947.762585,873472674.355785,198848231.735668,147181124.693663,1483477584.09636,267122809.001981,337674785.176007,116664267.457086,673288910.550381,261108729.130365
247662128.191697,281097451.799498,77774983.2305906,310385205.100821,336807132.88226,1034611655.54201,99505279.9722086,470973945.100302,1049012689.75929,359633828.527966,948246871.706289,53899147.4466026,373211956.500024,189645742.929883,160402561.057917,377713749.834387,695421328.791904,255608460.267038,93046835.0217245,429626907.343882,407724947.762585,873472674.355785,198848231.735668,96367575.2646555,1089170590.82297,267122809.001981,239710391.709037,116664267.457086,316352635.281126,261108729.130365
247662128.191697,281097451.799498,77774983.2305906,310385205.100821,336807132.88226,1034611655.54201,99505279.9722086,470973945.100302,230586300.722514,359633828.527966,238405573.717011,53899147.4466026,373211956.500024,189645742.929883,160402561.057917,377713749.834387,91205077.9990913,255608460.267038,93046835.0217245,429626907.343882,155668662.658934,533237619.419848,198848231.735668,96367575.2646555,1089170590.82297,267122809.001981,146618547.33003,116664267.457086,316352635.281126,197502330.416628
224413677.931714,88488494.3561455,23928620.1828832,97050122.3865759,171153075.003707,118713544.076001,59498031.5508505,470973945.100302,139640406.305734,31019850.583409,68136938.9290729,53899147.4466026,373211956.500024,42940564.0149002,104763016.133983,75641602.2844418,91205077.9990913,255608460.267038,93046835.0217245,429626907.343882,20365507.8929103,47619978.181394,120715078.642339,41699312.1333069,343793305.573836,267122809.001981,122378664.368989,81061848.4853324,126184112.910955,197502330.416628
91947858.9773343,43722455.3619,23928620.1828832,78623483.7300482,129266383.232609,89196972.5079622,59498031.5508505,103787342.197403,88300004.9880709,31019850.583409,68136938.9290729,53899147.4466026,17393404.5724443,16202725.2795176,36313465.4053787,31721043.4206387,91205077.9990913,202225496.005208,93046835.0217245,214306065.158513,20365507.8929103,47619978.181394,120715078.642339,41699312.1333069,133027881.591195,42512954.6639285,30145208.1889133,81061848.4853324,126184112.910955,37936490.9231291
45391778.8666274,40945111.0451889,23146199.5939177,22658545.6024948,47148844.6006518,30036802.7868146,26536582.1361668,9341992.50410059,6657371.83576858,17202388.5156591,3578421.2814671,2976070.42633735,17393404.5724443,10262372.3261527,25469559.5813325,28256735.6084441,52113703.5051308,22706306.8890534,22237523.6213613,45636798.9483975,13094305.4992972,21023714.1171008,11198533.2747371,18921266.8917584,17970386.9304371,41297999.9851944,21849312.1067767,7517363.78047708,38013809.4028727,8625490.7174769
15638988.3197999,974904.699893592,1584224.8227474,3388951.38254042,9691567.43238407,674664.567748183,3354629.92598794,424806.573764654,386261.214090847,3296872.66571953,813364.733055318,1208229.5151653,3001514.54092141,1753080.40933156,1816699.33006913,2602294.16681468,7676287.57280098,14033248.8456607,271057.063812565,6166108.13105069,2935328.32806376,4773865.65031247,2699947.65209306,806628.254588324,13564113.4742141,2865363.23251057,1255296.37186018,881266.279125269,1933766.80184643,198050.164957441
252714.641503891,76175.1653588744,110479.964944154,193492.85879518,196253.958072325,140391.189815908,564517.714366173,42159.8013872274,66120.9098726199,50947.4268472958,151592.923324456,35099.5655575723,322224.524459985,26816.7721529104,103832.075619138,22868.3529581219,332474.491553249,1113136.58980505,253170.620253944,355491.43996393,48868.0575583238,48782.1657697283,179595.379958625,37701.8416102546,74830.3431412164,104433.627846855,32568.2363235015,41946.3491982704,139684.209291652,98659.7772274967
1694.57816305569,265.851919408901,2038.2643038759,739.775644363403,1595.54166239584,2816.41932337329,7418.88578825678,1856.52195900275,1409.40082172076,981.066422729746,734.503405426675,1603.55057016358,2671.14165219113,3813.3191233599,2273.90544986959,5996.20622063673,1847.44459205153,2802.10961431404,1882.09056414431,2165.98635751917,1646.13061791952,8126.25525889592,2200.06062638446,1787.61865767706,1043.5995197874,2735.71490084807,1167.16654236057,1347.76948022998,319.762271766473,2120.34532189477
77.8365159864254,73.8561147519927,90.3183529202022,33.3708018911307,79.9764009675976,113.534368436175,152.872673445874,67.1734834142908,104.210028355354,30.0709472601643,71.2038942665108,105.924395344881,122.966339004856,122.43366438607,125.441418925728,113.59332007309,92.1082514989505,59.7790195151772,101.549419448118,128.564657806681,101.661580622301,102.984727218587,98.1624004524019,34.3716528594941,45.6606623572663,57.0366268397293,98.9797706481013,50.5806575366753,87.2519083845943,104.704996642647
5.03692937046844,9.24796111816045,1.43542512452859,2.45339426395572,19.1077934441141,14.0673536065938,19.5805302236267,4.64672799563255,20.9710591217138,1.66144454247751,9.34520543804638,10.5076794138693,5.52853240862191,4.37001763291164,37.8339283935229,47.8691389686114,13.4885847386622,12.9414638156627,1.90196370858894,42.4280206416884,4.71542401258944,10.9590494891875,15.729529503855,2.31141011947534,12.9330076726949,11.4287989012378,4.77596181675949,17.8208621026859,15.6276282379122,13.7706607352088
2.14083514682397,8.02077470733389,1.20261342460321,2.29337205877891,2.32214318130332,13.1715041601888,2.4880558414327,4.1692659120265,2.10932947872311,1.49448446688098,4.0520435365313,10.2138128652846,5.09961637397669,4.02811409885749,2.44787110835364,17.2659735709562,13.1840696758181,1.24867161168822,1.49497859372605,9.31176225466402,1.23558369408761,1.2313479888503,2.36534969454215,1.22465286327019,2.16772283924479,1.18531141916674,2.04251493007223,9.0374428993689,13.1275527462517,5.06613797493787
2.12070370290576,7.99600236800688,1.18664887986552,2.28577250501462,2.21342297225124,13.1583622005685,2.48575213411436,4.15375143583697,2.09053262320481,1.49373292910718,4.04365365089348,10.2037533743046,5.0889855849216,4.02056634749692,2.42444513578812,17.192922039919,13.1760575877211,1.22257843156262,1.49495905709455,9.27565680189537,1.21315460843903,1.17842870011077,2.36534969454215,1.19575035155435,2.15388453618266,1.16316627919173,2.03228374809464,9.01712134485524,13.1157193983956,5.04763195545706
2.12049285833018,7.99542095728225,1.18649201842595,2.28569165110639,2.21253364170138,13.1582136443246,2.48572559759123,4.15365974387237,2.09007518349699,1.49372012748495,4.04335327029162,10.2036406050308,5.08879366033011,4.02041014939869,2.42398364870519,17.1920462206995,13.1759167242774,1.22235097087582,1.49495905709341,9.27545190615479,1.21295874235943,1.17806868938146,2.36534969454215,1.19553945167331,2.1536449877849,1.16289747165115,2.03216915478743,9.01663965496573,13.1155642318727,5.04749357189849
2.12049265189285,7.9954205683523,1.18649136990507,2.28569117715165,2.21253258681213,13.1582133592813,2.48572552354767,4.15365957467338,2.09007464782712,1.49372008955652,4.04335252503984,10.203640502652,5.08879344743741,4.02040982468407,2.42398334981431,17.1920452293064,13.175916305222,1.22235076640459,1.49495905709318,9.27545158909379,1.21295857921268,1.17806736997682,2.36534969454215,1.19553902267785,2.15364475662591,1.16289722331226,2.03216897345624,9.01663933080567,13.1155640758616,5.04749330182312
2.1210316057502,7.99293443886722,1.19700437891584,2.27645856639447,2.2180841538036,13.1971516301576,2.48691951765932,4.14804481104647,2.07638314880251,1.49920627390725,4.04077620350199,10.224650530118,5.08438043938145,4.02100350472483,2.42840742251633,17.167862840158,13.1756186572572,1.22602335311217,1.49438301012856,9.27683823569623,1.23082556444047,1.18805723586615,2.38312568541687,1.19031117317536,2.1619579108401,1.15550073674558,2.02484138043042,9.02911364823126,13.1234333099198,5.0460567752541
