4413950.21041821,59878.6100928296,295412.974955494,919516.670347929,34790185.4426554,4677929.10335436,1808005.32919741,21692238.2062645,501176.747912229,842551.082802761,6870410.25639686,25303851.5972166,7107747.19833639,1339856.99452285,53064.664470542,55484.3046065568,60436209.4706742,262796.888528095,274980.09392278,207059276.315082,15234246005.4715,73985.7536148583,17475755.3621294,140160253.000158,83350.2080897356,865160552.975034,2199635.86078411,74118908.4493672,180132.343012422,127433.756811697
4413950.21041821,59878.6100928296,295412.974955494,919516.670347929,34790185.4426554,4677929.10335436,1808005.32919741,21692238.2062645,501176.747912229,842551.082802761,6870410.25639686,25303851.5972166,7107747.19833639,1339856.99452285,53064.664470542,55484.3046065568,60436209.4706742,262796.888528095,274980.09392278,207059276.315082,15234246005.4715,73985.7536148583,17475755.3621294,140160253.000158,83350.2080897356,865160552.975034,2199635.86078411,74118908.4493672,180132.343012422,127433.756811697
100623.327544699,59878.6100928296,295412.974955494,919516.670347929,1781924.19188444,881299.907681645,1808005.32919741,2395651.81792407,218824.736320487,169052.042752293,1166904.82782466,3183087.62410944,1525908.02525206,1339856.99452285,53064.664470542,55484.3046065568,507499.679585746,262796.888528095,122098.643829105,66618.270097633,40074.1343741493,73985.7536148583,2436709.14136166,107628823.925775,45831.4614226645,865160552.975034,2199635.86078411,655836.266672715,180132.343012422,127433.756811697
100623.327544699,51196.2222194821,82297.9369839006,53182.355578821,185888.562942655,55624.5809160663,720509.432986482,537786.838465127,43443.0068762035,126790.969521644,1166904.82782466,140029.961328456,945318.049626141,1339856.99452285,53064.664470542,55484.3046065568,335180.436561243,249904.068042922,122098.643829105,66618.270097633,40074.1343741493,73985.7536148583,2436709.14136166,520141.091546138,45323.3773832743,6560448.64996883,33916.509221985,66723.2138434328,51767.773072397,127433.756811697
100439.957362316,51196.2222194821,59993.1331972527,52301.9445769777,185888.562942655,55624.5809160663,269750.153785324,51397.3607918004,43443.0068762035,68359.5358466732,67758.3398617444,139452.633627134,945318.049626141,102079.85155961,53064.664470542,55484.3046065568,55834.8315060723,249904.068042922,122098.643829105,66618.270097633,40074.1343741493,73985.7536148583,136857.727561741,44936.1804361523,45323.3773832743,489943.274903492,33916.509221985,51530.9903465493,51767.773072397,64519.9547468498
41553.3998931625,51196.2222194821,35915.3818938899,48512.2384264174,49170.1640716575,18829.5516429873,269750.153785324,51397.3607918004,34054.8354328107,53143.9683829362,36198.1840774956,76759.8071021162,54089.9107647326,57769.1554580107,34167.8228215486,38689.8132225168,35548.370658876,63943.9608970108,49294.3265740062,58394.3969817924,39126.0589187599,62799.5776188149,61836.197412814,38385.2074592896,45323.3773832743,61750.7663915502,33916.509221985,51530.9903465493,51767.773072397,54095.2690808036
37312.5348044893,28097.7922443719,35915.3818938899,40028.8202451787,30387.944517791,18829.5516429873,30453.3165262469,40585.6283897523,29988.3883539269,37262.1357511339,28488.740589708,34415.7663798032,37652.2668856429,28595.4878292114,32112.3779833018,36633.2806862219,32343.9469599601,33120.4669628516,32463.5671669076,28759.2134357552,39126.0589187599,25679.9808462349,45295.9539888313,20796.253251159,39007.7873885212,31371.9026757693,33916.509221985,28935.9598666987,38801.0313827464,49565.1856615455
29253.3566935338,19437.9654880266,34450.6024713078,25891.4290854243,25246.8960089155,18829.5516429873,30453.3165262469,28605.817427084,23515.4342605913,37262.1357511339,27590.5049987989,22809.5484070455,23938.6893651089,22159.7656774398,16547.943775594,22675.4667772161,32343.9469599601,29436.9760966176,21167.143871849,21656.0786564069,30418.3276368656,25679.9808462349,31709.6764319994,20796.253251159,27991.2166163488,31371.9026757693,30365.32092627,19864.293733535,34663.9756154603,23054.3052949025
6910.45866687029,1857.50581796856,4269.8919114828,3368.98647702907,2179.97720904177,3091.73077646292,4216.6190166388,6226.62962403354,2179.47038177649,2946.30582514702,2947.11707411448,1919.1879083619,3425.08287731723,3565.07391377808,1879.85093189673,3169.57368916231,2403.79975365001,2819.59124367069,2455.14336383384,1974.55209350074,2781.97668564373,5364.50027724401,1525.94583990824,3205.49763371642,2848.91603734836,1659.22636537051,2420.02787712452,1685.37106883253,3423.5839972787,1697.16985816597
6910.45866687029,1857.50581796856,4269.8919114828,3368.98647702907,2179.97720904177,3091.73077646292,3528.52581571409,6226.62962403354,2179.47038177649,2323.82499169939,2947.11707411448,1919.1879083619,3425.08287731723,3565.07391377808,1879.85093189673,3169.57368916231,2258.53191165133,2819.59124367069,2455.14336383384,1974.55209350074,2781.97668564373,5364.50027724401,1525.94583990824,3205.49763371642,2848.91603734836,1659.22636537051,2043.65738748395,1685.37106883253,3423.5839972787,1697.16985816597
1158.80533717743,1666.38133228854,2163.99093126216,2183.5426149545,2179.97720904177,2299.55262568658,1970.87966951315,6226.62962403354,2179.47038177649,2323.82499169939,2947.11707411448,1919.1879083619,3425.08287731723,3565.07391377808,1879.85093189673,1798.43250169833,332.969334178137,2819.59124367069,940.035115312452,1974.55209350074,2781.97668564373,1812.92733686534,1525.94583990824,2804.98746387807,2848.91603734836,1659.22636537051,1446.49403759558,1685.37106883253,3423.5839972787,1697.16985816597
0.722678074651526,1.04036136048802,2.30285628845616,1.81488180595784,10.7777267652332,2.45191110219338,0.87779848263682,3.90493089823048,1.56836505368261,2.3950075079033,2.26959481711663,3.20347745209779,7.99923530130144,4.19241923754504,8.31166062371506,2.3103682198626,0.244437190451208,3.71259244443723,0.441942280148396,3.65906283290536,1.71073036616627,1.5971792018014,2.8925088821041,4.53352131025508,1.89457281740772,1.17391268961524,0.844694894892768,4.93300322387029,2.9886326412975,1.54538523979102
7.71099735175085e-08,3.71450141756213e-08,2.43713429881609e-07,1.24329517348087e-07,3.50925063230534e-07,1.30174157675356e-07,5.80398591409903e-08,2.64996685928054e-07,1.52740767589421e-07,1.30282899135636e-07,1.49917013914092e-07,3.79599384814355e-07,3.34339347318746e-07,2.43587692239089e-07,3.47523155141971e-07,1.87650698535435e-07,1.79008452505514e-08,3.45958653724665e-07,5.50686536371359e-08,1.56032285758556e-07,1.14170461529284e-07,2.24462098685763e-07,2.09681047635968e-07,1.41335419812094e-07,1.3582337032858e-07,6.67660060571507e-08,4.36868958786363e-08,1.68292388025293e-07,2.22691937779018e-07,1.97161568848969e-07
3.82556208933238e-10,5.29439603269566e-10,5.31940713699441e-10,6.03222360950895e-10,3.83806764148176e-10,3.34694050252438e-10,6.35452579444973e-10,6.91159129928565e-10,3.14173576043686e-10,4.43662884208607e-10,5.88045168115059e-10,2.44654074776918e-10,5.07270669913851e-10,7.80119080445729e-10,8.48103809403256e-10,2.38117081607925e-10,2.53294274443761e-10,1.04893160823849e-09,6.17887963016983e-11,8.24115886643995e-10,4.54974724561907e-10,9.71112967818044e-10,2.00316208065487e-10,8.94715412869118e-10,3.46517481375486e-10,3.59023033524863e-10,4.51734649686841e-10,7.85007614467759e-11,9.82822712103371e-11,1.13402620627312e-10
0,0,0,0,0,0,0,0,0,0,0,0,0,0,0,0,0,0,0,0,0,0,0,0,0,0,0,0,0,0
0,0,0,0,0,0,0,0,0,0,0,0,0,0,0,0,0,0,0,0,0,0,0,0,0,0,0,0,0,0
