102.357664031764,102.051740802989,411.967244674042,102.416775822995,101.819369341805,102.531278524044,102.001911845243,101.762379130212,102.47869020297,1652.73887224496,100.807372668708,102.041687832553,101.275709361808,4360.79478062197,385.96727911844,101.891051563714,4625.83652082241,101.67450594269,4332.64297157858,101.882420784627,2202.04604489868,3473.12067562962,102.978592578261,101.939833220358,4935.04850782633,362.601464480993,101.457614734562,101.747315218547,4397.25457938277,101.779420812752
101.025543268857,100.922639089816,329.752227386645,101.074080682129,101.077332895003,101.178592989113,100.741284537991,101.206540916955,101.053585954845,333.29251641506,100.807372668708,101.012694508543,100.807120659957,4262.33964523041,336.603397135564,100.996273995946,3841.25846022827,101.02487717522,365.682646811626,101.035543973516,360.831295145402,343.025023607519,101.189605860175,101.058496760621,3976.1302009773,329.968432531486,101.050720341156,101.047822991311,3768.27668963519,101.279986367326
100.983214184981,100.734943678331,302.830762127822,100.875875906053,100.876322502967,100.917249834055,100.741284537991,101.047068709259,100.793081903925,296.990267325286,100.758966677787,100.856766331781,100.569997955524,3428.53343784187,328.009333462788,100.996273995946,3622.91265324528,100.713384854737,310.843475409094,100.725604506823,310.689744960751,316.403439545428,100.90150330191,101.058496760621,3295.28839659943,293.458253768046,100.885279485002,100.950684502532,3524.43160052055,100.840027196938
100.661351656056,100.643554426258,234.110326188929,100.755367176084,100.719426219292,100.680218142847,100.673544033079,100.951778069816,100.648672513831,228.172693308797,100.738369988501,100.856766331781,100.569997955524,2239.46273932384,226.545903447763,100.897468889896,1864.27227512662,100.674033690133,241.611537780273,100.644009745598,238.134367061083,245.817765995166,100.90150330191,100.798446678875,2604.37299103392,236.047851842716,100.885279485002,100.863426385952,2961.14713828379,100.632166401791
100.589900002271,100.549225962422,225.049763754161,100.755367176084,100.719426219292,100.610800011636,100.57866490791,100.951778069816,100.590390764959,217.912600779648,100.570394787691,100.815582264978,100.529376421866,543.242882494917,226.233067966122,100.876425705569,438.289193217383,100.607451543959,221.202422791959,100.52066473096,223.191535861795,229.156305113749,100.90150330191,100.71180169722,458.479075467021,219.317391806118,100.885279485002,100.863426385952,1373.78288745305,100.606899276764
100.581252107883,100.547338351993,209.538632344338,100.755367176084,100.483966317901,100.601759100153,100.571826425601,100.646240052782,100.588353511105,215.062529271389,100.56307834328,100.634062679374,100.525273786228,224.9502847653,215.290640012131,100.524537864703,5.27879414540712,100.591443115049,214.632038218148,100.52066473096,211.901825993493,216.601581441892,100.614837226001,100.676915898785,22.7273071176151,215.185604359121,100.664808260884,100.863426385952,9.42385247266247,100.597025082038
100.53815606427,100.491183445822,209.53863055436,100.544401511721,100.430943773217,100.601759100153,100.457117089255,100.485272451331,100.588353511105,215.062529271306,100.56307834328,100.56561891686,100.418028996002,224.949590072506,215.290639519446,100.425039780092,5.21634343609549,100.537717197751,214.632009216759,100.52066473096,211.901825956955,216.59979392677,100.542043467613,100.577400818516,22.7273071145696,215.185604358877,100.572127369653,100.570056317048,9.42383626411174,100.559192685123
100.532377442904,100.436920087597,209.538630554252,100.40541075206,100.40815906726,100.528864886625,100.451480953721,100.410832031871,100.458004867805,215.062529271306,100.416783792112,100.433104408823,100.407169898982,224.949590072504,215.290639519446,100.346148249202,5.21634342019388,100.412898852108,214.632009216759,100.439847907453,211.901825956909,216.59979392677,100.425516010119,100.499172526451,22.7273071145696,215.185604358877,100.461056175284,100.483381538166,9.42383626411129,100.446444083763
100.418496854226,100.369241609385,209.538630554252,100.355566831067,100.391882257524,100.416807199,100.404561407847,100.3759916597,100.419155320453,215.062529271306,100.390041411133,100.371966212708,100.371179810371,224.949590072504,215.290639519446,100.338806889486,5.21634342019388,100.38211377946,214.632009216759,100.39119308387,211.901825956909,216.59979392677,100.412459904277,100.418229433593,22.7273071145696,215.185604358877,100.376564174959,100.393483153052,9.42383626411083,100.444658716269
100.386426882542,100.336361014426,209.538630554252,100.347468068384,100.304818375324,100.398570376858,100.360959775291,100.305112789486,100.386937370832,215.062529271306,100.350425677429,100.363888149191,100.348821266462,224.949590072504,215.290639519446,100.326615523303,5.21634342019388,100.375286736848,214.632009216759,100.355606179673,211.901825956909,216.59979392677,100.381839004543,100.405194068455,22.7273071145696,215.185604358877,100.330340993936,100.337229178213,9.42383626411083,100.391463208325
100.37667126784,100.329784444515,209.538630554252,100.304355631677,100.276153254985,100.357486784174,100.333048100315,100.278491500342,100.360444174022,215.062529271306,100.332861199764,100.360635607647,100.324234821827,224.949590072504,215.290639519446,100.316604068462,5.21634342019388,100.374518969361,214.632009216759,100.334314134854,211.901825956909,216.59979392677,100.36786618113,100.404089473249,22.7273071145696,215.185604358877,100.326187241387,100.326592842444,9.42383626411083,100.368981742805
100.375593680898,100.327911155645,209.538630554252,100.303758021575,100.272202661679,100.353794593851,100.33003315309,100.274535661892,100.355539642443,215.062529271306,100.328505141903,100.359062131262,100.321351542643,224.949590072504,215.290639519446,100.313379603108,5.21634342019388,100.317133429425,214.632009216759,100.331772119137,211.901825956909,216.59979392677,100.365816901987,100.403922555892,22.7273071145696,215.185604358877,100.323377716256,100.325710367249,9.42383626411083,100.36631140109
100.37546837347,100.327708150306,209.538630554252,100.303159416657,100.271806970378,100.353353745042,100.329438688291,100.274157437633,100.354930181525,211.336666592551,100.327668717371,100.35877991059,100.320865874316,7.77868802106923,210.945781611165,100.312767039446,5.21634342019388,100.317133429425,214.632009216759,100.331553689948,211.901825956909,215.361175709695,100.365558253719,100.363741820001,22.635129540733,212.744783867003,100.322941542127,100.325571057094,9.39260030190189,100.365895136022
100.30148902125,100.310682225293,208.541568536855,100.303125515139,100.271784987095,100.35326745925,100.25562402264,100.2741082465,100.341603466416,209.482894528408,100.327566738314,100.298704357946,100.320782309055,7.65377598859686,209.878359126935,100.312682787479,5.18511891904291,100.317133429425,209.482894529506,100.319588891452,209.482894529582,210.687259100961,100.347710130142,100.323703700574,22.635129540733,207.477997901789,100.314674525949,100.282719114106,9.39260030190189,100.302848620598
