379.720033250716,334.496976777975,359.439850994701,398.641757548507,330.488428529945,335.418566143723,392.730468407763,410.807698205298,332.140435892827,328.62898205199,356.022478079543,360.989877921981,367.360282141175,410.226204586806,368.659874697143,358.789067789878,375.186851289525,371.496478536284,374.369582195279,373.597381545027,353.513347492953,336.724318284224,378.271080128758,465.654148878116,375.866644406475,427.638663549822,353.996226383091,424.118784613537,400.633311096512,361.065290644507
273.648109862944,270.259327336401,281.889324106525,306.00737980495,271.481605186297,273.244425061752,302.359940225121,314.423783826267,291.828978277043,279.262016046279,285.712752236841,289.999800303535,278.535204787602,326.88974272432,295.497368292335,300.482681488468,288.252368841302,287.198336460174,344.268514001102,295.287504598998,279.532295629792,278.335392284203,288.437964470047,325.086128730021,283.5926041212,327.082722596219,269.969394675555,298.423840002041,279.429936308302,286.205153296957
247.163207590747,252.638298599519,259.280011465631,266.31836405784,255.015808495626,255.950504186318,277.4470222202,280.120269231233,263.788495356761,270.257982686104,253.314314233944,266.547491080533,262.956980781413,302.008326312933,254.05006010572,277.376965032744,269.909647655657,270.818597344695,290.541291688229,267.336741686562,261.701322099147,250.81093438669,272.927610543443,289.571635961532,253.214045885223,300.595454818809,250.77315249583,271.377525521618,263.691119615672,257.745257788717
242.999666191546,251.790502763806,258.363016520912,253.435509678838,254.707520969572,255.391402077125,272.839493693174,271.022247953533,261.23903721258,269.188852213918,249.339341530249,258.819368911871,261.968278774677,296.725622799247,245.665753639259,275.051697127488,265.672051465206,269.401673197813,274.415761801034,256.537653567391,259.477489034496,243.525290073393,267.774806027417,257.729397775674,250.095366430824,299.774320607551,248.466495149747,270.755572206884,262.255530454723,256.119570580436
242.992154686861,251.742644453702,258.357810506853,253.177577784056,254.665375342603,255.375728487797,272.731207232401,270.653483554643,259.686471998229,269.119902875986,249.208269395989,258.687733985828,260.980488552616,296.68156970988,245.555171379915,274.933828973817,265.609420788789,269.359408895774,274.378539814003,256.233550851723,259.427086232527,243.450907719277,267.634746248265,257.70940126479,250.069668758697,299.762771616639,248.423277241779,270.740984292799,262.156980589667,256.032890459391
242.992154686782,250.359310805492,246.43612306311,253.170414209332,248.130486679471,255.37554602547,272.712315128991,270.637380880265,259.668715576582,252.325487833955,249.203101976951,246.50732819129,260.677434049833,296.679019880318,245.105470007919,274.917465011544,255.206193130647,266.507581623938,274.378292299194,255.060324306842,259.424890894876,242.869008751888,267.626833393005,257.70940126479,246.136185440668,299.762717026689,243.165421022363,264.909270603565,262.116428563885,241.118280083735
242.992154686782,244.785273519803,245.02901513493,253.170414209332,240.845947612661,245.727584497602,272.71231415109,260.263915493059,259.668608740024,251.047455967981,249.203090888933,246.505985218409,259.444787775858,264.1539091219,244.361803198447,261.060159084012,255.197300005163,254.990264077859,257.64824296329,255.0603207057,248.553107320913,242.437392020676,253.510362584178,255.545641425089,241.399956624157,298.941786206029,243.163203349759,257.268336971611,256.318105199587,239.653434651012
242.992154686782,243.79219523106,243.82119320514,252.300983677833,239.418829285687,244.575262456386,260.011463163075,255.116342687325,251.004530453165,251.04745596798,234.881459124266,246.505985218408,253.519991651835,256.131810967681,241.338061017721,261.060159083731,255.197300005163,251.032876313439,257.640790288999,255.0603207057,248.548869692372,238.681654617839,252.187139989814,255.545641425088,240.951366565798,293.022772950356,243.163203349759,257.268336965141,253.758433606925,236.613612029131
242.992154686782,243.792194727826,243.82119320514,252.300983677826,239.418829285677,244.575262456386,260.011423067685,255.116342687324,250.932774719669,251.04745596798,232.876838622693,246.505985218408,250.706674038434,256.131809533944,241.336983733624,261.060159083731,255.197300005163,249.228396006705,257.640790288999,255.0603207057,248.548869692372,238.613927464132,252.187139988199,255.545641425088,240.951366565797,293.022721929765,243.163203349759,257.268336965141,253.758433606699,234.653725248508
242.992154686782,243.792194727826,243.82119320514,252.300983677826,239.418829285677,244.575262456386,260.011423067685,255.116342687324,250.932774719669,251.04745596798,232.876838423132,246.505985218408,250.706674015496,256.131809533944,241.336983733624,261.060159083731,255.197300005163,249.228396006705,257.640790288999,255.0603207057,248.548869692372,238.613927464132,252.187139988199,255.545641425088,240.951366565797,293.022721929765,243.163203349759,257.268336965141,253.758433606699,234.653725246611
242.223606999783,243.792194727826,243.82119320514,252.300983677826,239.418829285677,244.575262456386,260.011423067685,255.116342687324,250.932774719669,251.04745596798,232.876838423132,246.505985218408,250.706674015496,256.131809533944,241.336983733624,261.060159083731,255.197300005163,249.228396006705,257.640790288999,255.0603207057,248.548869692372,238.613927464132,252.187139988199,255.545641425088,240.951366565797,293.022721929765,243.163203349759,257.268336965141,253.758433606699,234.653725246611
241.888364894197,243.792194727826,243.82119320514,252.300983677826,239.418829285677,244.575262456386,260.011423067685,255.116342687324,250.932774719669,250.66212746696,232.876838423132,237.364663375432,250.706674015496,256.131809533944,241.336983733624,257.220898622681,255.197300005163,249.228396006705,257.640790288999,252.433736104082,248.548869692372,238.613927464132,252.187139988199,255.545641425088,240.951366565797,293.022721929765,242.716075825829,257.268336965141,253.758433606699,234.653725246611
241.879869731408,243.792194727826,243.82119320514,252.300983677826,238.095388396562,244.575262456386,260.011423067685,246.878661831794,250.932774719669,250.653937615761,232.876838423132,237.34552567963,250.706674015496,250.386585561642,241.336983733624,250.874269117835,253.509689820413,249.228396006705,247.821738620542,250.346231132841,247.705184440523,238.613927464132,249.919080868915,255.545641425088,240.829285091468,293.022721929765,242.715904113545,252.574558960612,242.802062464304,234.653725246611
241.879869731408,241.439251930005,234.884845755706,243.901125101437,234.968353825054,235.974919975888,232.744262025466,234.653725362815,235.151629728988,240.602708786661,232.876838423132,233.573132498047,232.859584197864,232.744073151768,235.436958452111,234.954218532807,232.576146934763,237.43373282589,234.653725379962,235.375549709795,234.047518184577,238.284396802909,236.492938338596,240.265198007241,239.799407725436,275.28779246704,242.419605057168,243.404412117569,231.253761290914,234.653725246611
