38803.1297463905,41929.2586826545,1964.06016521581,1826.1678461977,8802.50656825471,1646.35267396234,77570.6813291117,1567.69633397572,161698.671887523,8058.05981947483,23892.3847512969,1817.73494030024,210586.887725646,57556.7108245268,3502.86857680181,4195.71490885213,58845.5034230503,1422.41308247825,1195.10819741085,65014.4273788871,2116.07733258159,1640.6000781267,10161.6997775712,1822.6246418792,1619.34311276413,1905.67181272715,2179.94524407863,20358.2051717314,1074.2523182851,12785.8209165489
1710.69246894238,1758.74454623433,1964.06016521581,1591.57388290691,1697.61985924531,1489.28995453481,77570.6813291117,1567.69633397572,1960.94714535607,1658.61998198413,1849.57826349483,1158.61473718,2248.97020809167,34334.4628547478,2098.054830601,1621.69476915977,9629.23652658536,1422.41308247825,1195.10819741085,46621.6167443254,2116.07733258159,1640.6000781267,1487.18839237761,1822.6246418792,1619.34311276413,1905.67181272715,2179.94524407863,2168.86167402938,1074.2523182851,2098.69031005183
1531.83749028207,1676.19322073042,1860.76553268438,1143.26902233192,1309.36081565285,1403.46039262501,2282.35651742357,1516.4146999381,1455.72012185513,1307.14964033867,1802.0932418812,1158.61473718,1945.32965937979,1825.32061891303,1950.48247712525,1621.69476915977,1556.04547176042,1422.41308247825,1195.10819741085,2164.12758290864,1117.67466089219,1582.05554965907,964.167510443787,1532.68343876987,1619.34311276413,1539.01157854169,2179.94524407863,1756.37494614038,1074.2523182851,1931.01977968283
1264.13203206404,1574.39338970289,1315.52625127759,1143.26902233192,1309.36081565285,1188.47282877959,1516.28842085963,1456.78724946448,1157.98141804338,1252.80461776912,1587.49410385044,1158.61473718,1942.57106752106,1403.84629018127,1347.58132393722,1160.54801589097,1556.04547176042,1033.63698925807,1195.10819741085,1922.91749786802,1117.67466089219,994.318970919676,964.167510443787,1532.68343876987,1619.34311276413,1316.25491602786,1291.26746762061,1756.37494614038,1074.2523182851,1538.84833863546
1264.13203206404,645.778298316944,1243.88989088712,1111.21119924917,770.717212396811,1065.06653613486,941.275652345599,1250.67960759308,982.541478374892,1009.9403416164,1267.63849885035,1158.61473718,1149.2362176701,1223.46667664149,1347.58132393722,1160.54801589097,1278.84082771771,782.770708175335,1034.58799323861,1496.27490556924,955.502959538038,960.289294349226,820.846651846857,1532.68343876987,1381.36880292501,1176.63773072974,1050.65603066122,1608.16688399776,821.465884394538,1452.49556291087
1157.68601285427,645.778298316944,1081.15057830309,1111.21119924917,770.717212396811,918.232239462773,874.412486125294,972.029410391505,693.080995896799,883.701812488396,1071.3924334427,1111.11201746464,1149.2362176701,1150.67032280751,1101.6843378844,1041.76172829461,1024.37375569888,745.858466975285,857.504916734765,921.62691661082,829.192183343384,803.112532531933,820.846651846857,1006.59179658011,1013.44513681873,1049.9863802284,975.570292197257,1105.99404468644,821.465884394538,1235.19437143047
704.476801704475,617.119375420902,635.65215637403,718.766818497108,552.976883308068,648.973323196058,591.613202821822,839.961635643609,650.855988777372,499.649413708071,591.418239226372,632.403116575361,651.658091385525,858.770570106093,635.286984803803,617.248845131793,720.856798320139,593.714997999776,626.519347040471,625.891410975791,618.097986210986,537.084726804247,662.190595482536,796.149958608482,739.997778918791,662.768609931801,713.702119929645,710.723821281241,620.279498806022,628.498660492358
437.953411152082,368.659064399028,412.159435852625,448.214482015771,375.204689834285,363.201695666658,424.891491571174,462.131537837922,353.62752857064,368.019217907924,382.123630218635,380.352683179955,411.578496493695,471.098786757175,402.417736025353,387.044918805758,458.440243266179,423.35869136587,437.406694668985,418.113638534233,360.478779100378,350.090641515566,419.891827168334,527.284267842293,384.262322852362,490.059949473942,420.912992732875,497.499800250383,442.734389979044,420.763256879369
312.065972391063,300.858703628289,316.568297636147,331.836871255848,301.234911467174,296.929100938664,330.84563239723,334.343983012115,308.635518791986,304.121052885655,309.243323295043,308.019968855913,308.495735645435,352.009904414308,332.905919406197,317.592777361521,316.296550034253,330.449005701074,345.273333395357,331.532953508075,300.988495565731,301.667442020424,319.73714673023,374.438996584117,316.463348205487,354.976923858658,295.134962738346,313.601977254858,302.773052123255,311.920636772543
253.090104481433,255.601473178911,262.412041745931,279.19323283896,255.254984613819,258.586994025012,281.101914903879,287.737021616634,266.770826467679,270.612825273278,257.434225046035,269.308964900143,264.375765207531,303.818756020508,259.191386758064,279.953918888238,272.313038700691,272.834411595504,294.159358563665,273.148494128588,262.479495524973,253.968967688289,279.254976669975,297.33436674692,256.447095394099,302.89886434411,255.700326787938,275.184522524803,265.024972432464,259.578552434976
242.999666191546,251.790502763806,258.363016520912,253.435509678838,254.707520969572,255.391402077125,272.839493693174,271.022247953533,261.23903721258,269.188852213918,249.339341530249,258.819368911871,261.968278774677,296.725622799247,245.665753639259,275.051697127488,265.672051465206,269.401673197813,274.415761801034,256.537653567391,259.477489034496,243.525290073393,267.774806027417,257.729397775674,250.095366430824,299.774320607551,248.466495149747,270.755572206884,262.255530454723,256.119570580436
242.992154688677,251.74456293178,258.357838926728,253.188839050358,254.665988585921,255.375999477752,272.73227278765,270.682053275736,259.722063992292,269.120443395637,249.212500269792,258.690336139587,261.536619801123,296.682182604887,245.555914412426,274.948916602455,265.60997648272,269.362211530217,274.378680442624,256.234237180524,259.428274187754,243.455297323003,267.64250341506,257.70940126479,250.070101829069,299.762795477007,248.424005964091,270.74106086243,262.164919730776,256.039126050664
242.992154686782,251.739788104758,246.436244526351,253.170450939887,254.664733028152,255.37554602547,272.71270739256,270.637603756129,259.669351643744,269.118516672712,249.203151510941,258.686419923954,260.684898053326,296.679092962929,245.551564070337,274.918104571465,265.608678581963,269.358571095529,274.378302421977,255.102798144113,259.424906953178,243.446917767627,267.626980257826,257.70940126479,250.068697079527,299.762717026689,248.421975843632,264.921916836041,262.116620372589,256.025107833561
242.992154686782,244.785219853572,245.02901513493,253.170414209332,240.463856284854,245.438376156676,272.71231415109,258.523679607208,259.668608740024,251.047455967981,249.203090888933,246.505985218409,259.440274524028,264.153909061484,244.361803198447,261.060159083834,255.197300005163,254.990256024592,257.645480222391,255.0603207057,248.551933388868,242.437392020676,253.510352173292,255.545641425089,241.3991736609,298.941775448784,243.163203349759,257.268336970602,255.582240200427,239.652663994517
242.992154686782,243.792194727826,243.82119320514,252.300983677826,239.418829285677,244.575262456386,260.011423067685,255.116342687324,250.932774719669,251.04745596798,232.876838423137,246.505985218408,250.706674015496,256.131809533944,241.336983733624,261.060159083731,255.197300005163,249.228396006705,257.640790288999,255.0603207057,248.548869692372,238.613927464132,252.187139988199,255.545641425088,240.951366565797,293.022721929765,243.163203349759,257.268336965141,253.758433606699,234.653725246611
241.879869731408,241.439251930005,234.884845755706,243.901125101437,234.968353825054,235.974919975888,232.744262025466,234.653725362815,235.151629728988,240.602708786661,232.876838423132,233.573132498047,232.859584197864,232.744073151768,235.436958452111,234.954218532807,232.576146934763,237.43373282589,234.653725379962,235.375549709795,234.047518184577,238.284396802909,236.492938338596,240.265198007241,239.799407725436,275.28779246704,242.419605057168,243.404412117569,231.253761290914,234.653725246611
