276.244462373193,283.787001251522,258.567751570033,268.852076534863,287.424976986168,269.081233635203,260.956275391046,251.969456924184,265.22673542676,238.737768147992,288.671334658301,276.645468203244,296.122494063837,263.869170585293,241.749415997568,287.701346938024,286.76055115222,247.401606072185,263.342448567717,281.515867378459,275.2293848022,243.249549454912,249.401141109548,280.446492821216,253.917379921881,292.076324218207,287.37951981689,243.50698095486,273.881710480434,269.575908872872
207.242025224604,282.770146394946,230.113499386795,223.441032140774,225.853126517455,211.24849005889,245.321879437229,251.969456924184,242.423719312284,218.666561856699,259.94336079011,276.645468203244,258.528766642866,263.869170585293,241.749415997568,266.287231756432,286.76055115222,226.66257203616,263.342448567717,281.515867378459,251.491976705618,243.249549454912,236.747292735727,280.446492821216,253.917379921881,270.091889274248,250.626429590428,237.936023887141,244.037997340915,268.943409136888
201.476573329204,222.044626718918,230.113499386795,216.999325777423,225.853126517455,211.24849005889,245.321879437229,238.42646523743,242.423719312284,187.724117950029,185.166134702644,222.201421733006,258.528766642866,251.989646656443,227.102420958998,217.756820654204,239.077682143669,226.66257203616,238.664555034049,214.935415616175,230.241992726537,232.099212263887,236.747292735727,276.819375869186,215.73293380094,254.445836386958,241.801268636024,237.936023887141,206.429656900954,231.939617186524
201.476573329204,211.795406243375,230.113499386795,212.158310347339,225.853126517455,211.24849005889,202.654176478842,230.710289065529,242.423719312284,187.724117950029,185.166134702644,210.399287750286,247.990085527392,251.989646656443,227.102420958998,217.756820654204,223.843403702586,226.66257203616,238.664555034049,168.821838372847,204.817287967685,225.988916513475,236.747292735727,250.603265233312,209.833179587949,217.67368245101,205.417173068327,199.527646907025,206.429656900954,217.669693888798
199.621388945142,206.400527231573,211.75350869625,189.131943810407,183.014098830311,211.24849005889,174.585012216914,205.070328651334,242.423719312284,187.724117950029,185.166134702644,182.412911041,216.990492019153,219.667711712658,185.261796031283,217.756820654204,202.783854856417,183.444127765313,210.161076905047,168.821838372847,199.768723681431,188.16036065872,199.464673344444,221.635558015017,208.820793760372,206.532645751131,205.417173068327,199.527646907025,158.236052190303,200.740650039226
173.190988673482,193.234267073169,170.256168710607,151.091321692786,181.627815527709,194.377807550538,165.13335962879,145.489299015561,194.43553856433,167.815925053409,152.463750794602,155.398567437228,175.545065097889,192.379910523093,166.095024565229,182.558337647763,178.458949198112,180.596398559404,176.400693841094,162.844798082475,175.053948940709,180.857074202449,184.382167755774,205.798796709382,176.534375072607,189.822764741607,179.525174491023,199.527646907025,158.236052190303,188.972827078684
135.287800975374,134.646552249245,162.219900525841,148.594187973393,148.650683191601,141.90701122585,161.393174168026,145.489299015561,145.91493309496,167.815925053409,152.463750794602,155.364052535863,137.938702034991,147.165821127661,163.332975685239,165.406886204565,142.53296603784,180.596398559404,165.519170142592,161.091542108797,167.737432411916,173.354211535094,171.287039933355,172.026500383862,156.523984476906,162.06124273563,161.10949086854,160.883730556751,153.348849918401,166.821860187939
129.695684361858,124.292372559974,145.746791714797,138.454042004594,126.1259205688,132.514901368173,131.133160352366,134.635604426032,133.599179171111,133.108428030017,135.84108098754,142.603733324577,135.090802873823,137.446544829134,128.487200013663,132.364122755769,134.374112957365,150.53759750438,142.008458107235,136.61127939292,130.30928440148,142.4567650148,147.798628262827,133.854133586896,146.243674587895,137.223591999225,135.336026825941,136.919773656246,146.025885129515,125.606124388181
125.2615719147,117.963312230971,115.338375670967,122.394857858549,110.8369774616,130.587043642187,126.063963027943,125.351968139338,116.086095932755,121.270374286334,118.053757948333,125.623603069337,121.882893980426,120.555631354538,117.922422279693,119.96790244056,134.374112957365,123.550266600609,142.008458107235,124.157436085587,95.1218655040174,106.733759906718,111.387084159903,121.051017732877,129.999584476624,116.329833478203,110.658838176296,118.076279483999,116.83064769196,110.135544558408
105.3788537557,106.843975609983,103.338952027367,116.181240450328,94.566701142911,110.550818672133,115.243766285708,96.7935969863986,97.7477192509376,112.177488462795,108.700850654744,93.7671680516777,102.976888520608,110.244088881473,100.811758885277,103.945428275524,134.374112957365,102.957895078838,87.902448708117,80.4761095342982,95.1218655040174,106.733759906718,109.837673747877,94.3421044367508,127.004942146538,111.555517249806,83.0295419321886,105.04094279803,105.849825051702,92.8714939994361
88.8882388229939,93.5188376900549,93.0914178428103,100.505526911525,81.2305115835997,96.2368334408989,99.0296050365992,96.7935969863986,97.7477192509376,94.1078956524356,94.9733154493006,91.7827969253111,81.840204828084,88.9098775178705,88.6731580009334,94.3919252885813,109.643130577166,102.957895078838,87.902448708117,80.4761095342982,94.1800968494285,99.0631836117673,94.0870886157929,88.4011788453622,96.7541257231329,93.8651232217528,75.1529429071721,103.764037887742,89.6544746218349,92.8714939994361
14.9255207162661,8.57046667835493,12.6243198234671,21.9154951662664,17.9092503701123,53.2620106230214,18.1399502049363,21.2381909076234,7.10277834334238,17.90930896898,16.3874144059165,13.929427396875,12.9349334403845,27.5696126462677,20.8942718534115,12.9352434854259,77.0787716239333,9.01619746219319,34.8235340646928,22.971052602982,17.5789770264616,15.162001394737,13.2666777282064,13.9294934861014,30.8733432706077,23.7538842903825,16.9161967163468,39.5193848561814,30.3508107006296,46.4278895243084
7.01767688957341,7.95967245715724,9.34922337264231,8.25348903443239,9.94959059552059,5.96975434350168,6.11916878237639,7.94564216006336,4.99073628752342,7.95967245694294,8.96281374467208,6.96896643543209,5.96975434371598,4.97677218500621,5.9697554567307,6.06685575234837,7.89635334355739,5.97023274490334,6.96589667496801,6.96488272731278,8.02474960537813,7.10246545077155,8.95463151499143,7.95966742051849,12.9349956249069,5.12413796744465,4.97479528638996,5.18975138681185,5.04971174260845,9.94959057165147
6.96471339965331,2.98487717140245,6.96471339965308,7.9596724567466,6.96471339965342,3.97983623020843,5.9697543425608,4.9747952854799,4.97479528553674,5.96975434256001,2.98487717151409,6.96471339993127,3.97983622838456,4.97479528546648,5.96975434255978,5.96975434407113,3.97983622837319,2.98487717251032,2.98487717127989,6.96471339965308,0.994959057116489,6.96471339965308,6.96471339965547,4.97479528608301,8.95463151383967,4.97479528546648,2.98487717133833,4.97479528618487,2.98487717535238,7.95967245674638
6.96471339965308,2.98487717127989,6.96471339965308,7.95967245674638,6.96471339965308,3.97983622837319,5.96975434255978,4.97479528546648,4.97479528546648,5.96975434255978,2.98487717127989,6.96471339965308,3.97983622837319,4.97479528546648,5.96975434255978,5.96975434255978,3.97983622837319,2.98487717127989,2.98487717127989,6.96471339965308,0.994959057093297,6.96471339965308,6.96471339965308,4.97479528546648,8.95463151383967,4.97479528546648,2.98487717127989,4.97479528546648,2.98487717127989,7.95967245674638
2.98487717363173,6.9576344685629e-11,0.994959057413325,4.97479528665212,7.53743734094314e-11,3.97983622837319,8.60609361552633e-11,1.98991811519056,2.98487717176556,1.98991811603526,2.98487717127989,5.96975434317324,0.994959057771325,1.98991811802148,1.98991811497797,5.96975434255978,3.71755959349684e-11,2.98487717127989,0.994959057528263,1.41767486638855e-10,2.34763319895137e-10,1.98991811690109,2.98487717183673,2.98487717162197,2.85695023194421e-10,3.97983622857157,0.994959061897021,4.97479528546648,2.98487717127989,5.96975434410149
