129.695684361858,124.292372559974,139.285170528619,123.86532625396,110.8369774616,132.419343749256,130.308223976295,133.09485672475,133.599179171111,133.108428030017,135.84108098754,141.200772804685,135.090802873823,128.969026220076,128.487200013663,119.96790244056,134.374112957365,139.125560727983,142.008458107235,136.61127939292,110.834010437561,134.343331502291,136.35803070368,133.207062655537,143.758440618794,133.988497120177,135.336026825941,136.919773656246,137.192928542083,125.54169457781
114.123899092235,108.068875213733,115.338375670967,116.181240450328,110.8369774616,115.895726196066,116.621561445383,112.179024598917,97.7477192509376,112.177488462795,109.759255451289,93.7671680516777,117.529756039522,120.555631354538,117.922422279693,103.945428275524,134.374112957365,102.957895078838,128.634225745231,97.4764849667288,95.1218655040174,106.733759906718,111.387084159903,119.432683428714,129.999584476624,112.595014635417,110.658838176296,105.04094279803,109.499497797823,99.1168840844656
101.110579398127,106.843975609983,103.338952027367,108.09226674238,94.566701142911,98.3067849351977,115.243766285708,96.7935969863986,97.7477192509376,102.984621270589,94.9733154493006,93.7671680516777,92.7342293798979,88.9098775178705,100.811758885277,103.945428275524,134.374112957365,102.957895078838,87.902448708117,80.4761095342982,95.1218655040174,106.733759906718,109.837673747877,88.4011788453622,127.004942146538,111.555517249806,75.1529429071721,105.04094279803,105.849825051702,92.8714939994361
88.8882388229939,93.5188376900549,93.0914178428103,100.505526911525,81.2305115835997,96.2368334408989,99.0296050365992,96.7935969863986,97.7477192509376,94.1078956524356,94.9733154493006,91.7827969253111,81.840204828084,88.9098775178705,88.6731580009334,94.3919252885813,109.643130577166,102.957895078838,87.902448708117,80.4761095342982,94.1800968494285,99.0631836117673,94.0870886157929,88.4011788453622,96.7541257231329,93.8651232217528,75.1529429071721,103.764037887742,89.6544746218349,92.8714939994361
14.9243876039554,7.95984444053875,10.0069197300844,21.8891059436307,17.9092479189675,17.2463053403384,17.9093999803898,15.9279371552989,6.96568222864471,17.9092530414179,9.96429909382164,13.9294268065182,12.934463110086,15.9299529149413,20.8941303589154,12.9344688400588,22.4183512036566,8.95467791867202,34.823491387038,22.8840773381811,13.9324753359863,14.9246791234041,12.9346506626264,13.9294217972863,30.8437392816688,21.8896404217675,16.9142961951698,21.9410753214761,29.8489284536662,20.8437762887805
6.9647290862298,3.27791477349979,6.96475230849217,7.95969930972967,6.96632186230988,4.21025829710572,5.96982331708568,5.04459075744762,4.97479840396636,5.97169908514365,3.04992919032941,6.96471561820636,4.07817753152608,4.97479614546182,5.96975434260844,5.9697745113823,4.1320894058166,3.05990772637676,3.07283615781409,6.96471345437567,1.06629434300442,6.96472594943782,6.96997122402274,4.97554683437716,9.25543801561957,4.974805528974,3.49484079816261,4.97485310658124,3.97983622910886,7.96022211723653
6.96471339965353,2.98487717140245,6.96471339965308,7.95967245674672,6.96471339965342,3.97983623020843,5.96975434256115,4.97479528548183,4.97479528556767,5.96975434256001,2.98487717151409,6.96471339993127,3.97983622839035,4.97479528546648,5.96975434255978,5.96975434407113,3.97983622837319,2.98487717251032,2.98487717127989,6.96471339965308,0.994959057125129,6.96471339965308,6.96471339965649,4.9747952862391,8.95463151383967,4.97479528546648,2.98487717138926,4.97479528618487,2.98487717535238,7.95967245674638
6.96471339965308,2.98487717127989,6.96471339965308,7.95967245674638,6.96471339965308,3.97983622837319,5.96975434255978,4.97479528546648,4.97479528546648,5.96975434255978,2.98487717127989,6.96471339965308,3.97983622837319,4.97479528546648,5.96975434255978,5.96975434255978,3.97983622837319,2.98487717127989,2.98487717127989,6.96471339965308,0.994959057093297,6.96471339965308,6.96471339965308,4.97479528546648,8.95463151383967,4.97479528546648,2.98487717127989,4.97479528546648,2.98487717127989,7.95967245674638
6.96471339965308,2.98487717127989,6.96471339965308,7.95967245674638,6.96471339965308,3.97983622837319,5.96975434255978,4.97479528546648,4.97479528546648,5.96975434255978,2.98487717127989,6.96471339965308,3.97983622837319,4.97479528546648,5.96975434255978,5.96975434255978,3.97983622837319,2.98487717127989,2.98487717127989,6.96471339965308,0.994959057093297,6.96471339965308,6.96471339965308,4.97479528546648,8.95463151383967,4.97479528546648,2.98487717127989,4.97479528546648,2.98487717127989,7.95967245674638
6.96471339965308,2.98487717127989,6.96471339965308,7.95967245674638,6.96471339965308,3.97983622837319,5.96975434255978,4.97479528546648,4.97479528546648,5.96975434255978,2.98487717127989,6.96471339965308,3.97983622837319,4.97479528546648,5.96975434255978,5.96975434255978,3.97983622837319,2.98487717127989,2.98487717127989,6.96471339965308,0.994959057093297,6.96471339965308,6.96471339965308,4.97479528546648,8.95463151383967,4.97479528546648,2.98487717127989,4.97479528546648,2.98487717127989,7.95967245674638
6.96471339965308,2.98487717127989,6.96471339965308,7.95967245674638,6.96471339965308,3.97983622837319,5.96975434255978,4.97479528546648,4.97479528546648,5.96975434255978,2.98487717127989,6.96471339965308,3.97983622837319,4.97479528546648,5.96975434255978,5.96975434255978,3.97983622837319,2.98487717127989,2.98487717127989,6.96471339965308,0.994959057093297,6.96471339965308,6.96471339965308,4.97479528546648,8.95463151383967,4.97479528546648,2.98487717127989,4.97479528546648,2.98487717127989,7.95967245674638
6.96471339965308,2.98487717127989,6.96471339965308,7.95967245674638,6.96471339965308,3.97983622837319,5.96975434255978,4.97479528546648,4.97479528546648,5.96975434255978,2.98487717127989,6.96471339965308,3.97983622837319,4.97479528546648,5.96975434255978,5.96975434255978,3.97983622837319,2.98487717127989,2.98487717127989,6.96471339965308,0.994959057093297,6.96471339965308,6.96471339965308,4.97479528546648,8.95463151383967,4.97479528546648,2.98487717127989,4.97479528546648,2.98487717127989,7.95967245674638
6.96471339965308,2.98487717127989,5.96975434274532,7.95967245674638,6.96471339965308,3.97983622837319,5.96975434255978,4.97479528546648,4.97479528546648,5.96975434255978,2.98487717127989,6.96471339965308,3.97983622837319,4.97479528546648,4.97479528705333,5.96975434255978,3.97983622837319,2.98487717127989,2.98487717127989,5.68635676465453,0.994959057093297,3.97983622887079,6.96471339965308,4.97479528546648,3.97985375512883,3.9798362312082,2.98487717127989,4.97479528546648,2.98487717127989,7.95967245674638
2.98487717363173,6.9576344685629e-11,0.994959057413325,4.97479528665212,7.53743734094314e-11,3.97983622837319,8.60609361552633e-11,1.98991811519056,2.98487717176556,1.98991811603526,2.98487717127989,5.96975434317324,0.994959057771325,1.98991811802148,1.98991811497797,5.96975434255978,3.71755959349684e-11,2.98487717127989,0.994959057528263,1.41767486638855e-10,2.34763319895137e-10,1.98991811690109,2.98487717183673,2.98487717162197,2.85695023194421e-10,3.97983622857157,0.994959061897021,4.97479528546648,2.98487717127989,5.96975434410149
