194.701653980199,125.516663403973,224.299009524757,188.182098744747,96.178932392035,213.52792093446,98.5779632818702,132.559737431379,159.708651829573,178.760645541677,194.493780100567,214.825912558316,180.923822892203,230.643066364532,97.4731514210015,202.066346230683,94.2191208228758,218.982119253406,314.715580412342,182.346497019583,204.247673862209,164.369942223298,95.3577043965324,196.162199545605,255.533738768425,166.555054268304,191.32289184997,108.709130848609,124.983611227532,191.51113203598
10.5504624618534,23.8516308111313,47.301217317461,37.0686876268401,14.8423680549918,22.5062946928869,16.3036232995441,33.5048457829095,18.7299434693979,27.580313808012,25.2392878651486,23.2097303846715,22.5961529641833,50.2041636647764,29.0833822538556,32.818822074261,19.2351117592657,26.785478384321,23.2074050225208,15.6774233329719,20.465690790413,23.163616377911,17.1587253487014,12.9838963696587,25.7481375479662,17.2261298832204,19.8996849008627,13.1295262476701,18.6659537053835,22.7395932202163
2.16596929038906,4.83937366667215,2.68584538588334,5.65015339592185,2.83042506643176,4.33566725116805,4.58728850101022,3.11247383429782,5.77899303654624,4.88031795250811,6.07476536906506,4.2908503047845,3.51569231952919,5.74721039391977,5.44185703693972,4.10607967438261,3.63317644956896,3.43263146819572,2.91052154999579,2.56831757861312,5.04866774039112,2.37991857874385,1.39011815710501,2.66889342553168,3.43172879544966,4.48163772911232,2.24960965809976,4.75031698490716,3.2395833193068,2.54263469675141
0.302513126288773,0.911806043248589,0.45897436624773,0.52715723606866,0.40586197579114,0.551891367452527,2.49076219661981,0.552423871165956,1.73715375213851,0.649067189232255,0.517362251478971,0.533350595571392,0.554421997351255,0.919523682683803,0.562656746965104,0.351394798488741,0.462109655199811,1.33997057088493,0.343543929439079,0.498834829678117,0.409047997349262,0.577596102353709,0.321983783225392,0.459962749402507,0.52564499008588,0.727701905982826,0.561875369198447,0.566649830680376,0.609647883188586,0.551527148483501
4.20287358338101e-06,0.021751587985932,0.0952670292790572,0.0349042021882724,0.0101534210505179,0.0179251613951692,0.0373768709794149,0.229313441314844,0.40965781951968,0.109727032934757,2.66888807800569e-05,1.39106062988503e-05,0.247915533126388,0.0644461061704078,0.0577339591153532,1.16376927508099e-05,0.0562782827240653,0.0228034819131153,7.90986928222992e-06,0.454324019426053,1.1659149663501e-05,0.124481459041135,9.8770624390454e-06,0.0265763775865935,0.103849482071269,0.0638105442352526,0.0581615888704619,0.0984321847109868,0.0416466229750085,0.0240572096009828
6.23685991740786e-10,7.97513166617136e-10,6.83940015733242e-10,7.86712917033583e-10,1.10674136521993e-09,3.64809693564894e-09,7.79664333094843e-10,1.17324816528708e-09,6.59383658785373e-10,4.61909621662926e-10,5.96060090174433e-10,5.7264060160378e-10,5.28655164089287e-09,1.40551037475234e-09,7.45899342291523e-10,6.74731381877791e-10,6.59497345623095e-10,2.69892552751116e-10,2.16800799535122e-10,2.46973286266439e-09,1.02500052889809e-09,1.06706465885509e-09,3.30032889905851e-10,4.57930582342669e-10,1.13925580080831e-09,1.30944499687757e-09,3.6015990190208e-10,1.25839960674057e-09,1.8739001461654e-09,9.3075414042687e-10
8.70841176947579e-11,3.59364094038028e-10,2.07592165679671e-10,2.3499069357058e-10,3.2991920306813e-10,1.92244442587253e-10,4.63728611066472e-10,5.53313839191105e-10,4.81236384075601e-10,7.87849785410799e-11,4.03701960749459e-10,3.92446963815019e-10,4.12114786740858e-10,2.24190443987027e-10,3.42652128892951e-10,4.12569534091745e-10,4.65888660983182e-10,2.69892552751116e-10,2.16800799535122e-10,2.53862708632369e-10,6.34258867648896e-10,1.85082171810791e-10,3.30032889905851e-10,1.95768734556623e-10,4.06089384341612e-10,2.39765540754888e-10,2.11912265513092e-10,3.40378392138518e-10,2.40902409132104e-10,2.03044692170806e-10
0,0,0,0,0,0,0,0,0,0,0,0,0,0,0,0,0,0,0,0,0,0,0,0,0,0,0,0,0,0
0,0,0,0,0,0,0,0,0,0,0,0,0,0,0,0,0,0,0,0,0,0,0,0,0,0,0,0,0,0
0,0,0,0,0,0,0,0,0,0,0,0,0,0,0,0,0,0,0,0,0,0,0,0,0,0,0,0,0,0
0,0,0,0,0,0,0,0,0,0,0,0,0,0,0,0,0,0,0,0,0,0,0,0,0,0,0,0,0,0
0,0,0,0,0,0,0,0,0,0,0,0,0,0,0,0,0,0,0,0,0,0,0,0,0,0,0,0,0,0
0,0,0,0,0,0,0,0,0,0,0,0,0,0,0,0,0,0,0,0,0,0,0,0,0,0,0,0,0,0
0,0,0,0,0,0,0,0,0,0,0,0,0,0,0,0,0,0,0,0,0,0,0,0,0,0,0,0,0,0
