55.9386151712961,48.1323767747826,51.6801507481891,42.7694925649512,52.5923516253292,47.31314355315,49.7613962785308,52.6989788774508,50.4182617719885,53.0852694239616,43.5533517987787,48.3894676152158,43.3799285213536,49.7593430244765,56.0391829437172,46.737469839341,59.2070304431909,39.3593105029236,49.1334110227876,57.2344278296405,49.4315976277721,42.9065180602647,47.1215915612593,49.3706223906474,51.2363900969481,46.8809132757506,49.2864005482111,49.1006349276199,46.9680019776374,50.1197131478361
40.4827989420414,38.0874794422643,39.9248118690907,38.8325950199473,45.939917240456,39.3632395967461,41.8097297921213,42.062592285331,39.3873027156346,41.2926339226174,40.0952523979836,39.1279260395631,41.4260653556062,36.5799713003494,39.2085863235397,43.4964342479661,34.407399683726,38.8722211982972,39.0316561441014,37.8097924121253,43.2684539468892,41.9247548612743,41.0393198510874,38.9179953421158,39.3536636081867,39.1598478102283,40.5462123207471,38.3608035050474,41.6473257209318,38.8409989025595
30.491901709142,35.8298555217243,38.0525571240273,36.5179316247027,37.076194291375,35.236184922046,38.6903150452731,36.7080539365643,36.6253594686723,35.9195116654214,37.1316227945522,36.0563616234845,35.1234705366046,28.6100378758779,38.1231334708846,41.0233017538908,34.407399683726,36.0981612813735,34.7925935678836,37.8097924121253,39.178228768993,41.484775136852,37.3834048029348,33.1768298122206,38.1830925887148,36.8078740501624,34.8984334707411,35.8538873579896,36.3777158865764,35.2739798006855
26.8978810076319,32.9001887493055,27.0276992221325,34.2615454577858,35.1216912276514,32.7987516592307,33.0546688435797,28.3228829321174,36.6253594686723,31.5032714776835,27.1826296580298,31.9016738093851,33.7980621566307,27.2204705511131,34.3114585452113,36.1736001801232,29.2938740310319,27.1206669187022,28.5174336726991,36.2724475017862,33.292074014606,32.1518486568016,28.2270889532479,33.1768298122206,34.5338077942542,30.8112554641748,33.1620247092201,27.8334286499107,27.8547969845199,32.6902293420117
26.1375621401326,32.5087049256008,22.8788091891802,34.2615454577858,25.514421773652,30.9389005181383,31.5431327569913,26.7361442752845,28.8947469635928,31.5032714776835,22.869950431284,26.3562555643921,30.8694235707858,25.2550640092013,26.1449423036802,31.1922226093002,29.2938740310319,25.7953121340411,26.3162376937667,26.0649192937922,30.7571740282679,32.1518486568016,26.4743530764731,30.8668350524422,31.1949180684946,30.8112554641748,30.5422167823426,26.3619022202693,26.0625976958759,32.6902293420117
25.2587004858738,30.3232645816897,22.6500368504953,33.1865132920075,25.0991667433259,28.2567312947967,30.8993666768906,25.4146503950328,28.8947469635928,30.0356069348363,20.1987331035598,25.5710373781098,28.821528817346,24.9860314005623,25.3450927687632,30.0612344304423,29.2938740310319,24.5758965908044,25.5608353561042,25.3171425440919,29.7320956157323,29.0245047337394,25.7668921840295,28.913765578825,29.3228153212071,30.4183769890401,28.4144397547793,25.4406438096385,25.4216600488453,31.4323673396375
25.2238571978273,29.8101299289128,21.0532943093103,30.0735858113026,25.0991667433259,28.2567312947967,28.0821458597156,24.1352607286258,28.8947469635928,30.0356069348363,20.148296327488,22.7740958338309,28.821528817346,24.9486630040851,25.1035751749469,30.0612344304423,28.8880785785545,23.6511202762326,25.2030893562292,25.3171425440919,28.3001763160487,29.0245047337394,25.2271594776139,28.913765578825,29.3228153212071,29.4505916434728,28.4144397547793,24.8387983675275,24.2415994210364,28.8062335803706
24.4696684484697,29.3258176406866,2.29487671661082,30.0735858113026,25.0991667433259,28.2567312947967,28.0821458597156,23.3890800806494,28.8947469635928,30.0356069348363,18.2427203754719,20.8666826212957,28.2688831888672,23.6427585648157,24.9687781968269,30.0612344304423,28.8880785785545,23.6511202762326,24.5752562035773,25.3171425440919,28.3001763160487,29.0245047337394,25.2271594776139,28.7795455736559,29.3228153212071,29.4505916434728,28.4144397547793,24.1587014116685,23.4636963484827,28.8062335803706
23.3883441931544,22.7003037678478,1.21363287841859,24.7080824438226,25.0991667433259,28.2567312947967,28.0821458597156,23.20829562275,23.3023162131608,28.8987613434306,1.73529121343608,12.9969947015265,25.7453599421938,23.2756991695305,22.6579863847023,27.6330182799375,25.4377806484881,23.280368402061,24.1610127549488,25.3171425440919,23.039643674671,28.1490096399325,23.0980973387036,24.4848020818317,28.3289420721726,29.4505916434728,28.4144397547793,23.8647484543803,23.4636963484827,24.6473276267002
21.8568716066707,21.4447949904416,0.675316565116646,21.7788291761876,21.301588461245,23.0556167963205,22.5142582809822,21.9925388338852,21.5853482768493,22.3841777049938,0.351240588612654,2.27045545751116,22.6253601119697,22.8341556787623,21.1169661631411,22.9814106919721,23.8050978564393,22.2758097255273,23.6973904497381,23.5522641415118,22.7805108902426,22.2730385248274,22.838009222392,22.7392912390264,24.2932537139372,25.2875122226233,20.7151842546295,21.4354338228227,23.1963297623347,23.2485453040872
21.6171708744505,19.9746622513849,0.675264377017356,21.7405734905551,21.2273880501002,23.0057507658266,21.3007356207763,21.9624246754183,20.5104249630949,21.4083946243868,0.310969523735366,0.946311173534468,21.3170467587884,22.7548248790695,21.1150515848899,22.8774900746289,21.0627212423929,22.2331455890921,21.624447522528,23.5425628020425,21.375856091257,22.179121607061,21.1411239147701,21.3342550967195,21.9459446617884,23.2239000240766,20.4888377047105,21.2452422921633,23.1806855147015,21.4288553951747
21.6163837515746,19.9675132960092,0.675260943693957,21.579118197651,21.1756485927262,22.0939449897446,21.280858536591,20.5125167318315,20.5104249630949,21.097890369384,0.305842962336556,0.698172229852844,21.3127008475394,21.2008101707265,21.0448809986356,20.5172575697152,21.0616730645202,21.3508830549617,21.58881560909,20.9597648907757,21.0337307950836,20.814047805165,21.0229485076379,21.3339550311039,21.3944329855531,21.0988622667355,20.4888377047105,21.2452422921633,21.2041719697254,20.4916504821954
20.6379700514062,19.9675132960092,0.48407421455704,21.1165072260351,20.3318104528012,21.3029380324965,21.1654582377646,20.5093440738633,20.5104249630949,20.7650067173063,0.305807943590935,0.697252166174621,21.2455493662887,21.1997890538596,20.9546138939209,20.49977831772,20.7557896598355,20.297684451572,20.7455924409364,20.2606627636483,20.8970689675498,20.7750715708462,20.7210993194713,20.8659807773661,21.0072591401758,21.0726884699325,20.4888377047105,20.5983526744471,21.2002154154497,20.4845950210647
20.1946795729582,0.712137163492571,0.48407421455704,20.2002114880843,20.3318104528012,20.7373504096745,20.6141982573859,20.5093440738633,20.3643696750887,20.7650067173063,0.305752787262008,0.688974709022204,20.6676787115284,20.7636996721285,20.6224787021097,20.49977831772,20.7392419812659,20.297684451572,20.7455924409364,20.2606627636483,20.4485007608796,20.7750715708462,20.7210993194713,20.3950458011095,20.6008298679976,20.4574161541159,20.4888377047105,20.5702273308762,21.0059863979418,20.4016208320973
