1503.76813802232,62281.7348122776,5535.88958019944,1293.37461795432,21513.6047531316,29275.0409214021,143494.727189844,33971.1038789187,1752.85461058711,1731.57542233553,31810.0262826245,96832.4921348989,1688.40334701202,195231.606081061,118630.266968344,38929.3707855173,1602.01091527716,69735.3538421099,1123.56178334562,161201.385869402,4056.20305018141,1365.54435491943,1313.42527507157,49799.9185561026,9483.21755306683,2288.54513474177,889.00069988454,39452.3018474556,1960.18277050737,88112.6570191153
1503.76813802232,24183.2291133888,5535.88958019944,1012.25403646469,1443.81067606529,1986.32860499213,2523.13335056603,1164.62941666045,1528.66937754765,1304.6282414254,1723.26802949272,1690.0176906183,1688.40334701202,1616.74834968456,21677.9383285326,32161.3824017912,1489.84573939518,16581.3841808546,1123.56178334562,1071.340995809,1252.51897463485,771.777548376425,1218.83217604214,20819.6223836351,1022.82988717199,2288.54513474177,816.988847881705,15436.7210627386,1960.18277050737,2740.12502512259
1115.31197824283,1139.53265810848,1994.5860988339,1012.25403646469,1129.07485479566,1551.54380107572,1068.11598744606,1141.44967838627,1445.97663136479,1304.6282414254,1556.36393573823,1342.2217727455,1003.56304658224,796.917286813936,1293.51936429318,1443.74194754378,1250.70725151706,1358.01401901931,1123.56178334562,991.063105301411,1252.51897463485,771.777548376425,1218.83217604214,1169.73198942698,1022.82988717199,1370.04236515019,816.988847881705,1006.28422399512,1567.94293324583,1466.63433852771
740.063779000214,1139.53265810848,1044.26685952467,1012.25403646469,882.593612024024,1167.17728037191,968.259415867951,923.290925321084,1320.04681648222,1080.4875004503,632.658461152711,820.682142972415,1003.56304658224,796.917286813936,807.417029295023,833.513673771512,833.462137634695,1042.3992327811,915.001743693255,991.063105301411,1252.51897463485,711.69497306777,612.392648204549,1169.73198942698,974.782906644527,1370.04236515019,816.988847881705,1006.28422399512,840.96570207741,1417.56346140392
740.063779000214,1139.53265810848,799.173014203333,556.571645492241,614.752940273097,932.353376786655,753.421999230447,828.25275694749,1137.76451636758,841.969632302322,632.658461152711,729.183744793394,631.444091440453,575.700457921018,730.725285454289,798.726573405527,623.520479464666,865.418062160573,589.382487183451,864.329623534041,1044.97856171713,711.69497306777,611.974151523933,783.030849080161,761.86424490182,1152.60119494968,816.988847881705,892.863707804277,730.925090086134,671.6634493729
576.830061344191,830.692710069842,628.262535193557,482.999043043106,449.386864021747,825.482129927723,650.52246232614,636.57487444826,943.984261452937,574.219030669884,518.941878044816,494.042670480152,486.004077016356,574.986699479935,586.75914602919,552.784621435389,518.983937995608,560.817861541063,579.74362826946,740.245381631616,596.313245738478,590.622520275885,611.974151523933,644.570406641002,639.32396155463,825.676968093497,485.713707488134,664.170895486468,730.925090086134,507.212238381546
363.230703163786,478.722789944812,322.15197413394,282.891598969196,325.887174152987,378.535308024178,424.223530469195,378.332682316112,307.889987150884,305.216265170348,327.541802285676,385.605483179484,386.239300829159,300.344882353706,351.988909629556,371.609525216003,345.54173027978,321.939484045918,423.777266577,388.530610421512,430.174631741269,337.840971187409,460.336061908629,376.876134573875,348.41544301994,376.337409193653,329.302770102099,327.702970897942,517.111252466458,332.231585925546
215.235658380532,278.23570144866,221.850365819694,210.400742978457,205.44688530103,232.627421645049,217.749596977321,214.642849526107,215.80217881924,209.693586375126,204.915254488739,222.670803716839,235.612527120402,232.73575841666,228.625841810037,214.033967226489,234.657234975235,214.016991575086,236.680819325645,221.398883753435,212.261089793351,222.724356468446,222.76606195751,218.390064000412,234.873928285788,217.352259515234,208.728557029802,207.677493889376,294.799498855184,218.184229078901
189.635613777806,190.652880704476,195.186143674677,191.05069172807,192.164867501563,193.926193203929,189.903907164708,190.834211482671,194.745911579157,190.058059982343,187.380387547374,187.63084791787,195.253856209868,188.422127574958,191.931234368662,192.871164578008,193.898531305828,193.267082208459,196.775431575836,192.812201451243,190.639980509067,191.315376207577,189.12538068579,188.188908431894,190.37143427662,184.754136628679,189.334214248908,188.477242048323,193.501137832189,186.741965991451
182.112628635095,182.288039586634,183.132112918712,182.287026643578,183.277972037368,182.897770148431,182.216087453195,182.098941420842,183.17298056568,182.035709566311,182.110369838128,182.36764890124,183.2195058481,182.255066479479,182.885662498256,182.379874683178,183.296948149022,183.229615212819,182.827783552856,183.211394300105,182.587448361216,181.903959523763,182.375007274829,181.786249292169,182.948924234763,181.466408524396,182.64438497607,183.099253512219,183.422022976013,182.177181119244
181.021287384695,181.009670061052,181.138596864225,181.038644758418,180.938131657083,181.082882296962,181.008091361372,180.987929497758,181.151270367087,180.977060908532,180.913878369543,181.035184369125,181.242125894459,181.032793242729,181.180705325618,181.083565051561,181.139279989002,181.316385155842,181.023203921544,181.193859411124,181.06713595695,181.074429604452,181.081925046529,180.986754900228,181.084866383077,180.947073234161,180.968895281103,181.287831469302,181.185703738038,181.082088115963
180.830849768977,180.826390019268,180.825173258226,180.839668076093,180.833535903425,180.82566105064,180.826455429821,180.796737679295,180.814242588019,180.825624112378,180.825560296589,180.862342539279,180.892691522718,180.87644254111,180.820760222913,180.866991768308,180.838276912279,180.829519123393,180.806168250692,180.812839398756,180.809701780751,180.811773400414,180.813669209385,180.811043816318,180.805320567362,180.798219073083,180.875982499249,180.83272328909,180.804756986417,180.805919851514
180.782210642859,180.783647921242,180.781815987586,180.782142210274,180.783069059858,180.78344244613,180.782552928454,180.781613056873,180.782126950391,180.782474070497,180.782887794328,180.781721766458,180.784730326041,180.782459108261,180.783599056964,180.782810889379,180.782705284487,180.783134429607,180.782363863464,180.782540901237,180.782215037321,180.781920773887,180.78231712493,180.78221574503,180.782649095935,180.782008318442,180.784628213277,180.783101245494,180.781467251458,180.782454751118
180.781272648887,180.78127289502,180.781271678006,180.781271681306,180.781271692656,180.781271792043,180.781271679547,180.78127167842,180.781274603729,180.781271991562,180.781271683007,180.781271918586,180.781273670899,180.781273838234,180.781272812066,180.781273007487,180.781271680785,180.78127168042,180.781271732675,180.781274223841,180.781273827518,180.781271678167,180.781272248587,180.781277581132,180.78127167807,180.781271683958,180.781277785763,180.781273269167,180.781277345503,180.781271694198
180.781271677805,180.781271677798,180.781271677782,180.781271677781,180.781271677773,180.781271677798,180.781271677839,180.781271677776,180.781271677749,180.781271677787,180.781271677771,180.781271677773,180.781271677782,180.781271677813,180.781271677762,180.781271677798,180.781271677799,180.781271677884,180.781271677779,180.781271677835,180.781271677748,180.781271677753,180.781271677777,180.781271677786,180.781271677782,180.781271677826,180.781271677779,180.781271677759,180.7812716778,180.781271677867
180.781271677747,180.781271677747,180.781271677747,180.781271677747,180.781271677747,180.781271677747,180.781271677747,180.781271677747,180.781271677747,180.781271677747,180.781271677747,180.781271677747,180.781271677747,180.781271677747,180.781271677747,180.781271677747,180.781271677747,180.781271677747,180.781271677747,180.781271677747,180.781271677747,180.781271677747,180.781271677747,180.781271677747,180.781271677747,180.781271677747,180.781271677747,180.781271677747,180.781271677747,180.781271677747
