39731.4662896348,41646.8432101403,24324.8356754309,31902.771074132,21181.4201420079,42135.0464620841,31594.171304065,32685.0609828254,17715.7484522205,22452.820779525,31853.2305453302,70163.7908142009,17828.075665317,18753.4973542141,13754.9286631149,51186.4080329268,17494.7210984151,15618.6938671837,20748.8879624972,39101.1738065906,7901.17451427835,70715.8459185484,52371.5514549416,41463.6249367404,8775.69816875901,23062.1682678481,14695.7637067044,23214.6216187321,26442.7044721733,17795.8795247891
14319.2330175006,41646.8432101403,24324.8356754309,12793.1102503005,21181.4201420079,28433.4942526724,31594.171304065,32685.0609828254,17715.7484522205,15937.1063549114,21812.4052180909,70163.7908142009,17828.075665317,18753.4973542141,13754.9286631149,17857.8388382413,9639.63857750137,15618.6938671837,20748.8879624972,33756.4332724447,7901.17451427835,70715.8459185484,47804.8844573279,41463.6249367404,8775.69816875901,14803.3592128584,14695.7637067044,23214.6216187321,26442.7044721733,10817.2955669746
14319.2330175006,29204.4239555197,15508.4020439447,12793.1102503005,21181.4201420079,26634.2025065716,6461.37974771718,25764.9033736561,15263.6342759503,15937.1063549114,12398.9004217445,22660.3186671908,16566.9119164344,13324.6644030147,13754.9286631149,17857.8388382413,9639.63857750137,15618.6938671837,13536.227343147,20589.9891614146,7901.17451427835,70715.8459185484,16095.5408778659,27245.3113889895,8775.69816875901,9661.51690885804,14695.7637067044,22970.7846768208,26442.7044721733,10817.2955669746
13002.3159729932,17373.4579821984,8919.31705678271,12793.1102503005,20064.4978095704,19228.9519690329,6461.37974771718,13699.8180103507,15263.6342759503,15464.606727835,12398.9004217445,19406.343155456,16566.9119164344,13324.6644030147,13754.9286631149,11431.3902369754,9639.63857750137,10354.3607525281,12193.3260691154,20589.9891614146,7901.17451427835,15691.4681254583,9179.40515642326,15258.8447168148,8775.69816875901,9661.51690885804,14695.7637067044,15398.0799064375,9668.38739915778,10817.2955669746
10106.8219224313,7262.33062037071,8919.31705678271,12793.1102503005,11332.6172509833,15498.2902726198,6461.37974771718,13106.6111844145,8002.54160238929,10585.1294355493,12398.9004217445,16727.2884711369,7625.67273195567,8872.87491954368,13754.9286631149,7665.30381011491,9639.63857750137,10354.3607525281,8918.11534351249,12549.5162047718,7901.17451427835,11099.9369594497,8511.22573844521,6553.16821165103,7750.54407299904,7664.23004232509,14695.7637067044,11926.6557186555,4783.9334277042,8834.4410195432
3142.15773614223,4104.82256205068,7415.97009431122,12793.1102503005,7574.13950233808,4458.05985188405,1506.08485884409,5653.56290897688,5246.37842125872,4133.57568254272,2081.17615873466,1658.25207201725,1992.13589867127,6385.78468181378,3365.05575881666,1445.44298156485,4304.75967781003,3475.03204018397,1005.68333932703,6110.40391082324,2852.3658818401,7373.75093118397,2735.36580363706,3475.26878195978,913.516774584431,716.724287762475,6434.76588672731,4739.63380856925,1476.83325275119,3324.73774340811
32.9043166632449,286.273710210069,277.070401579963,615.571836116495,129.77383947258,31.3131173766051,127.231943162951,313.788673558484,161.471376520777,178.134079930388,78.7946489684838,25.153794784793,40.3449552771314,554.385577967906,168.28486741741,72.5917268657959,68.3652094201031,90.3656268896523,54.5235811456839,70.8234907580247,162.244178125644,372.471155723875,70.4608202243297,107.443104777778,62.5669756051083,58.6118668685862,135.641281050315,120.049238584765,66.430955125286,211.544918906267
5.58008191850593,6.8716767674137,6.16055011409861,10.1808769321756,3.78012264242415,10.7170650234051,5.4591903510638,6.18519265117197,6.09968973586456,5.27046203398191,6.39361143172073,7.77021512650958,2.83946148777312,9.64078532108311,13.7853789014289,8.03743082714567,5.47506793845423,10.1768588136815,8.16195261535222,4.50715529239801,6.72057284323478,5.73879334264956,6.03581210553995,18.6837001394249,6.87052273149277,5.02525512630081,10.3376934822021,5.4724429349148,7.0556123690983,9.64298075505843
0.468305407696789,0.873491562883203,0.356608675896325,1.12329657417621,1.42141899954186,0.397833823742417,0.57783585946737,0.298033273337069,0.461777844476899,0.498281800351776,0.47618270568114,1.02739695057682,0.386510032787157,0.975686167834056,0.331374864454006,0.195285788611613,1.08035106387905,0.714864597804137,0.104848737318889,1.3599744650337,0.643177778468157,0.835116286921732,0.257111858758606,0.319313588183832,0.55514094811798,0.217943164542987,1.45734454574011,0.267540287465295,0.543149036760951,0.137187711963236
0.000711733858622665,0.000386950846802847,0.00153848012092794,0.00170945616446261,0.00450571358305751,0.000257354280677191,0.000148595200585078,0.000526390751986128,0.000898947687119289,0.00222072372440607,0.000545195199151749,0.00119478431577136,0.000534354487058408,0.00223698241910597,0.000929571182496147,0.000412787580955865,0.00284451792106211,0.00229771911222088,0.000112480100540324,0.00255116866605931,0.00064114888465383,0.00361861560583066,0.000564455688504495,0.00137215789652601,0.000689196298594652,0.000303067528875545,0.000892211587256497,0.00033462314792132,0.00245741210790129,0.000333250147946274
3.39986740982567e-08,1.74492811311211e-08,7.9032417943381e-08,2.73723230748146e-08,6.10341999163211e-08,2.9336888474063e-09,1.64858988682681e-08,1.92904963114415e-08,1.36198536893062e-08,5.92338551541616e-08,4.90924776386237e-08,1.17287868306448e-07,1.47865648614243e-08,1.23044856081833e-07,2.10434336622711e-08,2.82950622931821e-08,8.779056770436e-08,3.67103325515927e-08,9.17162878977251e-09,1.07921948711009e-07,2.61406967183575e-08,4.41631300418521e-08,1.72803424902668e-08,1.9277649698779e-08,8.49337311592535e-09,1.07156097328698e-08,4.99305770063074e-08,2.75643969871453e-08,1.00637635114253e-07,4.44890702056e-09
0,0,0,0,0,0,0,0,0,0,0,0,0,0,0,0,0,0,0,0,0,0,0,0,0,0,0,0,0,0
0,0,0,0,0,0,0,0,0,0,0,0,0,0,0,0,0,0,0,0,0,0,0,0,0,0,0,0,0,0
0,0,0,0,0,0,0,0,0,0,0,0,0,0,0,0,0,0,0,0,0,0,0,0,0,0,0,0,0,0
0,0,0,0,0,0,0,0,0,0,0,0,0,0,0,0,0,0,0,0,0,0,0,0,0,0,0,0,0,0
0,0,0,0,0,0,0,0,0,0,0,0,0,0,0,0,0,0,0,0,0,0,0,0,0,0,0,0,0,0
