5995.49519288357,5967.07208519368,1238.81779384692,5659.20764887904,5747.3509294306,1365.73548471954,5678.26301762109,5232.92031279484,5363.56889487277,1728.03184257922,5552.71466449344,2607.22694521318,5625.46840376543,5692.69420712099,5243.83232410577,5661.8342325959,5895.12229472235,5612.13741741391,6008.14170219549,5817.5384797319,5937.23216986217,5580.37290968144,4982.77648407114,5559.01766597582,4610.10182809156,3407.41747810007,6190.16609053819,5939.88495948699,5579.7587294789,4734.82545116693
5257.92399280269,5967.07208519368,1238.81779384692,5659.20764887904,5747.3509294306,1365.73548471954,5678.26301762109,5232.92031279484,5363.56889487277,1728.03184257922,5552.71466449344,2607.22694521318,5625.46840376543,5692.69420712099,5243.83232410577,5661.8342325959,5769.56653833888,5612.13741741391,5937.90121036864,5817.5384797319,5937.23216986217,5580.37290968144,4982.77648407114,5559.01766597582,4610.10182809156,3407.41747810007,6100.96141863355,5939.88495948699,5579.7587294789,4734.82545116693
5204.54067830613,5224.01282805053,1238.81779384692,5659.20764887904,3423.05268363165,1365.73548471954,5363.55822921406,5232.92031279484,5363.56889487277,1728.03184257922,5552.71466449344,2607.22694521318,5625.46840376543,5692.69420712099,5243.83232410577,5661.8342325959,5381.59594383196,4742.93610520275,5937.90121036864,5542.22848820387,5163.90913479303,5580.37290968144,4982.77648407114,4632.28393029748,4610.10182809156,3407.41747810007,6100.96141863355,5939.88495948699,5579.7587294789,4734.82545116693
5204.54067830613,5224.01282805053,1238.81779384692,5659.20764887904,3423.05268363165,1365.73548471954,5363.55822921406,3788.46181017171,5363.56889487277,1728.03184257922,5552.71466449344,2607.22694521318,5576.35499116629,5574.53751774562,5243.83232410577,5661.8342325959,4041.76490118225,4742.93610520275,4555.29817170281,5496.68018194732,755.930200401041,5580.37290968144,3829.65189415657,4632.28393029748,4610.10182809156,3407.41747810007,5986.57265845907,5309.93273827486,5579.7587294789,4734.82545116693
5204.54067830613,5068.21398495061,1238.81779384692,5319.37096354561,3423.05268363165,1365.73548471954,1610.0754916793,3788.46181017171,3443.73089527916,1728.03184257922,5137.55770831456,2607.22694521318,4847.1169337076,4600.7830219245,5145.01740604262,5414.50006107769,4041.76490118225,4742.93610520275,4555.29817170281,5230.32017911575,755.930200401041,4439.35606443947,3829.65189415657,4632.28393029748,4610.10182809156,3407.41747810007,5559.71888577045,5309.93273827486,5115.89667003446,4734.82545116693
3034.12091349287,3626.79921370519,1238.81779384692,4068.56603130057,664.786733275551,165.694387995125,1610.0754916793,1757.93066490963,3443.73089527916,1116.90469512191,4294.32039662303,806.99913994419,3562.37682748131,4600.7830219245,5069.85341711826,4252.73141905972,4041.76490118225,3991.5037877661,4555.29817170281,5221.52913597589,163.141316033531,4439.35606443947,3829.65189415657,1279.01995886313,4610.10182809156,3407.41747810007,5559.71888577045,4716.14878816814,5104.83038058289,4734.82545116693
384.320097998563,130.986236682211,123.629558116112,2473.54077522429,119.822081595453,122.5530869046,1610.0754916793,152.013005740201,1678.15943856644,1116.90469512191,1945.02530233408,373.731237621473,447.01955932562,2881.83751243427,4700.83144651696,796.606619781926,4041.76490118225,214.908368017157,4555.29817170281,4723.31168864697,120.506399551734,419.472094421421,509.441844452991,141.318492602108,4610.10182809156,2852.1961817041,3537.59688888208,3741.95464539075,4838.7390107363,121.162805506211
336.500849344944,101.784192194082,102.985002789622,102.577125739655,102.029781311484,102.077525568776,102.042828820283,101.056371147844,365.201841270767,333.211498140275,103.749874960099,337.412163183114,334.365339645939,2881.83751243427,4007.74861681278,363.988436974063,4041.76490118225,101.255041026857,128.398920517735,4615.75470850155,102.209081579528,327.147404743628,327.523892292314,101.329500033412,4193.56061842877,117.331252450209,437.744407045901,2191.20062934619,4198.96937713631,101.120428151372
299.150325143093,100.938682276325,100.865994676509,100.958932634032,100.907291975808,100.674013537075,101.078029715957,100.869847913643,317.903672267865,324.494482178618,100.963333866872,310.462591582927,289.493182130305,2881.83751243427,3849.41967080722,304.185678747941,3221.85251050305,100.874846660445,100.951299729439,3890.87323099163,100.790938353374,324.494565665496,319.555719037452,100.863030060699,3525.77980376976,101.431284785929,351.643446991058,301.221436984263,2811.5917252076,100.82359816382
216.555167950214,100.727336376009,100.857828416841,100.689401412284,100.6108959329,100.628576217539,100.742134326948,100.676401082381,219.275615422628,218.982131540851,100.79114244292,215.748953875915,219.023837546192,2233.35976259992,2117.68477040564,218.336997163044,1345.51705042136,100.64669510105,100.68314310799,2472.51967067499,100.737954574247,238.395278198395,214.150925227228,100.624532872155,2238.61280065973,100.675402493568,304.55868161421,234.713374134048,1576.35899605267,100.638508864898
214.207878671579,100.727336376009,100.857828416841,100.473375043923,100.576485871576,100.628576217539,100.543764035712,100.4732571503,211.086739623764,215.014285445729,100.79114244292,212.528313181731,215.618693492521,13.9049505608723,125.644688847877,213.609052398997,3.72781485925861,100.488625584043,100.68314310799,6.49490800915055,100.737954574247,208.440284822056,212.20811117237,100.443352558195,9.14071449346648,100.536810435422,208.580781970468,213.857445387517,13.693239345183,100.576386773557
214.207729020349,100.727336376009,100.857828416841,100.44442109545,100.576485871576,100.628576217539,100.543764035712,100.4732571503,211.086259535384,215.014003016675,100.79114244292,212.528070952594,215.618512439853,13.5687716874845,125.525980824518,213.608881463086,3.69615761825935,100.395600583178,100.68314310799,5.34260387295944,100.737954574247,208.439796439813,212.207893252612,100.316580431555,7.77874490564818,100.536810435422,205.914266998629,213.856919903214,13.6003524061321,100.576386773557
214.207729020347,100.727336376009,100.857828416841,100.44442109545,100.576485871576,100.628576217539,100.543764035712,100.4732571503,211.08625953537,215.014003016667,100.79114244292,212.528070952585,215.618512439846,13.5687716785824,125.525980817747,213.60888146308,3.69615761687555,100.395600583178,100.68314310799,5.34260384446679,100.737954574247,208.439796439782,212.207893252608,100.29721710493,7.77874486052269,100.536810435422,205.912207640138,213.856919903185,13.6003524045209,100.576386773557
214.207729020347,100.727336376009,100.857828416841,100.44442109545,100.576485871576,100.628576217539,100.543764035712,100.4732571503,211.08625953537,215.014003016667,100.79114244292,212.528070952585,215.618512439846,13.5687716785824,125.525980817745,213.60888146308,3.69615761687373,100.395600583178,100.68314310799,5.34260384446588,100.737954574247,208.439796439782,212.207893252608,100.29721710493,7.77874486052269,100.536810435422,205.912207617854,213.856919903185,13.6003524045209,100.576386773557
214.207729020347,100.492509973245,100.492948276539,100.44442109545,100.395337404558,100.498030440444,100.483047110476,100.461321900307,211.08625953537,215.014003016667,100.587891362377,212.528070952585,215.618512439846,13.5687716785824,125.525980817745,213.60888146308,3.69615761687373,100.395600583178,100.503008229377,5.34260384446588,100.489898975671,208.439796439782,212.207893252608,100.29721710493,7.77874486052269,100.438363395994,205.912207617854,213.856919903185,13.6003524045204,100.33771821209
214.207729020346,100.298548241196,100.301254496066,100.297651648214,100.304327944428,100.329481137763,100.289117530119,100.319044277771,211.08625953537,215.014003016667,100.388631888422,212.528070952585,215.618512439846,13.5687716785806,125.525980817745,213.60888146308,3.69615761687373,100.32013861042,100.328308636712,5.34260384446497,100.35209097924,208.439796439782,212.207893252608,100.258936425554,7.77874486052087,100.326170773791,205.912207617854,213.856919903185,13.6003524045186,100.279619860931
