4175.49268955513,1428.41295160804,2016.91203326225,1488.17328759544,3977.27323110858,2653.45892223146,2069.91028800706,2758.72270158337,3720.66107724847,5154.66776844584,1093.16697837109,3443.4212944824,3041.84486724802,1227.1257756672,1185.34677669727,4100.63890509529,1866.28468833277,1562.39039440276,924.670016631106,3028.2554568446,3807.69886636268,2767.36646865384,1698.21773207002,2781.90583965659,3123.63396088091,2800.25568459931,1913.51667135161,2561.87265323033,3201.38227305485,2541.86337456269
4175.49268955513,692.573044384011,2016.91203326225,1488.17328759544,3417.80531402724,2653.45892223146,2069.91028800706,2180.05364323888,2380.7291626946,3533.69668229237,1093.16697837109,1285.80729015173,3041.84486724802,1227.1257756672,1185.34677669727,2381.07654836576,1866.28468833277,1480.65709908295,924.670016631106,2400.97479320697,3753.45368029978,1179.36075209239,1698.21773207002,1073.1750921569,3123.63396088091,2800.25568459931,1381.07068611191,1390.65951403129,1690.91069483965,689.900429304486
2494.52877434848,692.573044384011,2016.91203326225,1488.17328759544,2171.14968871644,2653.45892223146,1660.09061022784,1541.09399240418,2380.7291626946,1720.82466129592,1093.16697837109,1277.515648369,3041.84486724802,1227.1257756672,1185.34677669727,1793.8781973982,1817.69983640673,1480.65709908295,903.382544964369,2400.97479320697,2176.11933342023,1179.36075209239,1360.451978923,1073.1750921569,2655.57743582723,2578.15238352012,1323.89951602026,1390.65951403129,1690.91069483965,689.900429304486
2177.52026910885,692.573044384011,1089.89324991706,799.846138978918,613.741288168803,1833.97424005249,1359.26612092474,1510.25115801241,2042.8161571707,1467.53538288947,1093.16697837109,698.096911390641,1787.17417361105,1227.1257756672,723.076543866899,1624.08088651853,1318.20707088926,1480.65709908295,903.382544964369,1047.93829197558,1194.84927353234,1179.36075209239,918.341283278995,1073.1750921569,1631.48250771537,1586.40845685489,701.490864666624,1390.65951403129,1575.13639279483,650.550015557597
748.319353613219,677.892601578697,936.745260828727,634.416697665425,508.870453604075,1125.49571803171,1295.40700270476,736.643626398988,965.53279757762,991.883615832569,1019.18358361651,696.953668089859,1375.01183430587,891.614348720791,723.076543866899,905.766563091141,560.012518225068,1080.9208979064,903.382544964369,738.348665677555,832.321166823029,958.338389465504,825.497512412009,636.105264370212,535.483378780636,1110.02993834124,549.918558155456,989.935660949269,597.834119812114,650.550015557597
319.976762370517,367.814934434484,452.172921374784,320.583178294494,247.344581703082,509.627450934796,765.889842139798,407.425767034839,430.696302432403,492.072845409725,313.55131360838,421.75970042897,630.158831818632,330.034602027351,391.006319118069,284.954765526787,380.677980566337,438.95856540138,285.650351416022,269.952458938045,550.818542974146,497.234100227296,365.125025105448,307.641530616276,309.521985970808,367.213986876289,227.022994395029,832.09559459021,319.27955285294,320.07067768738
148.920871469061,199.641378791845,191.950959630561,132.274516132614,121.72959115127,217.365077959135,218.356594488123,157.926509583001,154.097719217947,190.247645904415,144.708428328971,153.351894360066,146.447012499908,177.480999928262,179.938179351046,151.118724849391,144.510315811274,190.385994417665,110.598874422708,132.984624288925,149.703493838449,129.795071310776,198.97237269955,176.17816447281,155.326221235627,157.125151033149,110.736607576005,222.246851943339,139.710727025842,151.007167187971
61.7148588670042,71.9020161575698,59.8666455332019,70.06528462461,59.4257149941055,59.7935584197172,69.4073270275205,65.9931390038075,70.2335582247214,62.3314796275886,61.1331168467036,64.1049706392253,66.0796251425492,63.9512150869201,59.8883404585924,61.6122249205513,62.0653203549431,58.2324260220942,60.132189017563,61.9094948378931,67.2984955252043,66.4343806618861,64.8348309715553,61.1464474203181,60.1280948345352,63.5615788008596,59.7832652097681,78.564052413589,63.2407527334599,57.8724955028193
49.7975583471377,49.7515549139155,49.631077485237,50.0983452075964,45.9504989251197,45.8405055217774,49.8929518355851,49.5800125628288,49.8636333804478,49.6682143522607,49.7199068042159,49.9874447952225,49.910273945415,50.1266015478803,49.7161174691903,49.8177921165722,49.8158943503259,49.9072510259789,49.7208138789865,49.8291575727012,49.5716902957065,49.6719586663179,49.7562907865864,49.7160527011241,45.5504764669885,50.0181954584611,49.6756999270699,49.7955728483967,49.6494362094729,45.8186435153567
49.098136952677,49.1091440918094,49.0970267155315,49.1022980844003,44.91176614677,44.9208945160563,49.1063462685598,49.1088998885281,49.1053450906047,49.1022356448045,49.1021428601421,49.1038909596032,49.107577077397,49.1069612286337,49.0978815475526,49.1099039782488,49.1042192624203,49.1010517942781,49.0980923420931,49.10241016443,49.1047870193606,49.1020516877384,49.1038013599148,49.1067635086175,44.9187566745451,49.140742662183,49.0997088683097,49.10508964986,49.0994426641495,44.9169874100223
49.0844888408764,49.0844997462073,49.084489286251,49.0844923648309,44.8954802525572,44.8954878734924,49.0844898733463,49.084489757901,49.0844905551853,49.0844903687097,49.0844882946473,49.0844910662934,49.0844906188559,49.0844939129365,49.0844877531652,49.0845017818606,49.0844940375688,49.0844933128627,49.0844903571601,49.0844876623453,49.0844980463434,49.084490831869,49.0844901321648,49.0844912597127,44.8954842387059,49.0844947376154,49.084491318622,49.0844950901507,49.0844925588935,44.8954817881562
49.0844790066574,49.0844791311801,49.0844790820287,49.084478988875,44.8954693326547,44.8954693890493,49.0844790445889,49.0844790152937,49.0844790192002,49.0844790413551,49.0844791128978,49.0844790752083,49.0844790674836,49.0844790217057,49.0844790105047,49.0844789924372,49.0844789980349,49.0844790321662,49.0844790431485,49.0844791223958,49.0844790864442,49.0844790570539,49.084479137213,49.0844789850532,44.8954694400256,49.0844790262939,49.084479084541,49.0844790334262,49.0844789986805,44.8954694148534
49.0844790066574,49.0844790742419,49.0844790198651,49.084478988875,44.8954693326547,44.8954693556535,49.0844790175873,49.0844790142027,49.0844789983278,49.0844789994605,49.0844789883531,49.0844790210222,49.0844790231076,49.0844790217057,49.0844790105047,49.0844789924372,49.0844789980349,49.0844789956353,49.0844790173874,49.0844790079504,49.0844790085275,49.0844790030376,49.0844790124438,49.0844789850532,44.8954693626342,49.0844790103234,49.0844790489913,49.0844790057263,49.0844789986805,44.8954693620393
49.0844790066574,49.0844789955584,49.0844790198651,49.084478988875,44.8954693326547,44.8954693496503,49.0844790175873,49.0844789963454,49.0844789983278,49.0844789994605,49.0844789883531,49.0844790016832,49.0844789958351,49.0844789864477,49.0844790096234,49.0844789924372,49.0844789897841,49.0844789956353,49.0844790173874,49.08447899633,49.0844789850952,49.0844790030376,49.0844790124438,49.0844789850532,44.8954693524349,49.0844790019073,49.0844790202797,49.0844789856749,49.084478985235,44.8954693481359
49.0844789794812,49.0844789794812,49.0844789794812,49.0844789794812,44.8954693174513,44.8954693174513,49.0844789794812,49.0844789794812,49.0844789794812,49.0844789794812,49.0844789794812,49.0844789794812,49.0844789794812,49.0844789794812,49.0844789794812,49.0844789794812,49.0844789794812,49.0844789794812,49.0844789794812,49.0844789794812,49.0844789794812,49.0844789794812,49.0844789794812,49.0844789794812,44.8954693174513,49.0844789794812,49.0844789794812,49.0844789794812,49.0844789794812,44.8954693174513
49.0844789794812,49.0844789794812,49.0844789794812,49.0844789794812,44.8954693174513,44.8954693174513,49.0844789794812,49.0844789794812,49.0844789794812,49.0844789794812,49.0844789794812,49.0844789794812,49.0844789794812,49.0844789794812,49.0844789794812,49.0844789794812,49.0844789794812,49.0844789794812,49.0844789794812,49.0844789794812,49.0844789794812,49.0844789794812,49.0844789794812,49.0844789794812,44.8954693174513,49.0844789794812,49.0844789794812,49.0844789794812,49.0844789794812,44.8954693174513
