305.890678326697,215.652780572874,327.094503372638,108.471406543917,211.941390831933,153.254608177691,126.212754071708,293.593884249429,193.824119134933,186.925508876602,93.4407679115333,182.557710342566,130.808871640792,201.353085026331,264.397634666898,81.2729015046959,112.515210125076,131.190428108721,310.355040958116,269.802808734436,278.827772912278,314.139545200472,124.220179043442,177.355671090492,148.206303310366,90.5854499901637,264.307117670603,491.122456314071,183.598461367508,143.622594003355
89.8561854612526,104.392852904055,84.6840577628987,51.5129654154204,72.9442310161357,73.6943195196632,81.7513242827393,99.3941835918569,67.4637643335088,54.7109067272588,56.2882626773251,78.2962271440521,73.6512733469498,99.3211599555497,60.2943217746833,75.0330799210838,71.8071039383491,67.6910967056665,89.9952078425504,76.3744042042156,81.047091161346,95.9421386702938,25.5428493263402,90.8312865473063,71.0540324113886,69.3909946899597,83.5184513348893,79.9834685084513,55.3451016207092,99.4614814404595
81.0650710048285,75.0507516667095,72.8503554822192,14.4997870642085,33.45245988049,42.5674102454634,25.8653866247008,30.4991898436575,16.4813247689659,14.6614342783083,18.8840117061982,13.7271019384071,13.9961397917291,22.3060605469113,14.6117194147452,3.09452814856655,25.8134956321397,17.0359581514606,22.1545172877317,63.8449598227695,34.7893826339078,19.3549238559307,18.6109072221287,16.9441774554407,15.535742975527,52.4269882421845,41.8025524354887,73.2869099638463,14.0378686528622,45.7775000267317
1.2696430391274,4.72129408827686,0.671145744694172,9.069807533485,0.493001271154299,5.07121988844619,4.3796529904098,0.617249402516165,0.584135672989476,0.361075560983807,0.516790999196871,4.61283454935113,0.19881972828415,7.04553453849013,0.463811856364771,0.177812522864258,0.549436981860083,9.3617804826867,0.531453091464016,4.19193342926354,0.241013791333046,0.478819888068756,0.424177133650971,0.428442438578315,6.36325289161834,4.11558026343857,0.304247443208908,0.731034629436181,9.25568020074513,0.642524046262906
0.00201675244500166,3.98668129103612,0.000310441356305091,8.91627758340701,6.65824219936439e-05,3.98686001645189,3.98667156878929,0.000240707003001717,0.000128379195416528,0.000112814218141466,0.000102727661840163,3.98680246103686,7.0610071873034e-05,3.99317412843521,9.37311261850482e-05,0.000121879151265603,9.1292321428682e-05,8.91629668121021,0.000388624429263018,3.98667534853291,5.83866207648498e-05,0.000447453770732409,0.000101249798603931,5.88123185707445e-05,3.98887849738122,3.98684072617613,5.1603404187972e-05,0.000627500759435407,8.91626291008447,0.000243138580401592
1.54614099301398e-11,3.98657911236791,1.60298441187479e-11,8.91610192796162,1.81898940354586e-11,3.9865791123521,3.98657911235335,7.67386154620908e-12,1.11981535155792e-11,1.75646164279897e-11,6.25277607468888e-12,3.98657911236938,5.74118530494161e-12,3.98657911247494,2.05773176276125e-11,6.08224581810646e-12,2.44995135290083e-11,8.91610192794695,4.68389771413058e-11,3.98657911235352,9.54969436861575e-12,8.92441676114686e-12,4.03588273911737e-12,1.45519152283669e-11,3.9865791123633,3.98657911234943,6.08224581810646e-12,3.68345354218036e-11,8.91610192807519,1.88151716429275e-11
0,3.98657911234716,0,8.91610192778131,0,3.98657911234716,3.98657911234716,0,0,0,0,3.98657911234716,0,3.98657911234716,0,0,0,8.91610192778131,0,3.98657911234716,0,0,0,0,3.98657911234716,3.98657911234716,0,0,8.91610192778131,0
0,3.98657911234716,0,8.91610192778131,0,3.98657911234716,3.98657911234716,0,0,0,0,3.98657911234716,0,3.98657911234716,0,0,0,8.91610192778131,0,3.98657911234716,0,0,0,0,3.98657911234716,3.98657911234716,0,0,8.91610192778131,0
0,3.98657911234716,0,8.91610192778131,0,3.98657911234716,3.98657911234716,0,0,0,0,3.98657911234716,0,3.98657911234716,0,0,0,8.91610192778131,0,3.98657911234716,0,0,0,0,3.98657911234716,3.98657911234716,0,0,8.91610192778131,0
0,3.98657911234716,0,8.91610192778131,0,3.98657911234716,3.98657911234716,0,0,0,0,3.98657911234716,0,3.98657911234716,0,0,0,8.91610192778131,0,3.98657911234716,0,0,0,0,3.98657911234716,3.98657911234716,0,0,8.91610192778131,0
0,3.98657911234716,0,8.91610192778131,0,3.98657911234716,3.98657911234716,0,0,0,0,3.98657911234716,0,3.98657911234716,0,0,0,8.91610192778131,0,3.98657911234716,0,0,0,0,3.98657911234716,3.98657911234716,0,0,8.91610192778131,0
0,3.98657911234716,0,8.91610192778131,0,3.98657911234716,3.98657911234716,0,0,0,0,3.98657911234716,0,3.98657911234716,0,0,0,8.91610192778131,0,3.98657911234716,0,0,0,0,3.98657911234716,3.98657911234716,0,0,8.91610192778131,0
0,3.98657911234716,0,8.91610192778131,0,3.98657911234716,3.98657911234716,0,0,0,0,3.98657911234716,0,3.98657911234716,0,0,0,8.91610192778131,0,3.98657911234716,0,0,0,0,3.98657911234716,3.98657911234716,0,0,8.91610192778131,0
0,3.98657911234716,0,8.91610192778131,0,3.98657911234716,3.98657911234716,0,0,0,0,3.98657911234716,0,3.98657911234716,0,0,0,8.91610192778131,0,3.98657911234716,0,0,0,0,3.98657911234716,3.98657911234716,0,0,8.91610192778131,0
