160.119906085495,99.0025222758753,93.4160591129015,266.823213444535,166.97032712256,93.1573328323759,82.0005043893397,15.5432472051265,306.651549707226,122.976467780676,234.79864020513,576.055581188277,298.246118910027,224.234058230094,177.109384452193,194.514916808732,53.0665878840749,61.8360441978592,218.125951919532,319.374474221214,150.24168032239,60.3337448314735,72.3790946127244,632.768961655981,364.465533540231,148.673287896843,74.3140899326046,142.605862461514,17.6885636384462,176.341451089578
15.6362017850387,37.9012111260616,40.4764921993328,100.982900295188,15.4316065774303,40.8127433543192,16.947049931677,1.26616992714355,29.9765275318663,46.176008567931,37.7950626858823,51.6341155735648,22.7473557638461,31.1611409518442,22.3189746902713,6.61630260252662,0.581729735154681,3.16371593103054,18.0285487364132,79.1429482312545,47.1010417809329,2.47715673567757,18.7421642916299,47.8497117238943,70.7345737625762,43.8006715174728,20.0503881561913,31.4146154608899,1.53769914564646,26.5449858324836
9.90884356505421,16.3972612425478,2.61839982280026,6.49663159978127,3.68975439860685,3.46539099824543,1.03988337652811,0.199778805724463,7.55535080978029,8.74860918751722,10.5895189087605,13.1062106155973,6.11074370917004,22.2058492892628,3.96451744106514,3.19437607908526,0.156167939781994,0.372843935063543,1.16102228879606,12.4616737077228,9.79148601884526,0.320479728308442,4.14819938240521,7.6628207807056,3.78516017953586,4.8166193538832,3.70759102012175,1.66487281420518,0.0921754162831121,5.69523894830581
0.460058754115607,1.13100061904493,0.515016953969621,0.358982797519161,0.677242848562287,0.456360711292064,0.503839756353614,7.12146713794937e-05,0.447885914822223,0.26486087080184,0.738812407113528,1.03584590081709,0.618515764214067,1.00698301198236,0.291545449830664,0.184736311255165,0.000199958963662539,0.000115149591579211,0.321322400709846,0.909374246824086,0.317654324419891,0.000166420027312597,0.560459917899493,1.26849610350689,0.415978363031286,0.669988861455522,0.436331923528428,0.721766663225253,0.000130680614688572,0.217685847805001
0.00041529811539931,0.000303376800616206,0.000125376991036319,0.000663956300172686,0.000198756693976065,0.00073558716462685,0.000273576172389767,4.4110493035987e-11,0.00101208492026217,0.000352679654838539,0.000139028124635843,0.0004975073204605,9.28206770822726e-05,0.000962789129630437,0.000302672974726192,0.000227716196377514,1.79625203600153e-11,1.9554136088118e-11,0.000196705717144141,0.00025291556130469,0.000827993654070269,2.38742359215394e-11,0.000299447644124484,0.000430392153134562,0.000511050576506022,0.000201329155970598,6.86785527932443e-05,0.000310210294856006,1.38697942020372e-11,0.000306895955986874
2.63753463514149e-11,3.05817593471147e-11,2.48974174610339e-11,2.33058017329313e-11,3.59250407200307e-11,8.86757334228605e-11,4.20641299569979e-12,0,8.12860889709555e-11,3.69482222595252e-11,3.84261511499062e-11,6.98037183610722e-11,1.60298441187479e-11,2.60683918895666e-10,2.15891304833349e-10,5.32054400537163e-11,0,0,3.61524143954739e-11,5.29780663782731e-11,4.93400875711814e-11,0,1.51203494169749e-11,4.63842297904193e-11,2.94448909698986e-11,3.38786776410416e-11,2.250999386888e-11,4.02451405534521e-11,0,3.92219590139575e-11
0,0,0,0,0,0,0,0,0,0,0,0,0,0,0,0,0,0,0,0,0,0,0,0,0,0,0,0,0,0
0,0,0,0,0,0,0,0,0,0,0,0,0,0,0,0,0,0,0,0,0,0,0,0,0,0,0,0,0,0
0,0,0,0,0,0,0,0,0,0,0,0,0,0,0,0,0,0,0,0,0,0,0,0,0,0,0,0,0,0
0,0,0,0,0,0,0,0,0,0,0,0,0,0,0,0,0,0,0,0,0,0,0,0,0,0,0,0,0,0
0,0,0,0,0,0,0,0,0,0,0,0,0,0,0,0,0,0,0,0,0,0,0,0,0,0,0,0,0,0
0,0,0,0,0,0,0,0,0,0,0,0,0,0,0,0,0,0,0,0,0,0,0,0,0,0,0,0,0,0
0,0,0,0,0,0,0,0,0,0,0,0,0,0,0,0,0,0,0,0,0,0,0,0,0,0,0,0,0,0
0,0,0,0,0,0,0,0,0,0,0,0,0,0,0,0,0,0,0,0,0,0,0,0,0,0,0,0,0,0
