272.729076135817,102.742945245881,230.451937345971,312.055971862898,121.586524867042,307.195108367667,314.026790371781,249.372960183952,68.3189909904258,376.409960008696,336.839607844302,449.650904895992,477.280643801373,312.673325065206,478.271278161194,403.146945724287,439.477280981959,222.649024470966,333.853378763265,309.24890716927,510.35379526132,47.1692044042948,281.451188354913,398.309120465674,307.301062034376,144.967837483487,187.81424730135,191.974581920714,291.171638813566,277.455024791079
272.729076135817,102.742945245881,230.451937345971,312.055971862898,121.586524867042,248.343895829353,270.61821871379,249.372960183952,68.3189909904258,164.92768061832,336.839607844302,111.951369602881,477.280643801373,123.193151793151,282.810532995903,403.146945724287,166.611574600577,222.649024470966,330.242054356419,309.24890716927,259.431589115904,47.1692044042948,281.451188354913,239.89182408338,307.301062034376,144.967837483487,187.81424730135,191.974581920714,291.171638813566,58.9695807568251
70.5368721139725,96.0463168537176,90.1506830900857,312.055971862898,61.8121476895581,228.222640223823,196.468388083403,249.372960183952,68.3189909904258,160.285281462716,336.839607844302,64.8820713497716,156.418181951717,113.733258701443,220.063998251995,191.619909348071,166.611574600577,63.9664405115855,104.98421938434,217.205593031092,213.773105914812,47.1692044042948,281.451188354913,239.89182408338,196.924739536675,117.387082824508,187.81424730135,191.974581920714,43.7858999989221,58.9695807568251
64.0447229492788,63.5229505542716,90.1506830900857,87.0993860851186,61.8121476895581,76.6539580067983,169.260429105877,186.215709976587,68.3189909904258,64.8576794279234,336.839607844302,64.8820713497716,48.0231519330264,86.8967678039139,83.3808120634849,191.619909348071,44.0192669849757,63.9664405115855,104.98421938434,81.9371154047176,213.773105914812,47.1692044042948,251.327092775,167.992002018139,92.6623194871995,117.387082824508,187.81424730135,88.0047506061892,43.7858999989221,58.9695807568251
51.3734026077068,63.5229505542716,52.0311113320658,65.6518747641589,61.8121476895581,68.8283484810199,69.6425564862698,104.995222607999,56.8244452275489,64.8576794279234,152.589054062857,43.969055984137,48.0231519330264,81.1446454502225,83.3808120634849,80.7996699785645,44.0192669849757,63.9664405115855,77.3309755847831,58.0001907859382,64.0181546748422,47.1692044042948,78.3144120146248,136.937552511098,75.5398226525735,63.7294344105094,54.1552823340608,57.9111439877961,43.7858999989221,58.9695807568251
36.3578438501886,34.8233434137205,52.0311113320658,49.6041673543318,46.8997552900646,36.4240083669661,60.3554183933561,104.995222607999,56.8244452275489,56.1903648590987,41.4444882373591,43.969055984137,48.0231519330264,47.0248401946424,83.3808120634849,80.7996699785645,44.0192669849757,59.4551235852823,74.1969363984545,49.5006064246813,64.0181546748422,47.1692044042948,78.3144120146248,136.937552511098,58.3481964871353,41.5160487804519,36.7550189145795,47.5340851644396,43.7858999989221,40.8998946769957
36.3578438501886,34.8233434137205,48.9662818843299,32.9816063787157,45.3967099262477,36.4240083669661,40.161027301192,104.995222607999,38.0649474643847,41.5341326735415,41.4444882373591,38.0086584943451,37.9714027919667,45.7178150704895,49.1297831390571,43.6896935754976,42.3225038775136,38.0030944292776,44.485932716801,38.5383892333361,38.1990633627347,38.4244006821527,48.2305036797225,40.818177968531,36.0443906028718,41.5160487804519,36.7550189145795,40.759597839271,43.311578558068,32.06121387245
34.3405898088768,31.3607700347211,32.2425348085339,32.9816063787157,31.9023189009695,34.354221995804,32.8754746697036,39.8115180628088,38.0649474643847,29.5652337758652,35.8044971548775,35.4850575210894,37.2089286919295,32.2425816089526,29.9537880833477,32.3360140801851,37.7164028298071,32.0986146727569,34.1752715207635,38.5383892333361,38.0157972831125,34.997240207239,47.7308422662136,40.818177968531,36.0443906028718,37.3243644808222,36.7550189145795,35.6389681663395,33.0186044812694,32.06121387245
34.0835000023726,30.2921600574568,32.2425348085339,29.326022366944,31.9023189009695,31.6403561598308,32.8754746697036,30.9303127608191,31.3335981665323,23.8330890634525,30.9177091497577,34.4454241052185,30.88822407414,30.4030920929508,29.9537880833477,30.763896202106,30.1955271719789,31.0518894854999,32.5538553196043,37.0978083148802,29.245597297821,33.7562178737253,31.01713333307,38.8622621867976,33.1170729092278,29.3619155425708,29.7769523248317,29.7151631990191,30.2579815493782,29.2311103939828
33.6853633213559,30.2921600574568,30.8074768481201,26.6157330089013,30.4530682799877,28.6812059872964,26.6804450838604,30.9303127608191,30.5493058695101,23.8330890634525,27.3545258824411,32.0456478517008,26.467175616312,30.4030920929508,26.4703309198253,30.763896202106,26.327818464043,31.0518894854999,31.256490900314,28.6067947278802,29.245597297821,31.6372031307192,28.594860324029,28.822240650275,32.0319694516083,15.5509198243471,20.3432256697079,29.7151631990191,28.5077749035759,23.9739560155394
28.3008447213242,22.3050267470794,27.2469072604472,17.9788697526301,30.4530682799877,26.6016924608816,9.96777393862249,26.8358159496474,28.2084458452741,23.8330890634525,25.9462888882886,27.3495687487657,26.1673113153192,26.5965572935811,25.7363679734253,30.763896202106,23.3549785272694,31.0518894854999,26.3009316990906,25.0345282023877,29.245597297821,25.3180251586609,28.2696396240262,18.2282264800069,22.6344599956678,12.6651125276408,20.3432256697079,21.9493888655202,12.3135600740852,23.9739560155394
25.1596134993747,7.98077561561604,25.6046178280171,9.61570268680862,22.7961001370895,25.6744605294971,9.11090008278006,26.3259531155268,14.9052616443169,23.8330890634525,25.8938998853514,25.2690401709542,25.567241957242,24.2300014299035,24.0432688609449,25.2518586528881,17.0235248243653,25.6804287535724,8.83217178182849,24.2589111317798,25.7025233360896,15.2732062836649,25.476632345652,6.60781597392952,22.6344599956678,7.42124051452402,20.3432256697079,8.96422319283283,8.6514303848553,10.9726382083568
25.1596134993747,5.56651703201624,25.3180156929257,6.37313379530042,8.31856804442623,24.650814875316,4.30289977252232,26.3259531155268,14.9052616443169,23.6623570440502,24.2263811978328,13.3423397436945,24.0858054939813,15.4943003912786,11.405845613373,24.8355698809373,17.0235248243653,22.8875502123105,7.8363843984157,16.2410879112608,11.4014960252916,4.92159692629048,24.6260574203311,6.26299394404896,22.6344599956678,6.27387355302426,20.3432256697079,7.27222587415872,5.65255176736582,8.36625416135212
24.7573453337923,5.56651703201624,24.0790814969123,5.86609059157627,6.4526264933852,23.1987782973779,3.56671733349094,20.8217605902519,9.28460883274374,23.6623570440502,22.3979040973286,7.9391481936068,24.0858054939813,7.06481329194912,5.41152954861946,24.8355698809373,10.6936791610178,11.279552949225,5.75749358002531,7.70883919958123,5.81551959511307,4.61419869007932,24.6260574203311,6.26299394404896,22.6344599956678,6.27387355302426,8.88868899289855,4.97048758632445,5.65255176736582,4.89888257422945
23.6256734871563,4.83532942626744,24.0790814969123,4.75151162292968,5.56262257632761,23.1987782973779,3.56671733349094,20.8217605902519,6.77941322253218,22.4692647199472,22.3979040973286,5.73039682951139,24.0858054939813,4.91948398531576,3.30291470539214,24.6494117665329,5.60503070899131,4.36878612312012,4.69874660240794,5.29217327453807,5.81551959511307,4.22194156727801,24.6260574203311,4.83913168824165,22.6344599956678,4.48514278957236,4.24135542755403,4.51000796284825,5.65255176736582,4.39843650734383
20.2334472625903,7.24632539379718,28.4438771472537,8.25604586939471,6.5563453376144,31.7237241465646,6.32085155393224,6.95423533770872,10.0079110194129,25.4934122555105,26.8925878512709,5.93418154927349,25.9680729392935,10.7510839818528,11.0249448841619,33.9709127571123,0.828526568795496,14.0046882328916,10.1830766959374,10.0802895906472,6.20930650275841,12.3826353305371,12.1881093190473,5.39280639780054,26.9946492879671,7.89257537303138,8.44244388260677,15.2268907969496,7.37157044531159,2.47714736595663
