24.3695683765832
2.75167127309214
4.42772566589019
4.24889743051244
23.823063230016
3.96967252496142
4.22258730586782
3.93322866905146
4.01792573009652
23.1789279296163
4.48389881388539
4.35243279159022
24.0065208386709
22.8452282739754
1.20584959745247
2.2006642944466
66.4314361380875
3.49388942976657
2.28974572490279
23.544885851059
23.7663780139651
2.87564848410011
24.9842644262822
4.95024176523611
0.137114171004214
3.42720555781898
24.2939055490165
24.177020956452
23.2401494988485
24.0802152501192
