17550.1668472489,20994.6732160376,24362.9829385659,23520.2079261143,13794.2553490091,6302.80455791852,6630.33492965842,12494.3810735442,2992.31759074386,52407.9048868711,19755.1576395862,39205.2522541419,15068.9693119295,22975.2351831445,41989.6665251071,33098.798482661,9998.9446181433,72630.9961362017,6285.41429008369,4873.67902625123,7846.48506166429,21417.6471709094,40089.4892407823,6393.37416661598,26304.8365075351,36563.7222495784,5122.33724594957,44020.5509552387,22334.6127062737,39232.0771119444
15653.2605641813,17781.9027174206,22767.3253425028,21429.3987685733,12633.3192412682,5438.40328205847,5739.36703807233,11801.4400106405,2531.38292013818,49347.0214012822,17432.0977332704,33929.9851969661,13705.81355917,19810.4582903365,38330.6279415153,31941.2715655703,9590.15114400875,67624.6419530761,5046.73970464137,4409.27045258486,7084.98350574654,19177.9862762147,35908.2789759302,5815.13807654114,25266.434613717,34254.9276433955,4190.09453238271,41334.6032038403,21351.2079948477,37693.7427292288
6386.41156639896,5028.861451571,10022.9409310631,11910.9434470529,8421.915695865,2139.5553255758,1599.70558249325,5427.0340209209,1075.86618598929,27456.5886018592,1448.89053130202,9207.29947450075,5855.92418052402,6238.48540735793,26883.0253197394,21105.2257026377,5615.74249240437,42795.4085764144,1999.37329906744,2409.81864231554,2613.89685491716,7867.98622683731,11703.0079968205,1505.52772948537,14507.0014064783,14221.0974817068,1378.35205642017,14429.5716261664,13179.6929468536,25881.8586555201
973.768572282592,1630.55362375153,1631.5207740933,1228.12343693999,1543.50838209696,429.407831952782,1158.20531099792,823.093961101725,315.876545334129,3604.48186188596,612.482271482504,510.395764214607,1291.77494166343,837.324475495832,9040.20049675262,6413.2880035359,1164.61091191674,4609.54916510616,450.14744585048,598.440177220386,646.416980233666,1480.31053047256,2811.97245580724,993.736888909536,2441.81421467201,2317.08457503256,259.93265485736,5412.08417519592,1603.80276838376,9560.27340309396
543.779156010292,1227.75927147407,1093.05289906184,782.969845288025,296.729709244258,269.387483871949,274.703924589485,377.700661930022,278.295713968213,1825.10867818359,612.482271482504,426.432348222757,718.949346652435,688.779431427111,1562.10672570387,1087.26082004478,670.033872611726,918.412121649341,231.696631561523,236.336581582706,169.063867857295,592.815337964708,740.743000357995,155.255577690052,749.330339460524,1265.14719933635,259.93265485736,1437.56043134675,215.79792654572,1537.06902294881
138.070566764972,120.442567830096,122.677141021847,125.090580828858,82.7805392266119,124.284255732137,117.379973061683,92.0970187151611,98.3454496625901,206.061641920133,284.834616638931,133.547219378713,284.968514642755,120.379126167735,311.026221253815,195.032479248282,120.519280077829,172.197714888141,83.5646377168653,116.518424702142,72.8016962896805,158.289432809237,87.3859276114076,82.4096453373532,126.477684161216,170.111156657505,83.1341273155499,258.417072041441,121.59107420494,434.28469079231
18.1023562311671,62.798077840008,39.0165264824682,58.1971862247223,19.3275096527072,46.1338292088478,40.1533964598805,54.0796351735481,37.5881252562443,79.650403144567,82.8463314689435,50.1374124224712,68.0155924264062,66.5379580319972,58.0690573706663,73.5411170995962,67.7041422329106,70.6573998815018,69.355778514418,21.8210054626273,13.4051957195978,32.1928683784791,65.6517076461672,12.6707698272768,66.4129873130405,56.1957124074196,62.9781429043835,85.4306087543802,53.3420364532961,99.5236174587
0.231583814513272,2.03923983677453,0.305836096631595,6.87043641922514,4.36140258971756,4.66784219854702,5.47763788838563,0.477473514511303,1.55773112362152,15.6572137073222,36.1863774418377,4.26044367357406,5.7364953495981,14.9427939994055,9.89089578093609,21.1893630697181,2.07325046677624,1.52709224377526,11.2911220669941,0.48373176166433,5.65149767546643,11.0905501822119,5.37882119604063,0.307885791240835,2.2758849679193,2.66596641381676,17.0588693763362,61.4419733196913,6.00406377012592,3.39754469286453
0.0326231772769461,0.034370743689351,0.0268160184708677,0.150165542744617,4.03015313323635,4.01564632100337,4.14609887609271,0.0218592226138981,0.0507012498483164,0.283872742397591,4.4205427080351,4.00196050811411,4.19095024209633,8.95576489534136,5.00030154233099,4.23394031181743,0.0222359293263139,0.000179044010167217,0.0212982462785476,0.0440781431083224,4.27642577309808,8.95278889299703,4.12996915319661,0.0328292709117477,0.0199452570265066,0.0635943788076929,0.2090484708703,52.3731860329007,0.165980336416737,0.0302425300477012
2.18508546367957e-07,4.04352647365158e-07,2.73430487141013e-07,2.69937063990255e-05,3.98657957680143,3.98657924164502,3.98665697425224,3.95657252738602e-07,2.97249516734155e-06,0.000449370202318278,3.99401478816992,3.98658253915136,3.98671915168177,8.91620326709756,4.00744455450427,3.98702436511644,7.72786279412685e-08,3.44527961715357e-10,1.69489396739664e-07,1.34853809186097e-06,3.98675957423461,8.91617651027599,3.98668782830629,5.22386471857317e-08,2.13581415664521e-07,2.19473929519154e-06,0.000730020240325757,10.4482726216721,7.21399106282661e-05,1.22034509786317e-06
0,0,0,0,3.98657911234716,3.98657911234716,3.98657911234716,0,0,5.6843418860808e-14,3.98657911234841,3.98657911234716,3.98657911234716,8.9161019278655,3.9865791123575,3.98657911234716,0,0,0,0,3.98657911234716,8.91610192780922,3.98657911234716,0,0,0,5.6843418860808e-14,8.91614313237454,0,0
0,0,0,0,3.98657911234716,3.98657911234716,3.98657911234716,0,0,0,3.98657911234716,3.98657911234716,3.98657911234716,8.91610192778131,3.98657911234716,3.98657911234716,0,0,0,0,3.98657911234716,8.91610192778131,3.98657911234716,0,0,0,0,8.91610192778131,0,0
0,0,0,0,3.98657911234716,3.98657911234716,3.98657911234716,0,0,0,3.98657911234716,3.98657911234716,3.98657911234716,8.91610192778131,3.98657911234716,3.98657911234716,0,0,0,0,3.98657911234716,8.91610192778131,3.98657911234716,0,0,0,0,8.91610192778131,0,0
0,0,0,0,3.98657911234716,3.98657911234716,3.98657911234716,0,0,0,3.98657911234716,3.98657911234716,3.98657911234716,8.91610192778131,3.98657911234716,3.98657911234716,0,0,0,0,3.98657911234716,8.91610192778131,3.98657911234716,0,0,0,0,8.91610192778131,0,0
0,0,0,0,3.98657911234716,3.98657911234716,3.98657911234716,0,0,0,3.98657911234716,3.98657911234716,3.98657911234716,8.91610192778131,3.98657911234716,3.98657911234716,0,0,0,0,3.98657911234716,8.91610192778131,3.98657911234716,0,0,0,0,8.91610192778131,0,0
0,0,0,0,3.98657911234716,3.98657911234716,3.98657911234716,0,0,0,3.98657911234716,3.98657911234716,3.98657911234716,8.91610192778131,3.98657911234716,3.98657911234716,0,0,0,0,3.98657911234716,8.91610192778131,3.98657911234716,0,0,0,0,8.91610192778131,0,0
