703.287605496386,875.460615246159,427.591650797589,477.787637524449,358.463278650679,346.394522605337,607.938446325498,662.831099664018,547.290887570723,631.968428871012,587.467951500601,295.965128790875,729.42568535034,862.854223533367,615.705431260114,804.451147442749,604.152013284148,565.472350011371,776.385513101977,604.823500052818,647.868939697315,737.719321714942,302.669132185275,583.120061559839,507.7694497371,406.099798304203,1019.55730680209,761.452675734731,752.788271468898,357.355058079012
703.287605496386,875.460615246159,427.591650797589,477.787637524449,358.463278650679,346.394522605337,607.938446325498,662.831099664018,547.290887570723,631.968428871012,587.467951500601,295.965128790875,729.42568535034,862.854223533367,615.705431260114,804.451147442749,604.152013284148,565.472350011371,776.385513101977,604.823500052818,647.868939697315,737.719321714942,302.669132185275,583.120061559839,507.7694497371,406.099798304203,1019.55730680209,761.452675734731,752.788271468898,357.355058079012
703.287605496386,875.460615246159,427.591650797589,477.787637524449,358.463278650679,346.394522605337,607.938446325498,662.831099664018,547.290887570723,631.968428871012,587.467951500601,295.965128790875,729.42568535034,862.854223533367,615.705431260114,804.451147442749,604.152013284148,565.472350011371,776.385513101977,604.823500052818,647.868939697315,737.719321714942,302.669132185275,583.120061559839,507.7694497371,406.099798304203,1019.55730680209,761.452675734731,752.788271468898,357.355058079012
703.287605496386,875.460615246159,427.591650797589,477.787637524449,358.463278650679,346.394522605337,607.938446325498,574.723912386956,547.290887570723,631.968428871012,587.467951500601,295.965128790875,729.42568535034,862.854223533367,615.705431260114,804.451147442749,604.152013284148,487.908595432345,776.385513101977,604.823500052818,647.868939697315,737.719321714942,302.669132185275,583.120061559839,507.7694497371,406.099798304203,1019.55730680209,761.452675734731,752.788271468898,357.355058079012
584.60469173301,723.217777597632,423.888965387108,359.45042268857,239.07839900136,346.394522605337,456.905924408087,574.723912386956,445.694085410804,608.365525767694,553.807430953593,260.288045711505,722.686630090934,756.060174072548,575.956815309025,699.104758428266,513.771485482657,487.908595432345,698.629297601195,489.734114905048,563.835345077919,645.941742886524,253.275244991651,466.467670767472,315.418803597669,299.606676955767,898.89388448111,539.722781549699,625.065949560346,304.595095133045
584.60469173301,601.641560711525,423.888965387108,232.479866531026,183.261981477749,340.541917951914,390.093569965389,427.448737487967,445.694085410804,608.365525767694,461.969062269447,246.91538024165,575.117627091792,601.123927059914,571.104537413904,658.970868948895,420.744148142886,346.865320031876,698.629297601195,489.734114905048,563.835345077919,645.941742886524,214.660708995126,242.598655906242,315.418803597669,270.677737052185,758.437854481623,321.990917066995,544.90851191109,294.891322399351
455.605166016238,502.426817483863,411.65143154837,227.964617605351,174.203547761673,340.363290179047,345.552626803971,426.569484825668,383.784732545664,511.020863273569,461.969062269447,245.790434621684,572.134443498874,460.938590553886,571.104537413904,503.115988969487,420.744148142886,332.04428827468,446.886155390761,381.926087056656,487.142932288086,580.715939222127,195.163853660002,233.397148648729,239.094990152143,270.677737052185,717.518331159099,321.990917066995,517.691252696731,294.891322399351
455.605166016238,479.578369459874,411.65143154837,212.850615321624,174.203547761673,338.972739323609,345.552626803971,227.150385524717,383.784732545664,492.519758027375,461.468985347453,245.790434621684,563.526799414433,434.033475814603,560.714218635631,331.523473614675,408.388992021519,310.392598562361,343.699587104001,381.926087056656,429.11197467562,580.715939222127,195.163853660002,178.517888562799,239.094990152143,270.677737052185,690.228770010813,320.070278047176,517.691252696731,294.891322399351
455.605166016238,461.010371230833,402.523054015731,190.220399069971,162.757449700668,338.972739323609,345.552626803971,102.190699627188,383.784732545664,445.110213520478,459.617159969242,236.221645031053,546.064596425353,398.177205463165,560.714218635631,331.523473614675,404.031369588775,302.132728383598,326.297680718955,352.083183952603,422.672492933253,567.259315726452,193.965224101834,178.517888562799,214.726253030875,268.907797965826,690.228770010813,314.517183886607,515.436846240495,294.891322399351
455.605166016238,456.998621387393,399.400674716032,190.220399069971,162.757449700668,326.888723686074,332.809945554631,92.6637024316392,375.34199270191,445.110213520478,457.277202496862,221.826126148063,514.299915245512,398.177205463165,536.596637746396,317.893573384854,404.031369588775,283.856815172736,308.391429458823,344.507485204279,422.672492933253,567.259315726452,169.226739627337,174.737499034602,214.726253030875,266.826344274858,667.55723565625,314.517183886607,506.824813835247,288.924281865741
443.023960325221,456.998621387393,397.763657809722,180.86080713681,130.972089174759,326.888723686074,319.944552720271,84.0017650891195,365.362796120421,445.110213520478,457.277202496862,215.839850862001,491.516406897804,383.828945273331,529.474778292348,304.744614205429,388.670093256607,273.149082568321,288.611774389014,344.507485204279,419.341387718454,537.583842358976,169.226739627337,174.737499034602,205.880912431835,254.290326311283,654.616858843994,314.517183886607,490.356234214502,273.704750552633
438.686224501425,447.359914973658,394.435173710801,176.379661888197,130.972089174759,324.678532758409,312.144035962934,73.8996297262306,359.58863553638,439.08251762204,452.702886531752,208.242672776048,491.516406897804,383.828945273331,528.416009770914,302.551777744031,383.104318793689,266.294749418016,288.611774389014,339.629153417511,410.441698849963,500.082135983793,144.191294022856,171.14980365721,196.758652555489,248.347552604484,645.125363893699,296.785804224682,482.664307216521,265.267761411876
436.314700127269,436.115223408797,393.48885018036,174.873375943572,128.068513932753,323.913890111292,309.838248004876,49.3773925546147,357.978242103093,435.187847107705,451.509169752988,204.969356419568,481.585854437588,375.328845255456,526.49625566387,296.62897411114,379.409128634445,264.469110788596,286.075222189136,337.78968198193,396.165922763088,489.989069821179,133.317087930955,169.94490755353,193.194481852734,245.250752241736,643.222883326279,290.180614614568,478.524589249063,261.449102331076
435.713951631606,433.577905309836,392.953514176165,174.286485148458,127.042470696133,323.361842083406,309.506802982039,45.7569299139491,357.658710175647,434.69460220134,450.808633521754,204.364561729056,479.622717816668,374.100827326841,524.550477635093,296.190582429122,378.727540897586,263.859462785729,284.443740898999,336.977309694573,392.199345499677,485.948523590502,131.16056104841,169.277942407989,192.323466034558,244.513565298703,642.368010710362,287.648024540548,477.626002637915,261.183956192407
435.699376227877,433.484383422531,392.936162283823,174.254794582252,127.025450046717,323.269139870891,309.493556333343,45.4667514491391,357.6272691952,434.658026371458,450.738564994229,204.338149979622,479.494738235243,373.569322033447,524.351024404363,295.739013593439,378.678528690472,263.516700020042,284.195124391549,336.867054457184,391.742358107441,485.565082558298,130.945287806103,168.985491204596,192.292242520534,244.484759147401,642.268574798334,287.403595475461,477.604465506069,261.169195567685
435.697844963667,433.482078160217,392.935049928176,174.253248946834,127.02490018782,323.268324767151,309.492553259681,45.465100075912,357.626499479221,434.65759315899,450.738056568063,204.337539756509,479.493929491648,373.566713083106,524.349304376999,295.736625523733,378.677698386594,263.508848146206,284.191106951973,336.86426187252,391.732572844195,485.552409895166,130.944196876962,168.982900623434,192.291045235879,244.484078346304,642.266826324897,287.400121691736,477.603817273476,261.168324908121
