26750.0008378853,232.625664165856,788787.857602959,3414653.89032681,15855.4164618615,6719633.06985588,63501829.0098681,8063908.60262448,5698678.44826893,2177120.69508512,293.634182845717,715937.742859588,17854.1521024485,245647.110186053,4714.84197032681,4336.16683499633,3096.83327195818,55.328216649993,49348296.7379595,2070055.42839182,7941024.98150216,1104636.19587771,133189233.319698,754.738254140683,19410346.5742962,183717974.515291,5097.09510718743,391.135582719282,2418.9613172478,71237895.9426829
66.6580566581092,178.669685289925,3163.56013942716,1986.93314348891,72.851690704756,31344.4457071814,1596418.14559238,524.665932991108,340.305122418705,202.527732112997,257.889196149833,560.398554287434,49.5971242838818,158.851036272116,356.424343187817,167.325093587959,198.16754960878,43.412947770456,62997.8197096952,158.044392830147,525.353469225491,166.716745377134,3656447.87473764,174.653675737774,28872.1965286706,1967674.15889496,249.868572236516,248.122098350848,180.021265556156,164681.937521438
58.5108304939545,167.841576576719,402.826531781771,43.5951973004326,53.2516949933679,78.698876434823,556.471762637113,375.379567286574,31.7449538921619,61.5372550861243,251.103370529482,122.676610568549,49.5971242838818,158.851036272116,118.776450461386,167.325093587959,198.16754960878,43.412947770456,413.384421645198,67.8329263583628,81.4900924556741,166.716745377134,8878.82240621078,168.851301518866,394.874765403507,199.751479966773,188.884419446741,86.3479068665006,180.021265556156,329.784788518494
31.5250084135314,151.942397336358,45.3750288783403,43.5951973004326,36.2719692332357,60.7813010359282,107.696404884983,67.5540906161541,31.7449538921619,45.0664725727288,250.491336488607,53.6076250912361,49.5971242838818,44.7929411052055,87.220518416319,149.648569885775,39.6372740737179,40.7977458851765,64.519782678753,45.4504658789715,61.923766841408,61.4869688976501,290.671660148094,161.036421557538,50.8010707675226,199.751479966773,39.9672167136087,39.7777526248769,55.9832918432553,51.4205258210486
31.5250084135314,148.380400037028,33.8565259743532,38.2414207000115,29.7688481669325,27.7983987374496,107.696404884983,33.1786142335591,31.7449538921619,37.6989212395074,248.519241837776,34.6518799527212,42.8560653146842,41.373203552067,34.7680316500528,149.648569885775,32.2278630109686,29.6142929416696,33.3627094695885,41.0933439437722,40.2003448354048,37.01515058819,31.3568637320209,144.408175380973,42.4675435283061,41.6154599372862,39.9672167136087,39.47505104326,43.3909376980378,27.5215475227551
24.3855242234822,146.004862186694,27.7503530137469,27.6020887797895,25.7105286581682,26.3537001159302,107.696404884983,31.992419462616,30.1065977006151,19.3901529624568,245.804495742821,21.6114452698107,34.1159890794675,29.3174363779294,28.1001332108704,145.07605159489,21.1499370999572,14.0289034439138,27.0510479183731,35.0456384857389,30.0928430885238,35.3966623154038,30.2177478062513,144.408175380973,34.0665149145698,28.5467026596302,14.313175222615,27.8319320453534,37.1646529022682,27.5215475227551
12.7922143378423,144.133900677943,26.6315453436132,25.3403155552378,25.321868606412,23.1584767447603,107.696404884983,26.9544709416582,26.1932363080036,19.3901529624568,241.569372381817,16.0982757568636,27.3470628183122,28.0998378862855,22.6377130700039,144.071807991498,21.1499370999572,6.86074262238253,23.8913243944021,28.7375063305981,24.3590607677229,30.9965137226545,26.5405291764164,140.649437088104,29.309314212499,23.5598946159762,10.4916391412517,25.5589841087635,31.7896662467629,26.8463005722542
2.27557458456977,141.949291848657,24.2512205664621,23.0900312908079,24.5806598652189,22.7060150731972,107.696404884983,25.2203358201787,23.4338075069982,19.3901529624568,238.861241070495,10.2507098167966,26.2616504790362,23.5269631407,21.8789975229765,141.771537416643,5.45907916523265,6.65961951892405,23.4927979029649,22.7778617478675,24.3042669681331,28.0331211042931,25.2520441279689,140.425898735727,27.5387271405893,21.8424782742272,3.69357328505794,24.7712674715135,30.1198082178089,23.0535912699588
1.8956211499858,141.657438804428,23.8596933507474,22.5417283706247,24.5806598652189,22.6002550428452,107.696404884983,25.2203358201787,23.2417216240933,19.3901529624568,238.648065209029,5.39821195520517,23.7815393721921,22.9668523701694,21.4168793826534,141.56508041675,2.48149872426347,3.88324629089539,22.9893889996324,22.4541898429898,23.7916226089737,26.7750273510119,22.9920196616686,139.860835021308,26.391868848249,20.7579806312733,3.52236878892973,21.7330174231465,27.5400758552528,22.8047003148308
1.33715925356819,139.890521270471,22.6626658143537,22.2003648101281,21.8762798790553,21.1812336850548,107.696404884983,22.207140847278,21.5907701426931,19.3901529624568,237.636655381114,2.48824481677275,20.7370863362653,22.9090344172655,20.5684678173184,140.506354764205,2.3592635736768,0.429323932253737,20.7996878286899,22.1507719510341,20.9315057991721,23.611856602658,21.8339590699393,138.786132521544,22.7222316153693,20.3258497696406,2.14470462090821,21.6289036413596,21.5320768154543,21.0820449381549
0.77657703650948,138.792761222608,20.309079542667,21.1241903902546,21.7614084614888,20.1366375679663,107.696404884983,21.6731262584985,20.6167106967951,19.3901529624568,237.430699928737,1.67123507425549,20.4390655138495,20.8825564952599,20.4805412552014,140.070714098878,0.864436863688752,0.279778639561755,20.700095374445,22.0976399308088,20.7523476681472,20.4698261100934,21.621324799622,138.703205559023,22.4789557824142,20.2042325593006,1.21116702515019,20.2664180822503,20.3964511621584,21.0014966013546
0.70753409527606,138.698508842054,20.2336997012703,20.950531562411,21.0479259437375,20.0447094893625,107.696404884983,21.6143046116231,20.5454778733242,19.3901529624568,237.382799946367,1.61249156183703,20.4027879180512,20.7957986890156,20.4674856870815,140.028919100901,0.680389063982147,0.242503452681831,20.6753545030224,21.862912126614,20.7308406490361,20.2054511959723,21.568443826046,138.638477728098,22.4136276354302,20.1784518818868,1.12532412519022,20.0900165976946,20.3400170292184,20.9613115203133
0.687338197481949,138.687334159679,20.1961726233708,20.9246241578026,20.9785533143136,20.0343075786818,107.696404884983,21.596038008187,20.5302035745531,19.3901529624568,237.373771894811,1.59060724092296,20.3765788073133,20.7687688086844,20.4636159489619,140.018598465706,0.658116472796792,0.217181865677503,20.6694204266832,21.8430467767867,20.7155454453741,20.1654446057514,21.5544844687915,138.609639542799,22.394563651987,20.1668222173171,1.08956843249189,20.0640547353487,20.3218599840716,20.9428955392586
0.681368620422745,138.673591775622,20.19030545342,20.9138457599843,20.9712018839241,20.0333965594509,107.696404884983,21.5938400400378,20.5223656739281,19.3901529624568,237.369219370345,1.58298300672914,20.3713814419229,20.7595356511301,20.4572623441873,140.013866894657,0.65402166019976,0.211973971459429,20.6642621500541,21.8235251849073,20.7093630642748,20.1572404439821,21.551746379047,138.602719029003,22.3911620238209,20.1643238637052,1.07842454799584,20.0523504604939,20.3140496860347,20.9360285518419
