1347.04831637484,1440.87401896175,1381.34049113189,1648.19421880684,1558.61692344971,1020.7538294312,1885.64431768015,1356.18347720783,1517.64087656795,1988.89886189533,2121.47003383952,1478.54365325734,2016.5074410258,1369.86101251375,1382.02267911309,1376.74260590144,1821.28435953433,1568.69097564476,2279.38905022065,1641.80183897403,2002.54091740456,955.032228764505,1795.12199601421,1534.80447517626,1990.37585838157,1580.67116314929,1468.82697195385,1657.77885774176,1962.66053458127,1753.13805476591
1347.04831637484,1440.87401896175,1381.34049113189,1648.19421880684,1558.61692344971,1020.7538294312,1885.64431768015,1356.18347720783,1517.64087656795,1747.96853203544,1619.60222432012,1478.54365325734,1835.20657483374,1369.86101251375,1382.02267911309,1132.83725042482,1661.55421090646,1498.45838351205,2279.38905022065,1641.80183897403,1677.55020435742,955.032228764505,1795.12199601421,1003.61325518343,1990.37585838157,1580.67116314929,1468.82697195385,1657.77885774176,1789.47686002914,1753.13805476591
1347.04831637484,1440.87401896175,1381.34049113189,997.842947108052,1529.01417121778,1020.7538294312,1885.64431768015,1356.18347720783,1517.64087656795,1747.96853203544,1619.60222432012,1056.84700768468,1835.20657483374,1245.78002099758,1382.02267911309,1132.83725042482,1404.97772652882,1498.45838351205,2279.38905022065,1171.3746079861,1651.25804506081,955.032228764505,1497.68202969059,1003.61325518343,1501.22687844891,1155.05797948081,1468.82697195385,1657.77885774176,1067.0476102471,1168.83332011153
1347.04831637484,1255.90943678398,1201.75287836598,997.842947108052,1433.60165957081,1020.7538294312,1218.7566656355,1346.42086077073,813.595013315552,1285.13108568435,1329.54427291796,1056.84700768468,1194.81297306595,1173.74626929907,1244.43871580776,887.295708428321,1404.97772652882,1067.65499984258,1482.92157794089,1124.70608479948,1550.44592098211,955.032228764505,1497.68202969059,1003.61325518343,1501.22687844891,1127.51335951312,1298.69776594205,1409.82488733599,1067.0476102471,1168.83332011153
884.140719186107,1250.43966931793,1098.48307535239,997.842947108052,1366.89056396736,824.683237096174,904.77556689309,1306.27725908249,813.595013315552,1285.13108568435,1092.56863269107,994.857532884973,1194.81297306595,1142.26678581645,1042.61653299802,887.295708428321,1064.76545745992,1067.65499984258,1350.95784662869,917.156755389587,1115.39198787054,955.032228764505,1281.03137444099,1003.61325518343,763.270488390501,1127.51335951312,1298.69776594205,1171.40990117342,893.345443537314,1107.24960287022
884.140719186107,865.590814606638,908.084036669116,997.842947108052,1208.76068292084,824.683237096174,809.771854276095,1180.51441493393,813.595013315552,920.348668984228,1029.18860380121,832.494041309528,1055.88988349916,866.839628014567,1042.61653299802,887.295708428321,974.62422986087,886.532378477795,1157.5920605556,917.156755389587,909.235560360331,955.032228764505,1198.57066368127,873.221284517641,763.270488390501,1127.51335951312,1161.90273523727,1171.40990117342,676.472278409793,879.449915676494
717.335132779941,594.703697114796,787.16680668813,703.825893113895,576.708998850855,647.715841375462,809.771854276095,878.163949540512,686.19113018575,872.855223272914,547.960387751463,623.164980045117,587.895296238191,665.738266118887,680.058825138,733.454902306466,513.715298285668,549.358104826732,821.32995807688,733.407800680804,613.440764994262,780.124471865088,565.484481629995,669.13102571732,644.248255052033,674.600208102888,879.555343108791,742.229106305909,521.498183427899,685.619986261898
457.925618860109,442.85180737491,453.590784301603,427.240808565281,375.559285146431,449.490353108594,574.163731768953,548.698456312355,424.217529001552,500.356426713334,422.117465030644,429.409816154091,417.433935328554,494.415541283993,489.482230404124,541.067072147585,432.881984898407,364.026156474787,624.018074978996,549.2840781832,416.879709289959,507.407322731992,461.064468538093,481.024750257961,438.114487890705,509.291030494374,566.165582427962,572.707912531827,374.837274242002,439.863628179127
331.177727657434,335.07504153721,327.331376877465,340.525387778583,314.275663525077,298.34130479945,342.206015506443,316.612439712409,282.742821327364,328.500117785524,286.543574670003,304.987483668186,303.845214859587,313.785549374685,324.813727542476,334.059304967238,334.966645861397,284.41763088714,421.115375429478,363.128267771241,298.276694176144,324.857764953157,343.779837869645,345.520965552837,324.58327753944,326.726857158238,348.659612203538,341.043721506866,275.56214361641,322.813332313429
258.429535381288,256.902091555599,248.719991957928,267.242281033071,259.897919605629,245.224622444091,270.834867614692,255.220137933577,253.634105186559,251.254108359822,251.505011229309,249.851165185346,254.166456091369,257.159645264592,257.946833437173,252.140760350801,264.644856558386,248.186445579202,300.479054185805,300.693171058361,251.575491409911,260.046663719558,263.085134274485,278.585060339186,264.383683341155,268.357994771346,271.795404102034,258.71965202877,235.531189537347,277.74695486468
246.286909142171,240.849458662139,244.175245080815,259.921097653923,253.027299835528,241.393524644327,241.78110655788,246.228684054185,251.137167160551,237.303330485328,248.738772969336,241.622837179904,249.841195381929,252.178195581237,250.677340963085,236.055326954367,263.442345140156,246.894558855524,264.787755939301,263.933416761671,245.631239512084,242.31595813497,250.05054873524,261.777917655933,259.432501269279,243.546781118018,241.295095353646,242.445981299041,232.310024131395,262.213321737156
246.159757718903,240.682516958263,244.17510471678,259.889030326081,253.019074261468,241.393524644327,241.272715549508,246.228467812025,250.154485973598,237.303252357586,248.728040077336,241.621896630651,249.841195381929,252.104654215753,250.676290645469,235.935579651046,263.442342892697,246.894558805175,264.74287950268,263.929877178887,245.584467216458,242.214806035053,249.962767386052,261.682601300742,259.432498057164,243.312316528814,241.128727690481,242.143406149348,232.297233003061,261.99066976899
246.159757718903,240.682506930459,244.17510471678,259.889024339832,253.019074261468,241.393524644327,241.27206919594,246.228467812025,250.148044245793,237.303252357586,248.72803906544,241.621896630651,249.841195381929,252.104555470589,250.676290645469,235.935579651046,263.442342782327,246.894558804113,264.74287950268,261.602298041257,245.584441340621,242.214780314983,249.96272773271,261.682599253246,259.432498057164,243.312257513834,241.128603874897,242.142167910112,232.297231798406,261.990100201099
246.159757718903,240.682506930459,240.447042294871,259.889024339832,248.965310103019,241.170250226939,241.27206919594,244.773359134749,250.148044245706,237.303252357586,248.728039060498,240.601953800905,249.841195381929,252.104555470589,249.114606044594,235.935579651046,260.457744681335,246.894558804113,264.74287950268,261.602297879049,245.584441340621,242.214780314983,249.96272773271,261.682599253246,255.62457053275,243.312257513834,241.128603874897,242.142167910112,232.297231790057,261.990100201099
244.920517086364,240.682506930459,240.447041324268,259.889023910476,248.965310039002,241.170250226939,241.272069059771,244.767243241545,250.148044245706,235.587919271204,248.728039058662,240.601643067433,249.841195381929,252.104555128939,249.090024885264,235.287703592388,260.457744681332,246.558667094409,264.305105710675,261.602297879049,245.584441333058,242.214780275276,249.962727626307,261.682599253246,255.297601408217,243.312257494435,241.128603837232,242.142167743018,232.297231786599,261.990098055496
244.920517086364,240.079577704566,236.561088203443,259.889023910476,239.22965458164,232.498986081265,241.272069059771,244.767243241545,249.614871782333,235.587919271204,248.728039058662,238.173597065841,247.372192443904,252.104555128939,249.090024885264,235.287703592388,251.002628500291,246.558667094409,264.305105710675,241.817654324857,245.584441333058,242.214780275276,249.962727626307,260.962015065848,255.297601408217,243.312257494435,241.128603837232,242.142167743018,232.297231786598,233.227664204097
