392.983149767937,442.85180737491,388.842124136385,406.168405462995,338.830453269929,382.00142996917,497.485415965199,401.167919836887,349.500515323537,426.190574072057,411.825928936629,391.691562751466,345.667964417667,436.88488204946,400.450110036207,445.905702170243,380.16160115019,344.658600562987,501.449417097785,470.7252138436,364.362230361874,469.575375425096,406.144649116055,418.977626006346,377.918374772688,448.437556004496,480.948763810606,472.818148947304,343.35526721777,380.563946011921
289.803673137831,283.332696298106,271.767008864723,291.705233246253,291.255671819375,271.299030281361,312.325287897384,278.855066324625,261.402363287885,291.204922619328,270.503038846121,269.589671049249,278.927392883905,278.365693636126,275.47527999684,270.715806063624,297.615272439554,263.880111832235,370.84324116363,355.040524767171,261.966261393171,290.089123812994,284.326945073879,316.6091633672,288.704298968592,292.079152695188,310.107038170086,325.457158553203,258.789290338547,290.41744830975
253.666826725396,256.3154978458,247.123581095918,263.172586203187,256.848893625201,243.576452638429,261.279122496299,253.297315267079,252.670265053491,244.78590114483,250.218022975646,245.285670239367,253.138237821333,254.604902007472,254.036436349979,248.31318795705,264.264786030132,247.479063345078,293.494591769781,290.517235367293,249.151267811323,255.965306789396,254.975527975467,271.31493595656,260.06851150966,256.532154210653,256.234862662543,252.544062261386,233.809738586665,271.319463419312
246.286909142171,240.849458662139,244.175245080815,259.921097653923,253.027299835528,241.393524644327,241.78110655788,246.228684054185,251.137167160551,237.303330485328,248.738772969336,241.622837179904,249.841195381929,252.178195581237,250.677340963085,236.055326954367,263.442345140156,246.894558855524,264.787755939301,263.933416761671,245.631239512084,242.31595813497,250.05054873524,261.777917655933,259.432501269279,243.546781118018,241.295095353646,242.445981299041,232.310024131395,262.213321737156
246.159757718903,240.682508051209,244.17510471678,259.889024684282,253.019074261468,241.393524644327,241.27223674919,246.228467812025,250.148777876977,237.303252357586,248.728039300166,241.621896630651,249.841195381929,252.104585510234,250.676290645469,235.935579651046,263.442342833421,246.894558805175,264.74287950268,262.83971890113,245.584445040693,242.214784231221,249.962734630669,261.682599565154,259.432498057164,243.312270701406,241.128629685835,242.142568866549,232.297231913752,261.990260327156
246.159757718903,240.682506930459,244.17510471678,259.889024339832,253.019074261468,241.393524644327,241.27206919594,246.228467812025,250.148044245707,237.303252357586,248.728039060498,241.621896630651,249.841195381929,252.104555470589,250.676290645469,235.935579651046,261.388725464323,246.894558804113,264.74287950268,261.602297879074,245.584441340621,242.214780314983,249.96272773271,261.682599253246,259.432498057164,243.312257513834,241.128603874897,242.142167910112,232.297231790057,261.990100201099
246.159757718903,240.682506930459,240.44704260532,259.889024339832,248.965310125801,241.170250226939,241.27206919594,244.77538820602,250.148044245706,237.303252357586,248.728039060498,240.602169276342,249.841195381929,252.104555470589,249.127744332042,235.935579651046,260.457744681337,246.894558804113,264.74287950268,261.602297879049,245.584441340621,242.214780314983,249.96272773271,261.682599253246,255.774622576404,243.312257513834,241.128603874897,242.142167910112,232.297231790057,261.990100201099
244.920517101239,240.682506930459,240.447041324268,259.889023910476,248.965310039002,241.170250226939,241.27206906923,244.767243241548,250.148044245706,235.587919304597,248.728039060498,240.601643067433,249.841195381929,252.104555128939,249.090024885285,235.287703715236,260.457744681332,246.558667094409,264.305105711228,261.602297879049,245.584441333058,242.214780275318,249.962727626307,261.682599253246,255.297601408383,243.312257494547,241.128603837869,242.142167755171,232.297231790057,261.990098055616
244.920517086364,240.682506930459,240.447041324268,259.889023910476,248.965310039002,241.170250226939,241.272069059771,244.767243241545,250.148044245706,235.587919271204,248.728039058662,240.601643067433,249.841195381929,252.104555128939,249.090024885264,235.287703592388,260.457744681332,246.558667094409,264.305105710675,261.602297879049,245.584441333058,242.214780275276,249.962727626307,261.682599253246,255.297601408217,243.312257494435,241.128603837232,242.142167743018,232.297231786599,261.990098055496
244.920517086364,240.682506930459,240.447041324268,259.889023910476,248.965310039002,241.170250226939,241.272069059771,244.767243241545,250.148044245706,235.587919271204,248.728039058662,240.601643067433,247.68536120016,252.104555128939,249.090024885264,235.287703592388,260.457744681332,246.558667094409,264.305105710675,261.602297879049,245.584441333058,242.214780275276,249.962727626307,261.682599253246,255.297601408217,243.312257494435,241.128603837232,242.142167743018,232.297231786599,261.990098055496
244.920517086364,240.682506930459,240.447041324268,259.889023910476,248.965310039002,241.170250226939,241.272069059771,244.767243241545,249.614871782333,235.587919271204,248.728039058662,240.601643067433,247.372372330047,252.104555128939,249.090024885264,235.287703592388,260.457744681332,246.558667094409,264.305105710675,261.602297879049,245.584441333058,242.214780275276,249.962727626307,261.682599253246,255.297601408217,243.312257494435,241.128603837232,242.142167743018,232.297231786599,261.990098055496
244.920517086364,240.079577704566,240.447041324268,259.889023910476,248.965310039002,241.170250226939,241.272069059771,244.767243241545,249.614871782333,235.587919271204,248.728039058662,240.601643067433,247.372289298931,252.104555128939,249.090024885264,235.287703592388,260.457744681332,246.558667094409,264.305105710675,261.602297879049,245.584441333058,242.214780275276,249.962727626307,260.962015065848,255.297601408217,243.312257494435,241.128603837232,242.142167743018,232.297231786599,261.990098055496
244.920517086364,240.079577704566,240.447041324268,259.889023910476,248.965310039002,241.170250226939,241.272069059771,244.767243241545,249.614871782333,235.587919271204,248.728039058662,240.601643067433,247.372192443904,252.104555128939,249.090024885264,235.287703592388,251.86760373964,246.558667094409,264.305105710675,241.817654324857,245.584441333058,242.214780275276,249.962727626307,260.962015065848,255.297601408217,243.312257494435,241.128603837232,242.142167743018,232.297231786598,261.990098055496
244.920517086364,240.079577704566,236.561088203443,259.889023910476,239.22965458164,232.498986081265,241.272069059771,244.767243241545,249.614871782333,235.587919271204,248.728039058662,238.173597065841,247.372192443904,252.104555128939,249.090024885264,235.287703592388,251.002628500291,246.558667094409,264.305105710675,241.817654324857,245.584441333058,242.214780275276,249.962727626307,260.962015065848,255.297601408217,243.312257494435,241.128603837232,242.142167743018,232.297231786598,233.227664204097
