62.2487332068407,61.7127035287489,61.7849550450237,59.3127339504512,63.4310517878043,62.8562815265286,62.2756439265881,61.444670581429,61.0710124430128,63.2626103904259,61.5185438478029,61.3900106594385,64.0489587431101,59.0704216640064,62.4289360716402,57.7268267405624,56.1611469103582,66.2200298673452,64.7166013333818,76.1373414718762,53.9014829379164,57.8321689251078,71.214098765607,58.9997900616596,57.758871932146,58.2000537866094,57.3041987385839,61.6487756635755,59.0366840310135,68.0643569730174
46.6730212158406,49.4164025189042,49.4509549773311,49.3170212835922,49.5017839667684,49.3426685638791,49.5504328361368,49.4477475495531,49.523781641856,49.5897404749642,49.4213880934956,47.400102306819,49.4634126916493,49.6812360278306,49.5402778187433,49.5408740299966,45.3660390058483,49.307661163934,49.5025318383824,49.6280451811257,49.3709617718474,45.7655229285079,49.3854406856998,49.4742209996025,49.4636233494856,49.4855156621964,49.554465884041,49.504767456677,49.3442394472303,45.7580163894705
45.0299107035453,49.1103739753407,49.1059037711078,49.1076270988121,49.1254608917968,45.0724465820326,49.1144506435152,49.1187280827542,49.1142068821261,49.1180008581017,49.1238150394851,44.9597055088738,49.1149613025282,49.1353366521312,49.1148858674147,49.1270012079704,44.9249950035614,45.0292138425057,49.1224271207406,49.121563923016,49.1141241171132,44.9357732600087,45.3365672714784,49.1114876277923,49.1037950712417,49.1184865255938,49.1147845088188,49.1055935991761,49.1092365508104,44.9522933363638
44.8956843737209,49.0846055814551,49.0846054315385,49.0845515308759,49.0846341933785,44.8958943422247,49.0846557718854,49.0846047819863,49.0845810855877,49.0846248574236,49.0845774801032,44.8956373876465,49.0846326869873,49.0847094587895,49.0846334648444,49.0846188655549,44.8955931475102,44.8957804676931,49.0846555416122,49.0845832962105,49.0845843609345,44.8955975694578,44.8959485158438,49.0846852648752,49.0846438820753,49.0846282769368,49.0845745772501,49.0845607058786,49.0846193684132,44.8956995655027
44.8954693984249,49.0844790229305,49.0844791208572,49.0844790444924,49.0844791947052,44.8954693863852,49.0844790205831,49.0844790354987,49.0844791155467,49.084479107365,49.0844790225484,44.8954694110838,49.08447907864,49.0844790864448,49.0844790995143,49.0844790485293,44.895469439215,44.8954694775451,49.0844790996546,49.084479037412,49.0844790602883,44.8954693593744,44.8954693261162,49.0844790529612,49.084479060152,49.0844790815016,49.0844790553228,49.0844790518769,49.0844790865129,44.8954694771097
44.8954693470556,49.0844789845809,49.0844790021629,49.0844790058299,49.0844790336747,44.8954693672191,49.0844789853508,49.0844789824158,49.0844789897319,49.0844789996552,49.0844790225484,44.8954693479649,49.0844789913573,49.0844790286308,49.0844789805343,49.0844789883411,44.8954693245553,44.8954693602952,49.0844789929876,49.0844790045116,49.0844790008796,44.8954693583298,44.8954693261162,49.0844790413857,49.0844790446175,49.0844789987112,49.0844790296586,49.0844790306238,49.0844790002169,44.8954693628372
44.8954693470556,49.0844789845809,49.0844790021629,49.0844790058299,49.0844790199114,44.8954693596214,49.0844789853508,49.0844789824158,49.0844789897319,49.0844789996552,49.0844790136935,44.8954693479649,49.0844789913573,49.0844789794813,49.0844789794812,49.0844789883411,44.8954693245553,44.8954693602952,49.0844789929876,49.0844790045116,49.0844790008796,44.8954693340243,44.8954693261162,49.0844790379001,49.0844790394137,49.0844789987112,49.0844790296586,49.0844790306238,49.0844790002169,44.8954693174514
44.8954693174513,49.0844789794813,49.0844789794813,49.0844789794813,49.0844789794812,44.8954693174513,49.0844789794813,49.0844789794813,49.0844789794812,49.0844789794813,49.0844789794813,44.8954693174513,49.0844789794813,49.0844789794812,49.0844789794812,49.0844789794813,44.8954693174513,44.8954693174514,49.0844789794813,49.0844789794812,49.0844789794813,44.8954693174514,44.8954693174513,49.0844789794813,49.0844789794813,49.0844789794812,49.0844789794813,49.0844789794812,49.0844789794812,44.8954693174513
44.8954693174513,49.0844789794812,49.0844789794812,49.0844789794812,49.0844789794812,44.8954693174513,49.0844789794812,49.0844789794812,49.0844789794812,49.0844789794812,49.0844789794812,44.8954693174513,49.0844789794812,49.0844789794812,49.0844789794812,49.0844789794812,44.8954693174513,44.8954693174513,49.0844789794812,49.0844789794812,49.0844789794812,44.8954693174513,44.8954693174513,49.0844789794812,49.0844789794812,49.0844789794812,49.0844789794812,49.0844789794812,49.0844789794812,44.8954693174513
44.8954693174513,49.0844789794812,49.0844789794812,49.0844789794812,49.0844789794812,44.8954693174513,49.0844789794812,49.0844789794812,49.0844789794812,49.0844789794812,49.0844789794812,44.8954693174513,49.0844789794812,49.0844789794812,49.0844789794812,49.0844789794812,44.8954693174513,44.8954693174513,49.0844789794812,49.0844789794812,49.0844789794812,44.8954693174513,44.8954693174513,49.0844789794812,49.0844789794812,49.0844789794812,49.0844789794812,49.0844789794812,49.0844789794812,44.8954693174513
44.8954693174513,49.0844789794812,49.0844789794812,49.0844789794812,49.0844789794812,44.8954693174513,49.0844789794812,49.0844789794812,49.0844789794812,49.0844789794812,49.0844789794812,44.8954693174513,49.0844789794812,49.0844789794812,49.0844789794812,49.0844789794812,44.8954693174513,44.8954693174513,49.0844789794812,49.0844789794812,49.0844789794812,44.8954693174513,44.8954693174513,49.0844789794812,49.0844789794812,49.0844789794812,49.0844789794812,49.0844789794812,49.0844789794812,44.8954693174513
44.8954693174513,49.0844789794812,49.0844789794812,49.0844789794812,49.0844789794812,44.8954693174513,49.0844789794812,49.0844789794812,49.0844789794812,49.0844789794812,49.0844789794812,44.8954693174513,49.0844789794812,49.0844789794812,49.0844789794812,49.0844789794812,44.8954693174513,44.8954693174513,49.0844789794812,49.0844789794812,49.0844789794812,44.8954693174513,44.8954693174513,49.0844789794812,49.0844789794812,49.0844789794812,49.0844789794812,49.0844789794812,49.0844789794812,44.8954693174513
44.8954693174513,49.0844789794812,49.0844789794812,49.0844789794812,49.0844789794812,44.8954693174513,49.0844789794812,49.0844789794812,49.0844789794812,49.0844789794812,49.0844789794812,44.8954693174513,49.0844789794812,49.0844789794812,49.0844789794812,49.0844789794812,44.8954693174513,44.8954693174513,49.0844789794812,49.0844789794812,49.0844789794812,44.8954693174513,44.8954693174513,49.0844789794812,49.0844789794812,49.0844789794812,49.0844789794812,49.0844789794812,49.0844789794812,44.8954693174513
44.8954693174513,49.0844789794812,49.0844789794812,49.0844789794812,49.0844789794812,44.8954693174513,1.13686837721616e-12,49.0844789794812,49.0844789794812,49.0844789794812,49.0844789794812,44.8954693174513,49.0844789794812,4.54747350886464e-13,1.13686837721616e-13,49.0844789794812,44.8954693174513,44.8954693174513,49.0844789794812,49.0844789794812,49.0844789794812,44.8954693174513,44.8954693174513,49.0844789794812,49.0844789794812,2.8421709430404e-13,49.0844789794812,49.0844789794812,49.0844789794812,1.47792889038101e-12
