104.239900145021,98.8717433500195,100.874430403388,96.2457386772644,101.812599377135,99.1232877142288,119.762665460463,117.699111195121,104.342835401495,111.839272541621,103.377581577567,120.651836624063,131.057083910778,98.093182866776,119.141360319369,121.458781352143,102.596288231166,116.046707576151,107.358090281758,106.01422089113,105.822938419342,96.794022974969,122.77115885544,108.168907161702,128.159716811832,99.8308471662401,104.659011936888,92.4410830925655,119.665525777598,117.591976317119
104.239900145021,98.8717433500195,100.874430403388,95.9013893791657,101.812599377135,99.1232877142288,102.989622814403,117.699111195121,104.342835401495,111.839272541621,103.377581577567,113.4263202795,131.057083910778,98.093182866776,111.193150428101,98.5316429275208,102.596288231166,111.003975737392,107.358090281758,106.01422089113,105.822938419342,96.794022974969,122.77115885544,90.1878135950835,128.159716811832,99.8308471662401,104.659011936888,92.4410830925655,119.665525777598,106.096285199397
94.8912774311588,98.8717433500195,100.874430403388,85.961477364258,101.812599377135,99.1232877142288,102.989622814403,117.699111195121,104.342835401495,111.839272541621,103.377581577567,86.9524360692791,131.057083910778,98.093182866776,111.193150428101,88.6449263016252,102.596288231166,109.397166477856,107.358090281758,102.829165410909,105.822938419342,96.794022974969,122.77115885544,85.8667268243875,124.689741319397,82.4534150111157,104.659011936888,92.4410830925655,119.665525777598,106.096285199397
91.3499444922675,92.9356628123433,96.6913409816855,79.2069413154658,95.9837611847498,99.1232877142288,102.970462342288,112.420953768454,97.2767127278703,105.304187470097,95.7583232938799,86.9524360692791,112.340274661526,94.0325374793134,97.3776147448652,80.6638772865358,102.596288231166,84.9055735127683,104.697335928259,82.861731763994,104.131084377584,80.8853032690076,121.639646810246,85.8667268243875,112.5784321073,81.90799957305,83.0294771483042,92.4312654624396,102.151998234537,104.552987952106
82.3574683797657,91.9169343398938,85.1446014869014,79.2069413154658,87.0332619360915,98.6687796822091,86.9605811439092,100.651551670698,87.7796754508079,70.0543334047173,95.6141589158725,84.9060784146332,98.0547197403878,85.9755125026544,85.4199168760301,80.6638772865358,102.596288231166,84.9055735127683,97.8602002474564,82.861731763994,84.6213584466122,80.8853032690076,92.8577719543525,85.5238480801551,111.922586182167,81.90799957305,83.0294771483042,91.6308271428104,92.2821109140167,90.6674919736528
75.778359680094,91.0147618838328,84.0515895077083,79.2069413154658,76.6915614538577,88.6303498877837,84.2394341981786,86.7752426517317,87.7796754508079,70.0543334047173,73.8862423521987,72.6976640013295,92.1275312816431,62.3439574174365,70.3283678083957,77.5368533023797,83.8102318919475,69.3229959521454,85.1240512845865,78.5243977231215,74.6482284248233,76.9818341641845,59.494815324497,64.7323333080933,103.34625548609,81.90799957305,75.2732606883056,89.0505309660184,78.5298460328784,71.1083995564968
46.0756910494315,66.7298276045484,65.6556229740355,70.0095008735786,71.1042540749454,68.7839627796621,66.3329726267244,62.2195248189446,53.9117782332411,70.0543334047173,56.4368256599448,56.3764916287447,62.5396545082274,62.3439574174365,63.8521566077142,61.6347159501643,62.7527415646346,62.7155211164795,64.0755038593268,64.0415063632131,65.0377429098151,62.5207449775749,47.6957243077826,60.1078480061292,76.7346844992251,64.4452011968575,66.1625739898848,64.9711119380241,71.5808694557595,47.6716366996061
24.2863558184325,36.8126035915354,34.5018915117989,38.0938513440223,35.5807870238235,33.2553394472301,38.9242413928183,28.8858905593033,36.1815928836197,48.4286565505738,35.4143948034204,43.7663061472679,41.9273397915071,31.4349032978893,35.0611026043426,28.1583471141652,34.1551637984289,36.6643458643351,39.6509894319197,38.7652803337506,32.1417240429021,34.0709145815594,36.7804681451955,23.8234402337539,48.8345523619552,43.9548321552736,32.7907194443446,27.0054687097823,40.2227900001855,29.9691528859097
9.07144087615518,9.34629176344197,6.91110624084013,16.5753014460885,10.1510862103705,12.3023013417528,10.6329382548074,7.67514910187981,5.5818383112869,12.2050734351669,9.74407950362365,16.4727761684719,7.2850030279933,6.47518226164846,9.31039248633829,13.8514414298229,11.4176039220332,8.98236670458994,10.1243995709349,16.1877921160902,7.17909716613201,12.5788590357727,9.681182503841,7.66496258408858,16.7169266759288,11.3865486794118,7.83608471560694,7.85538941632956,10.0572901403189,8.46744217636081
1.51780685751601,1.97308556913424,1.73834026186057,1.97073551406879,2.08401198909201,2.26135403089768,2.06587941166629,2.03150652114505,2.06614348845073,2.73372084416985,1.76951665942124,4.02446217687452,1.52372707179904,1.55914714103051,1.90797726521896,2.19091413877993,1.60952960734448,1.75660085858476,1.31457476024741,2.78824158522195,1.90169894747282,2.37460523808898,2.18674211879181,1.83756976204381,2.77103175373816,1.67015061995517,2.03455212641381,1.69248230724816,1.8440413626231,1.79569447509573
0.163776476663088,0.267228686493809,0.284358704238116,0.302408967695101,0.237814495229827,0.271568709004214,0.197456995262655,0.219916959851616,0.195790247643345,0.270288429532116,0.279835140471391,0.895396343365292,0.16987802477297,0.269492218555683,0.227938222301646,0.300173548309886,0.199064344625299,0.209236103795888,0.161737424933222,0.403176174383475,0.260077644201374,0.211535154137209,0.170850839159812,0.209916839087896,0.203061533550681,0.170364047785483,0.261954964926304,0.165706380542815,0.28478769068181,0.201281273628638
0.00287983490022725,0.00459910645997752,0.00598047453740946,0.00759141282048859,0.00569458936638512,0.00483742840219747,0.00389071609242819,0.00482326528651811,0.00474349312196409,0.00488935494888665,0.00802190265676472,0.330688813285178,0.00492449640432824,0.0257149394030876,0.0057826112396242,0.00457388858637842,0.00432360807553778,0.00501157866017365,0.00299107506452856,0.00737210707495706,0.0039286601082722,0.00508251184066921,0.00370360264207648,0.00333122385632123,0.00510997463379681,0.00395828119235375,0.00507028407275811,0.00510855069455829,0.00572242342150275,0.00425130585756506
0.00010052147240458,0.000638356497120185,0.000304145535778844,0.00213779765147137,0.00040581624978131,1.13278456410626e-05,0.000494631831429615,0.000215535337474648,0.00118979110879991,0.00152898637531962,0.00292568585382469,0.254399593218068,0.000161537244707688,0.0111523233013031,0.0010359172065364,0.000198644968463668,0.000188249727216316,1.03143621572599e-05,1.19784106118459e-05,0.00229989761226079,6.96578681527171e-05,5.12832925778639e-05,0.00020813868809455,0.000261635415881756,0.000580247842663084,0.000499983729241649,0.000206544158686484,3.42753954782893e-05,0.000479366974104778,3.10435914343543e-05
1.30208945847698e-07,1.73056378116598e-08,7.97774646343896e-09,1.88601916306652e-08,2.32330421567895e-08,1.92695779333008e-08,1.12844418254099e-08,1.53531800606288e-08,1.57428985403385e-08,6.63089849695098e-09,1.82897110789781e-08,0.244712911375018,1.16103819891578e-08,4.30584350397112e-08,1.19148353405762e-08,1.5322484614444e-08,1.40864813147346e-08,1.95083202925161e-08,1.57533577294089e-08,2.34593926506932e-08,1.26173063108581e-08,1.74151182363858e-08,1.01289288068074e-08,4.27612576459069e-08,1.55591806105804e-08,1.20573986350792e-08,1.49578909258707e-08,2.05360493055196e-08,2.54292444878956e-08,1.47712171383318e-08
7.99576582721784e-08,1.13686837721616e-13,1.13686837721616e-13,1.13686837721616e-13,1.13686837721616e-13,1.13686837721616e-13,1.13686837721616e-13,1.13686837721616e-13,1.13686837721616e-13,1.13686837721616e-13,1.13686837721616e-13,0.244709719176967,1.13686837721616e-13,1.13686837721616e-13,1.13686837721616e-13,1.13686837721616e-13,1.13686837721616e-13,1.13686837721616e-13,1.13686837721616e-13,1.13686837721616e-13,1.13686837721616e-13,1.13686837721616e-13,1.13686837721616e-13,1.13686837721616e-13,1.13686837721616e-13,1.13686837721616e-13,1.13686837721616e-13,1.13686837721616e-13,1.13686837721616e-13,1.13686837721616e-13
7.99576582721784e-08,1.13686837721616e-13,1.13686837721616e-13,1.13686837721616e-13,1.13686837721616e-13,1.13686837721616e-13,1.13686837721616e-13,1.13686837721616e-13,1.13686837721616e-13,1.13686837721616e-13,1.13686837721616e-13,1.17127797238936e-07,1.13686837721616e-13,1.13686837721616e-13,1.13686837721616e-13,1.13686837721616e-13,1.13686837721616e-13,1.13686837721616e-13,1.13686837721616e-13,1.13686837721616e-13,1.13686837721616e-13,1.13686837721616e-13,1.13686837721616e-13,1.13686837721616e-13,1.13686837721616e-13,1.13686837721616e-13,1.13686837721616e-13,1.13686837721616e-13,1.13686837721616e-13,1.13686837721616e-13
