16.4386148272409,26.1381173473916,30.6349765530733,33.4295481693647,28.5001490271176,20.83975462097,29.6311685291556,22.6796464687501,23.7184362176356,42.0108155136846,20.7916725170634,32.0964510525944,23.6864951729357,22.7323534427984,21.9705463271916,24.4940680803488,30.1964859300069,21.8639404045829,24.657554976142,20.3974124950184,25.1684562690388,22.5705462296451,23.7917732011207,18.8913110596512,36.3321136175441,28.3200068955767,21.0396859082531,22.2173923621249,25.6522192575209,25.8301190546432
3.88918397327234,5.47687662817282,4.60495321718395,5.87653889526996,5.53470841134128,6.2185547598358,4.60755644222343,4.45658605287156,4.54121475736315,5.01439918904271,3.95264842718484,7.69791334039223,5.14482406805871,4.04316700512004,3.37481536672453,4.22293355353543,4.52083860795176,3.76614851113015,4.32262943882995,7.95358944546751,3.59234581258488,6.21788933013306,4.46483712674672,3.48201073136875,10.608634598002,4.4358790691075,3.07754770024974,4.65039590619278,3.6367899649797,4.61945220091411
1.49502119134127,1.5439500855108,1.11578574366706,1.6308090928344,1.36616084984939,1.76435930037337,1.31613065589079,1.717188339779,1.55760625342657,1.46882144299627,1.42490473374664,3.27492253564458,1.37592884193475,1.55914714103051,1.64263245116456,1.31041113948493,1.3699043725652,1.30461062159168,1.2008096583819,1.41770213579741,1.47676389238143,1.48419436412496,1.46457144353394,1.15666840175231,1.71854386541008,1.62861207360061,1.59734591269057,1.45897597129715,1.19989905736441,1.35340792536044
0.163776476663088,0.267228686493809,0.284358704238116,0.302408967695101,0.237814495229827,0.271568709004214,0.197456995262655,0.219916959851616,0.195790247643345,0.270288429532116,0.279835140471391,0.895396343365292,0.16987802477297,0.269492218555683,0.227938222301646,0.300173548309886,0.199064344625299,0.209236103795888,0.161737424933222,0.403176174383475,0.260077644201374,0.211535154137209,0.170850839159812,0.209916839087896,0.203061533550681,0.170364047785483,0.261954964926304,0.165706380542815,0.28478769068181,0.201281273628638
0.00118647810370476,0.00194823041238124,0.00463564554956974,0.00406330596649696,0.0021642974537599,0.00228756786873419,0.00197164411247286,0.00180237736151412,0.00188449161703375,0.00366445562531226,0.00801167587405871,0.310324278362032,0.00137054865103892,0.0257149394030876,0.00327644956712447,0.00212857645317399,0.00134398101761235,0.00220541176793176,0.00230927137988601,0.00429324550884758,0.00231725460412235,0.0017159546075618,0.00147517164691635,0.00139366126438745,0.002915362896033,0.00238358884394074,0.00229802631531584,0.00244269278857701,0.00414245282945558,0.00221303905073
3.96793403751872e-05,7.19076695077092e-05,0.000240156808331449,7.10633404423788e-05,2.12993236345937e-05,7.27243605069816e-06,3.08781541207281e-05,0.000215535337474648,7.06270160435452e-05,8.48650272473606e-05,0.000225801470378428,0.247060442049587,7.18671732329312e-05,0.00117538372205672,6.49699337600396e-05,7.99621038822806e-05,7.87741181511592e-05,3.67834900316666e-07,2.86261752080463e-07,0.000276086826033861,4.92529344455761e-05,5.12832925778639e-05,0.00020813868809455,6.05973607434862e-05,3.04084519484604e-05,8.3637984289453e-05,1.94093864820388e-05,2.95384672881482e-05,2.71333650516681e-05,3.10435914343543e-05
1.33071353047853e-07,2.37339463637909e-08,7.97774646343896e-09,2.28900489673833e-08,2.85855321635609e-08,2.86664771920186e-08,1.8932951206807e-08,1.81939867616165e-08,1.57428985403385e-08,9.68452695815358e-09,2.09790869121207e-08,0.244712911375018,1.34823494590819e-08,5.33001411895384e-08,2.24471250476199e-08,1.5322484614444e-08,1.74503611560795e-08,2.49542608798947e-08,1.57533577294089e-08,3.62523451258312e-08,2.1758978618891e-08,1.96625933313044e-08,1.41068312586867e-08,4.27612576459069e-08,2.29877059609862e-08,1.64064886121196e-08,1.49578909258707e-08,2.98255145025905e-08,2.54292444878956e-08,1.47712171383318e-08
7.99576582721784e-08,1.13686837721616e-13,1.13686837721616e-13,1.13686837721616e-13,1.13686837721616e-13,1.13686837721616e-13,1.13686837721616e-13,1.13686837721616e-13,1.13686837721616e-13,1.13686837721616e-13,1.13686837721616e-13,0.244709719176967,1.13686837721616e-13,1.13686837721616e-13,1.13686837721616e-13,1.13686837721616e-13,1.13686837721616e-13,1.13686837721616e-13,1.13686837721616e-13,1.13686837721616e-13,1.13686837721616e-13,1.13686837721616e-13,1.13686837721616e-13,1.13686837721616e-13,1.13686837721616e-13,1.13686837721616e-13,1.13686837721616e-13,1.13686837721616e-13,1.13686837721616e-13,1.13686837721616e-13
7.99576582721784e-08,1.13686837721616e-13,1.13686837721616e-13,1.13686837721616e-13,1.13686837721616e-13,1.13686837721616e-13,1.13686837721616e-13,1.13686837721616e-13,1.13686837721616e-13,1.13686837721616e-13,1.13686837721616e-13,0.244709719176967,1.13686837721616e-13,1.13686837721616e-13,1.13686837721616e-13,1.13686837721616e-13,1.13686837721616e-13,1.13686837721616e-13,1.13686837721616e-13,1.13686837721616e-13,1.13686837721616e-13,1.13686837721616e-13,1.13686837721616e-13,1.13686837721616e-13,1.13686837721616e-13,1.13686837721616e-13,1.13686837721616e-13,1.13686837721616e-13,1.13686837721616e-13,1.13686837721616e-13
7.99576582721784e-08,1.13686837721616e-13,1.13686837721616e-13,1.13686837721616e-13,1.13686837721616e-13,1.13686837721616e-13,1.13686837721616e-13,1.13686837721616e-13,1.13686837721616e-13,1.13686837721616e-13,1.13686837721616e-13,0.244709719176967,1.13686837721616e-13,1.13686837721616e-13,1.13686837721616e-13,1.13686837721616e-13,1.13686837721616e-13,1.13686837721616e-13,1.13686837721616e-13,1.13686837721616e-13,1.13686837721616e-13,1.13686837721616e-13,1.13686837721616e-13,1.13686837721616e-13,1.13686837721616e-13,1.13686837721616e-13,1.13686837721616e-13,1.13686837721616e-13,1.13686837721616e-13,1.13686837721616e-13
7.99576582721784e-08,1.13686837721616e-13,1.13686837721616e-13,1.13686837721616e-13,1.13686837721616e-13,1.13686837721616e-13,1.13686837721616e-13,1.13686837721616e-13,1.13686837721616e-13,1.13686837721616e-13,1.13686837721616e-13,0.244709719176967,1.13686837721616e-13,1.13686837721616e-13,1.13686837721616e-13,1.13686837721616e-13,1.13686837721616e-13,1.13686837721616e-13,1.13686837721616e-13,1.13686837721616e-13,1.13686837721616e-13,1.13686837721616e-13,1.13686837721616e-13,1.13686837721616e-13,1.13686837721616e-13,1.13686837721616e-13,1.13686837721616e-13,1.13686837721616e-13,1.13686837721616e-13,1.13686837721616e-13
7.99576582721784e-08,1.13686837721616e-13,1.13686837721616e-13,1.13686837721616e-13,1.13686837721616e-13,1.13686837721616e-13,1.13686837721616e-13,1.13686837721616e-13,1.13686837721616e-13,1.13686837721616e-13,1.13686837721616e-13,0.244709719176967,1.13686837721616e-13,1.13686837721616e-13,1.13686837721616e-13,1.13686837721616e-13,1.13686837721616e-13,1.13686837721616e-13,1.13686837721616e-13,1.13686837721616e-13,1.13686837721616e-13,1.13686837721616e-13,1.13686837721616e-13,1.13686837721616e-13,1.13686837721616e-13,1.13686837721616e-13,1.13686837721616e-13,1.13686837721616e-13,1.13686837721616e-13,1.13686837721616e-13
7.99576582721784e-08,1.13686837721616e-13,1.13686837721616e-13,1.13686837721616e-13,1.13686837721616e-13,1.13686837721616e-13,1.13686837721616e-13,1.13686837721616e-13,1.13686837721616e-13,1.13686837721616e-13,1.13686837721616e-13,0.244709719176967,1.13686837721616e-13,1.13686837721616e-13,1.13686837721616e-13,1.13686837721616e-13,1.13686837721616e-13,1.13686837721616e-13,1.13686837721616e-13,1.13686837721616e-13,1.13686837721616e-13,1.13686837721616e-13,1.13686837721616e-13,1.13686837721616e-13,1.13686837721616e-13,1.13686837721616e-13,1.13686837721616e-13,1.13686837721616e-13,1.13686837721616e-13,1.13686837721616e-13
7.99576582721784e-08,1.13686837721616e-13,1.13686837721616e-13,1.13686837721616e-13,1.13686837721616e-13,1.13686837721616e-13,1.13686837721616e-13,1.13686837721616e-13,1.13686837721616e-13,1.13686837721616e-13,1.13686837721616e-13,1.17127797238936e-07,1.13686837721616e-13,1.13686837721616e-13,1.13686837721616e-13,1.13686837721616e-13,1.13686837721616e-13,1.13686837721616e-13,1.13686837721616e-13,1.13686837721616e-13,1.13686837721616e-13,1.13686837721616e-13,1.13686837721616e-13,1.13686837721616e-13,1.13686837721616e-13,1.13686837721616e-13,1.13686837721616e-13,1.13686837721616e-13,1.13686837721616e-13,1.13686837721616e-13
