137.724532977353,133.287331476818,210.530160572409,115.864565075428,91.0756265819323,144.39649784094,130.305908662147,121.721325079413,110.894503612477,150.879100491895,43.7557392601522,140.652618565202,255.513614559433,233.745798684278,229.898048371955,235.970440950958,213.40286916198,165.862074646628,127.41062048637,199.33910504874,182.42231716232,277.940936524142,90.3701610023716,155.330289447197,117.214834899964,357.753009746072,155.870855849089,210.749428365722,84.4331351005977,175.883626446981
10.3001691036512,9.30131577530778,7.49929096386938,6.60420611461041,26.2516812140001,7.95637947253192,11.8898280629651,6.14578102832138,16.9945823055738,6.13969726437278,7.09002954228174,5.22856316722641,15.5130482868763,12.7685091365266,6.90470578525697,17.66298095361,14.1335900218619,8.80850460449835,12.0788913012896,17.0761087690377,14.6874323600662,17.1871532881114,4.24678995437557,12.3536664972396,9.95160057244448,20.7273455275051,13.6283204365945,9.6461952526704,7.02685615544874,10.0185734336881
3.31411828169792,2.22049820232212,1.29350739220649,2.62036440414147,3.24308818534826,3.05126672333711,1.56918008770617,1.40631528010306,1.79288950323416,2.64570243295839,2.49468783366444,2.32729178165744,2.3177228021558,2.37794468110894,1.68467646184115,1.91635202523787,2.22992502402712,2.02827344295883,2.38926802701042,2.1857048059793,1.65543108805741,2.06281854517101,2.06020639213068,2.7625275136437,1.89286804174685,2.26279453311577,2.75985320106065,2.42795394337838,1.79333127957193,2.10845257855135
0.165084173380023,0.242084906994137,0.22206186334904,0.136555542958263,0.303270812519486,0.260709086220459,0.0525404365449731,0.110555104450441,0.178713670204957,0.124791804706433,0.155638707118214,0.0828059358256041,0.208090494340581,0.180006480105362,0.170409355811898,0.287632291364048,0.169697585891868,0.0958387462712835,0.170360183601588,0.146547731360783,0.227588066238695,0.0948974424694597,0.0949903732575876,0.0969733673654218,0.177141482856996,0.2078511206945,0.1999299426775,0.28700884474199,0.0734105228694943,0.108281098680891
4.68908524453582e-07,7.67230744713743e-07,1.38111147407471e-06,3.84787654184038e-07,1.1103624046882e-06,8.36195340525592e-07,2.88838350570586e-07,4.49517983724945e-07,5.59488739781955e-07,2.7633620902634e-07,7.61357227929693e-07,2.19601133721881e-07,1.17883757866366e-06,4.51730898021196e-07,1.18341699817393e-06,9.44402927416377e-07,6.49128423901857e-07,4.84684960611048e-07,9.58301029641007e-07,9.50312596614822e-07,8.52600805956172e-07,1.17913089070498e-06,6.17213345321943e-07,7.39100073587906e-07,7.04546550878149e-07,1.16580145004264e-06,9.76371666183695e-07,1.3719849221161e-06,5.3880626182945e-07,6.796219622629e-07
0,1.13686837721616e-13,1.13686837721616e-13,0,0,1.13686837721616e-13,0,1.13686837721616e-13,3.41060513164848e-13,0,0,1.13686837721616e-13,0,0,1.13686837721616e-13,1.13686837721616e-13,0,1.13686837721616e-13,1.13686837721616e-13,1.13686837721616e-13,1.13686837721616e-13,1.13686837721616e-13,0,1.13686837721616e-13,1.13686837721616e-13,0,0,0,0,0
0,0,0,0,0,0,0,0,0,0,0,0,0,0,0,0,0,0,0,0,0,0,0,0,0,0,0,0,0,0
0,0,0,0,0,0,0,0,0,0,0,0,0,0,0,0,0,0,0,0,0,0,0,0,0,0,0,0,0,0
0,0,0,0,0,0,0,0,0,0,0,0,0,0,0,0,0,0,0,0,0,0,0,0,0,0,0,0,0,0
0,0,0,0,0,0,0,0,0,0,0,0,0,0,0,0,0,0,0,0,0,0,0,0,0,0,0,0,0,0
0,0,0,0,0,0,0,0,0,0,0,0,0,0,0,0,0,0,0,0,0,0,0,0,0,0,0,0,0,0
0,0,0,0,0,0,0,0,0,0,0,0,0,0,0,0,0,0,0,0,0,0,0,0,0,0,0,0,0,0
0,0,0,0,0,0,0,0,0,0,0,0,0,0,0,0,0,0,0,0,0,0,0,0,0,0,0,0,0,0
0,0,0,0,0,0,0,0,0,0,0,0,0,0,0,0,0,0,0,0,0,0,0,0,0,0,0,0,0,0
