11557935.1489761,29093145.7060679,39511737.9871274,13898501.2374517,20187565.6607098,12237067.7212096,18556294.1577165,13646018.8050755,5089056.81822944,10130600.1167061,20699270.9934176,5731615.57112941,20479048.4570306,17004824.4345524,13568100.8944964,16076475.35585,10100442.2323721,15302425.7027743,18590157.3941158,19145494.0742929,26993086.3424688,28130105.3749165,9478856.74789262,15963172.7106462,2641605.26547738,4961591.44284779,2185139.99420237,15020899.1757787,17219463.3890426,6541595.95338122
255682.853555896,1049069.50084777,470044.241239946,445965.727721342,682052.463490238,647842.771334822,436319.843866834,348076.782707212,116143.88536937,126473.938904787,920489.301865878,256035.340022897,602349.994628767,487604.164446437,314642.794463951,267227.895205494,112577.804247272,145990.113540297,319401.044798947,555407.350396769,446322.181294787,665228.888339783,616474.5473989,513037.980205993,156410.353783492,405361.063011935,542646.462513765,166490.562099265,246452.318307373,128628.758027536
12540.1768507619,17247.8777623083,32191.6819657811,13076.7019376917,24896.900628338,5411.85203391507,19082.5862338762,10771.4257823159,3399.46870430206,13639.7379653603,24776.1249653499,22967.4155444429,12421.889351251,21807.7449631665,14693.9029182877,16849.5286923283,29832.0819884707,12750.4441154156,8147.51439267049,16460.5410499019,19360.3310071212,20981.4477460773,9182.74314260687,12897.9254499298,2712.8119782796,6852.85078758952,17741.3781007595,13663.9057848558,8124.62248780418,4490.94178258391
178.825141206008,177.816427782673,181.289466928676,166.751690688328,323.681895539351,190.464820532908,142.119399177841,131.152461019198,75.8980531989082,200.826292644574,118.827527714804,250.712596954923,130.827085140179,80.9524000504998,233.867250927953,185.514926599503,117.498413850906,122.982080321404,126.316565157131,186.30621612732,155.230270769267,286.672502551529,160.494480727303,164.878859099622,120.36618986105,190.428239344897,207.565872534686,154.640126853037,187.214392824241,128.689106125632
49.8318726827329,35.6866909844643,46.9549625031398,30.9658844385856,48.8370663524768,74.4011103533153,44.4966150295045,35.5032686942075,29.423976642455,75.8237648263948,12.1420498195537,53.6822160916875,42.2008213833728,14.2434931819555,46.6617612454663,29.2080510781348,18.523366315856,35.8701439466811,25.3996493013713,65.32299443745,31.9127798202599,33.878779418493,45.4961531880474,33.66396342795,28.1244310530647,24.0884259952259,94.6781066577028,24.2105824778059,74.2859325861436,57.3151309974382
24.1434151962026,27.3164185532123,43.9366673906682,25.7189005152295,38.2648190450946,68.5980957088084,42.259502357246,31.0551317977579,29.0248177865039,58.9437997488967,9.23669425452954,46.9217126440069,34.9681904079123,10.9074306208609,44.0399584219981,25.2933812147123,15.6274911305998,33.2495373793977,22.2210250998944,63.104815944615,26.929133532662,27.1197149878296,36.0349122854518,25.169512021117,22.9949847538551,14.4044967457251,89.7268737733093,21.2709609494091,69.8800240767046,55.9379178802083
24.0461495191844,27.2978922336467,43.9055938107767,25.7135908580447,38.0717235110628,68.5849668761609,42.2301292289635,31.0514471019758,29.0237978093903,58.9042870695637,9.16447469748186,46.8699961170266,34.9667795863904,10.9008562136046,43.9911255303152,25.1975091100419,15.5987443977926,33.2197093217135,22.216236964543,63.0612757917695,26.9241839665192,27.0861390813532,36.0288719091704,25.110231541724,22.9901624646423,14.3716978480452,89.6508585154259,21.2059650348074,69.8758627034556,55.9379178802083
24.0401481092551,27.2889197366658,43.9047066319304,25.7135525751335,38.0697121119179,68.5848152595868,42.2284582678785,31.0480358854581,29.0237807472254,58.9023028261602,9.16287321825666,46.8686237257621,34.9647755597507,10.9008082774426,43.98808323909,25.1942059822243,15.5971091453803,33.2187215423517,22.2126835242223,63.060803733676,26.9219251415839,27.0826744186322,36.0211396283207,25.1020154432765,22.9900543178865,14.3695274721254,89.6474555278674,21.204026999648,69.8757708200237,55.9113837327595
24.0399480091514,27.2888270127896,43.9046811700878,25.7135519081212,38.0696632294896,68.5848140744126,42.2284130647031,31.0478766569074,29.0237800735381,58.9022315382676,9.16278294565745,46.8686118118626,34.96464729275,10.900807248541,43.9880273939821,25.1941153842304,15.597101093301,33.2186989764036,22.2125658802795,63.0607870116048,26.9218802589719,27.0825980835696,36.0209387369696,25.1016756839945,22.9900492384297,14.3694985100365,89.6473771347066,21.2039702263125,69.8757695606403,55.9106218779252
24.039939326241,27.2888257505754,43.904680528246,25.7135513496753,38.0696611074522,68.5848137035391,42.2284121527448,31.0478710703167,29.0237799648708,58.9022296957405,9.16278102418073,46.8686110882427,34.9646426566158,10.9008065454304,43.9880255524849,25.1941125506971,15.5971002094388,33.2186984963917,22.2125636295739,63.060786463722,26.9218795148106,27.0825949882346,36.0209349641768,25.1016673242559,22.9900491101935,14.3694977554346,89.6473732396853,21.2039678207575,69.8757694278911,55.9106112005813
24.0399390435216,27.288824877,43.904680462909,25.7135508282418,38.0696609635816,68.5848132535514,42.2284121152154,31.0478708723983,29.0237798073995,58.9022295533609,9.16278091897107,46.8686102423048,34.9646423430108,10.9008059953601,43.988025455958,25.1941125019323,15.5970994531981,33.2186984626796,22.2125635727259,63.0607864317676,26.9218789719876,27.0825948679324,36.0209348323037,25.101666999675,22.9900489459042,14.3694968974576,89.6473730977063,21.2039677030641,69.8757691594176,55.9106108623901
24.0399389380509,27.2888240382927,43.9046803168094,25.7135505620379,38.0696607917146,68.5848128044017,42.2284121091877,31.0478707291211,29.0237796518495,58.9022293348351,9.16278076283857,46.8686096407016,34.9646422202557,10.900805668258,43.9880252840478,25.1941124843058,15.5970990347748,33.2186984527618,22.2125635636439,63.0607864217541,26.9218784420859,27.0825946356722,36.020934638886,25.1016668482366,22.9900487774416,14.3694961843062,89.6473729593401,21.2039675689857,69.8757688864637,55.9106107122047
24.0399387963732,27.2888232789471,43.9046801447973,25.6916306444125,38.0696606628655,68.5848124902598,42.2284121083323,31.0478705678606,29.0186716720743,58.9022291418507,9.16278054849499,46.8686090182014,34.9646420542456,10.9008054554079,43.9880250847978,25.1941124559303,15.5970987700116,33.2186984500875,22.2125635583695,63.0607864160845,26.9218781153959,27.0825943887432,36.0209344114987,25.1016666394294,22.9783654050582,14.3694956321372,89.6473727958896,21.2039673989118,69.8560743351995,55.9106105045109
24.0399386927666,27.2888224032679,31.9106448084569,25.6838805748978,38.0696605226499,57.5618105376084,42.2284121078278,31.0478704506895,29.0186716720743,45.8927179607244,9.16278033483604,46.8686086048924,34.9646418886332,10.7976319631832,43.988024898312,25.1941124198854,15.5970984983858,33.2186984500875,22.2125635460652,60.6972779405696,26.9218778848463,27.0825941865253,36.0209341963282,25.1016664749159,22.9783654050582,14.3694951979321,81.3492133439547,21.2039672199337,69.8560743351995,55.9106102739727
