160.880189830985,159.474263024966,154.752111034881,152.704353568302,152.594879562585,156.580583076279,155.954177056654,163.807650816024,164.799218255629,161.638818545684,154.407265690882,155.749538406528,156.014029174299,156.025830737481,173.113898065018,158.776304975733,154.822955882487,157.897793841473,157.071382775342,168.681847297675,157.359761931163,155.607736906871,159.184738043789,160.643013455186,162.971408996258,170.51124889224,161.808812652883,156.602862967566,154.186910392391,158.314417146712
47.0301779535312,32.7378578746852,27.1689571133443,23.2278937368555,43.3175124795621,91.8999034493518,28.0775663699301,36.7489072935937,49.6840006364191,81.3163581117255,35.3465692488558,29.7883924573207,20.1796314888034,21.5859832452006,39.930212463873,117.965531124024,54.4844145065576,32.4635562557646,39.3831515930078,122.636199554354,37.7527905868169,62.3881697801407,40.2832946657195,38.6031885459752,79.8146604064873,24.4621646859769,72.2097947535785,73.9277256554883,20.5516032543173,36.341164387587
7.42806146242083,4.10246144507573,7.73640959424847,7.0562820624541,9.58567930819936,6.25104949722027,7.25634246272648,5.23883325632551,5.11143936115013,8.78980479633492,5.80887567162563,5.30670966330217,5.5188196610352,7.05923516023086,8.3349359253416,10.6888914757596,7.84827651205569,6.63247784367331,6.91823091185915,9.97505667362293,8.99659437954415,10.2168858909936,5.26079884359342,5.78987246192673,8.89164071132882,5.27187470637091,9.5019725521106,9.64092560850986,6.03055433640657,6.38523551568323
0.740116880030655,0.542170776865078,0.479355946609303,0.341271634288205,0.608502337807749,0.627761253228073,0.549356973659087,0.480304635328139,0.304524613321064,0.753834590354927,0.529122938302407,0.3941903065529,0.264921073700407,0.418701487848921,0.582027127052697,0.45595323913949,0.389050559758289,0.341088806802873,0.540090951461025,0.745270390371388,0.712701373770415,0.676953542315459,0.410617963278582,0.382554823463124,0.650635395745667,0.380545102690576,0.613887693164543,0.576253838501998,0.571349843356529,0.399647844037645
0.000806432259196299,0.000709432541498245,0.000781912228376314,0.000527606176547124,0.00139803000956817,0.000852946174290992,0.00102946443803376,0.000791357722846442,0.000642757673631422,0.000790151011187845,0.000820631124952342,0.000632048640454741,0.000604346428190183,0.000693473652063403,0.00152339219857822,0.00078993691067808,0.000789103987244744,0.00071718483013683,0.00063215216550816,0.00091933461408189,0.00104987437316595,0.000993076836948603,0.000769335471886734,0.000483662488477421,0.00174502721574754,0.000333044508806779,0.000791676161043142,0.00063840563143458,0.000700376098393463,0.00104549633260831
4.63023752672598e-09,1.01408659247681e-09,2.13276507565752e-09,1.17051968118176e-09,2.63935362454504e-09,2.85990608972497e-09,4.42514647147618e-09,2.34194885706529e-09,1.56978785526007e-09,2.19188223127276e-09,1.29875843413174e-09,1.66255631484091e-09,1.2969394447282e-09,1.5320438251365e-09,1.86673787538894e-09,2.97768565360457e-09,3.16867954097688e-09,1.35514710564166e-09,2.21507434616797e-09,1.89038473763503e-09,1.95041138795204e-09,2.86718204733916e-09,1.43609213409945e-09,9.62700141826645e-10,3.35921868099831e-09,1.82126314030029e-09,1.86037141247652e-09,1.4279066817835e-09,2.4760993255768e-09,2.38424036069773e-09
4.54747350886464e-13,4.54747350886464e-13,4.54747350886464e-13,4.54747350886464e-13,4.54747350886464e-13,4.54747350886464e-13,4.54747350886464e-13,4.54747350886464e-13,4.54747350886464e-13,4.54747350886464e-13,4.54747350886464e-13,4.54747350886464e-13,4.54747350886464e-13,4.54747350886464e-13,4.54747350886464e-13,4.54747350886464e-13,4.54747350886464e-13,4.54747350886464e-13,4.54747350886464e-13,4.54747350886464e-13,4.54747350886464e-13,4.54747350886464e-13,4.54747350886464e-13,4.54747350886464e-13,4.54747350886464e-13,4.54747350886464e-13,4.54747350886464e-13,4.54747350886464e-13,4.54747350886464e-13,4.54747350886464e-13
4.54747350886464e-13,4.54747350886464e-13,4.54747350886464e-13,4.54747350886464e-13,4.54747350886464e-13,4.54747350886464e-13,4.54747350886464e-13,4.54747350886464e-13,4.54747350886464e-13,4.54747350886464e-13,4.54747350886464e-13,4.54747350886464e-13,4.54747350886464e-13,4.54747350886464e-13,4.54747350886464e-13,4.54747350886464e-13,4.54747350886464e-13,4.54747350886464e-13,4.54747350886464e-13,4.54747350886464e-13,4.54747350886464e-13,4.54747350886464e-13,4.54747350886464e-13,4.54747350886464e-13,4.54747350886464e-13,4.54747350886464e-13,4.54747350886464e-13,4.54747350886464e-13,4.54747350886464e-13,4.54747350886464e-13
4.54747350886464e-13,4.54747350886464e-13,4.54747350886464e-13,4.54747350886464e-13,4.54747350886464e-13,4.54747350886464e-13,4.54747350886464e-13,4.54747350886464e-13,4.54747350886464e-13,4.54747350886464e-13,4.54747350886464e-13,4.54747350886464e-13,4.54747350886464e-13,4.54747350886464e-13,4.54747350886464e-13,4.54747350886464e-13,4.54747350886464e-13,4.54747350886464e-13,4.54747350886464e-13,4.54747350886464e-13,4.54747350886464e-13,4.54747350886464e-13,4.54747350886464e-13,4.54747350886464e-13,4.54747350886464e-13,4.54747350886464e-13,4.54747350886464e-13,4.54747350886464e-13,4.54747350886464e-13,4.54747350886464e-13
4.54747350886464e-13,4.54747350886464e-13,4.54747350886464e-13,4.54747350886464e-13,4.54747350886464e-13,4.54747350886464e-13,4.54747350886464e-13,4.54747350886464e-13,4.54747350886464e-13,0,4.54747350886464e-13,4.54747350886464e-13,4.54747350886464e-13,4.54747350886464e-13,4.54747350886464e-13,4.54747350886464e-13,4.54747350886464e-13,4.54747350886464e-13,4.54747350886464e-13,4.54747350886464e-13,4.54747350886464e-13,4.54747350886464e-13,0,4.54747350886464e-13,4.54747350886464e-13,4.54747350886464e-13,4.54747350886464e-13,4.54747350886464e-13,4.54747350886464e-13,4.54747350886464e-13
4.54747350886464e-13,4.54747350886464e-13,4.54747350886464e-13,4.54747350886464e-13,4.54747350886464e-13,0,4.54747350886464e-13,0,4.54747350886464e-13,0,4.54747350886464e-13,0,4.54747350886464e-13,4.54747350886464e-13,4.54747350886464e-13,4.54747350886464e-13,4.54747350886464e-13,4.54747350886464e-13,4.54747350886464e-13,0,4.54747350886464e-13,4.54747350886464e-13,0,4.54747350886464e-13,4.54747350886464e-13,4.54747350886464e-13,4.54747350886464e-13,4.54747350886464e-13,4.54747350886464e-13,4.54747350886464e-13
4.54747350886464e-13,0,4.54747350886464e-13,4.54747350886464e-13,4.54747350886464e-13,0,4.54747350886464e-13,0,4.54747350886464e-13,0,4.54747350886464e-13,0,4.54747350886464e-13,4.54747350886464e-13,4.54747350886464e-13,4.54747350886464e-13,4.54747350886464e-13,4.54747350886464e-13,4.54747350886464e-13,0,4.54747350886464e-13,4.54747350886464e-13,0,4.54747350886464e-13,4.54747350886464e-13,4.54747350886464e-13,4.54747350886464e-13,4.54747350886464e-13,4.54747350886464e-13,4.54747350886464e-13
4.54747350886464e-13,0,4.54747350886464e-13,4.54747350886464e-13,4.54747350886464e-13,0,4.54747350886464e-13,0,4.54747350886464e-13,0,4.54747350886464e-13,0,0,4.54747350886464e-13,4.54747350886464e-13,4.54747350886464e-13,4.54747350886464e-13,4.54747350886464e-13,4.54747350886464e-13,0,4.54747350886464e-13,4.54747350886464e-13,0,4.54747350886464e-13,4.54747350886464e-13,4.54747350886464e-13,4.54747350886464e-13,4.54747350886464e-13,4.54747350886464e-13,4.54747350886464e-13
4.54747350886464e-13,0,4.54747350886464e-13,4.54747350886464e-13,4.54747350886464e-13,0,4.54747350886464e-13,0,4.54747350886464e-13,0,4.54747350886464e-13,0,0,4.54747350886464e-13,4.54747350886464e-13,4.54747350886464e-13,4.54747350886464e-13,4.54747350886464e-13,4.54747350886464e-13,0,4.54747350886464e-13,4.54747350886464e-13,0,4.54747350886464e-13,4.54747350886464e-13,4.54747350886464e-13,4.54747350886464e-13,4.54747350886464e-13,4.54747350886464e-13,4.54747350886464e-13
