47.8748171032857,39.8965601731193,43.9178945305225,55.0479592795023,59.7348148740793,39.5469305228225,64.7471181829892,61.5544091992438,48.0615219597171,40.2300194660502,43.4686148117867,44.5243464287778,38.4396522692896,39.9971011884713,55.2657203953768,59.9137898409294,41.9528074711361,45.6933198885586,54.6887405914649,55.9503705869524,38.9006438972333,69.7712285788821,36.2261621152461,44.7421702805796,44.7002130334449,47.6624956893465,59.0620779253004,68.4519495031141,44.8105474154445,42.1847607918185
32.5379393305434,38.0707601206427,33.7356683930207,30.70175121587,35.9157963637008,31.9474469703714,39.6955604728241,33.1011826393933,41.6651499373461,29.2739004846158,34.324657763751,40.1401839328864,35.1233347918023,32.840159805558,31.0063829752739,31.7017184463625,40.0740252275191,42.0569815602976,41.4771917138451,39.1781965661203,37.05484988839,42.2613709939997,36.2261621152461,40.4113493075938,28.2083379039059,36.4128003209721,32.7413925992005,38.9341304526779,33.8882037762623,38.1294289467933
32.5379393305434,30.04547972617,33.7356683930207,30.70175121587,31.0021661811343,31.2087416708277,31.3777868291932,31.8193824057571,33.3790614364511,29.2739004846158,34.324657763751,34.5992441611015,35.1233347918023,32.840159805558,31.0063829752739,31.7017184463625,32.6278356374219,32.370633654572,26.9890799889736,39.1781965661203,29.7388084135582,36.1160159717242,28.7840477466484,35.5566810934683,28.2083379039059,30.9649046596569,32.7413925992005,30.1856050009928,31.880849122304,34.8178362865665
32.4089261183781,29.8162628635455,29.2773407518307,30.70175121587,31.0021661811343,31.2087416708277,31.3777868291932,30.7919902186509,33.3790614364511,29.2739004846158,29.9687400982225,33.0124425178615,28.297097967933,30.6209850271543,31.0063829752739,31.7017184463625,32.6278356374219,23.0498732727533,26.9890799889736,27.1744731459917,27.8064734067252,31.0281264856376,28.7840477466484,34.0736172546481,28.2083379039059,19.4776198320706,27.9369325726525,30.1856050009928,25.5081222534027,30.2363047639878
25.7428083977193,19.4326677221711,25.4930550522918,27.7982935567647,21.9925450248152,25.508656338191,27.7627792225981,21.870727477045,32.2516657575807,27.7278250683917,25.2637102903996,28.386171405044,12.8526797975787,23.850891582329,26.1766129547091,25.2275917153888,29.865045502167,12.8247142018486,25.7062836887071,25.2614686593333,24.5286260409189,10.8497248531512,28.7840477466484,25.1090087666848,14.2643278471,13.6135180017454,25.9527095639505,25.4573511567628,10.1648312564512,14.6613470285101
24.0679312988332,7.43291467517884,25.3883431297404,25.0588730234158,8.29258739452325,24.9505961779091,24.1615429138924,21.870727477045,18.9937684168181,15.9309253254537,25.2637102903996,25.8339858521763,7.15170828307146,23.850891582329,12.3956041520769,25.2275917153888,10.3514530122015,7.98869909596488,10.0127747425399,7.61313840003595,24.5286260409189,8.19905384950516,25.3418742640729,25.0259270908664,7.33399894980994,4.80392039057915,25.863138407105,23.6629828780206,7.38102876144694,9.62399513410446
24.0679312988332,5.01853389818552,24.6329823468618,25.0588730234158,5.96914487971708,24.9505961779091,24.1615429138924,21.870727477045,8.39377751780694,7.92155129535149,25.2637102903996,25.4504581362276,5.9658200677718,23.850891582329,5.85704188795489,25.2275917153888,8.71262605316633,4.50401882374081,8.14563819538489,7.53799520243956,24.5286260409189,6.66288858731104,24.9476555645479,24.9639970581889,4.29549819588192,4.50641865411171,23.15258033999,11.6718044050231,4.16467901028636,5.98478200614136
24.0679312988332,5.01853389818552,22.834505564012,25.0588730234158,5.96914487971708,24.4197586306773,24.1615429138924,21.870727477045,6.92652621645902,5.0516724676695,25.2503380612925,25.4504581362276,5.9658200677718,23.850891582329,4.62105236895013,23.7707405468423,6.39497285111884,4.27463877722448,5.12545135863775,6.2208788687185,24.3284313135359,5.36878386234048,24.9476555645479,23.8276499431295,4.29549819588192,4.50641865411171,23.15258033999,3.65581970518406,4.16467901028636,5.71317053644725
23.60221264751,5.01853389818552,22.834505564012,23.877164114946,5.96914487971708,24.4197586306773,24.1615429138924,21.870727477045,5.18113467311377,5.0516724676695,25.2503380612925,13.1152612938449,5.28174402233526,11.2394602933605,4.62105236895013,9.66169213756166,0.62915910833317,4.27463877722448,2.27596301266931,4.81697905036981,24.3284313135359,4.24499456388821,24.9476555645479,23.8276499431295,4.29549819588192,3.58354582814218,23.15258033999,2.05120628911664,4.16467901028636,5.38007518527684
23.60221264751,3.83695596338384,22.834505564012,23.877164114946,5.06432692205499,24.1988903540396,24.1615429138924,21.870727477045,5.18113467311377,4.43367336251276,24.9854044641202,6.83376267451922,4.38785198421874,4.76190660293014,4.27339578329202,5.86429194298489,0.0315247272078523,4.27463877722448,1.34777217147803,4.81697905036981,23.0401773576336,4.24499456388821,24.9476555645479,23.8276499431295,4.29549819588192,3.58354582814218,23.15258033999,0.205627744444882,4.16467901028636,4.90669635854192
8.82083964285493,3.07102312872757,22.834505564012,23.877164114946,4.69336273267845,24.1988903540396,24.1615429138924,21.870727477045,4.46612462237817,4.43367336251276,17.55046652171,5.84274756387185,4.38785198421874,1.98404932876929,4.27339578329202,5.86429194298489,0.0108050568355793,4.27463877722448,0.856505507090787,4.81697905036981,23.0401773576336,4.1966527753998,24.808646609019,23.8276499431295,4.29549819588192,2.46548488826102,23.15258033999,0.140038806038774,4.16467901028636,3.27365723934008
6.55647838943514,3.07102312872757,22.834505564012,23.877164114946,3.48719295077535,23.9924560408272,24.1615429138924,21.870727477045,4.04377094909387,3.83056778201399,16.014857693704,2.33753470117517,1.56474258403932,1.8664823785216,4.27339578329202,5.86429194298489,0.00876343325444395,4.27463877722448,0.513399854774434,4.81697905036981,23.0401773576336,2.92650308281918,24.808646609019,23.8276499431295,4.29549819588192,2.46548488826102,22.2920301840304,0.129095395589047,4.16467901028636,2.98715190341136
1.66210811823157,2.85115570665721,21.296598154323,23.877164114946,3.34360333776749,21.7578595805953,9.0623567129428,21.870727477045,1.59321014400575,1.57814139653829,16.014857693704,0.726222276145108,0.200936768947031,1.49222871722304,1.29270263586932,3.53442719368832,0.00863499741080886,1.88281432218082,0.426836707690654,2.96884221272012,21.4289077922504,1.47526110516264,24.2054077079702,21.7645149960099,2.51174757482249,1.15840958239323,22.2920301840304,0.126373282207624,2.01683537713916,1.30487438340288
0.18051078566441,2.37521678289795,20.1147887388338,20.9543927986888,2.23372814049026,20.0278706836152,2.14838294177071,20.1965210768949,0.371273197698883,0.189724473301339,16.014857693704,0.633067877950907,0.140639076890238,0.632264724930337,0.194493930169301,2.5665360956541,0.00859955256419198,0.377727043125105,0.424643067994566,1.32293211520027,20.1134763127625,0.483205259431088,20.7784307751326,20.1872705141941,0.68578116770459,0.305813330617184,20.9074110511838,0.125488058736209,0.673894945772645,1.03415507248292
