70.4375580037788,71.6311664984423,74.1080546982377,91.3270466654295,48.0993715805818,49.1975189179775,86.0468643180465,66.8449449073509,80.5123970919653,69.3745836017156,83.6633837512014,73.3394171236722,73.7933909914062,52.482784766676,101.210903120329,65.5029751031426,53.1742570196176,97.9282072728779,65.7391960125245,48.0566255965705,56.8902116555865,61.8780205499608,69.9131358360811,97.6269129199986,63.2265389855448,81.6404581017584,52.4945134761931,62.1867842844107,58.8360741708004,84.8648142153343
61.6997453780593,71.6311664984423,74.1080546982377,72.8377930668818,42.7524083721986,48.8856347221,71.5943519373617,66.8449449073509,62.7166412542529,44.9373074739832,69.6591582071112,73.3394171236722,73.7933909914062,50.3344956264859,100.35694698398,47.9812161380312,53.1742570196176,72.3703854567676,63.772980079661,48.0566255965705,49.2520361875924,40.2093832592625,68.9853243026528,82.4748586022706,57.9414829512489,62.248725991219,52.4945134761931,54.2322796534584,58.8360741708004,81.2494494002226
45.9249366901938,66.8304441437951,70.5586826410114,72.6482804941965,39.5433592127411,28.3931059332253,68.8017484340977,66.8449449073509,34.8637876921797,44.9373074739832,69.6591582071112,71.0000416173173,73.7933909914062,31.0520856547922,80.2791706477918,47.2111183382481,53.1742570196176,58.4596898822967,53.8944728832854,48.0566255965705,49.2520361875924,35.9687098075016,35.5775147135165,82.4748586022706,47.2583132020224,35.7619145933334,52.4945134761931,46.1425935486853,44.1163543183205,73.3634419112169
26.3461026454061,44.8388622932489,42.1033643567797,67.5405772361662,22.6959889178066,28.3931059332253,50.1128736687473,66.8449449073509,29.8926518380456,40.5370988863533,63.8590387771336,54.632137216406,58.5895143474984,23.2645432070568,48.7990873539311,27.7051531683612,35.9496317498352,34.7950234497267,39.1359606721796,43.0484683439796,48.710056373786,35.8411135238844,31.7632338158313,48.0856506087373,41.6399032852969,29.7600358964381,47.6890603982823,30.276386294319,44.1163543183205,39.8931499122269
17.1803195660514,34.070260677436,29.8897723874386,52.025621452533,13.9402443648936,25.4929861644302,50.1128736687473,49.7128601709938,23.2081045306727,23.3696692839995,40.6320147021592,31.7807575610782,45.6600325499567,11.209100728291,26.3368767920944,22.7686150675499,21.2444169816539,34.7950234497267,29.5591842200848,36.8764099264774,21.5162187771571,20.15368338623,21.5842639066741,48.0856506087373,29.2905641723136,19.6240574118967,22.8064520180777,14.4194109846786,35.2074500475898,38.3149006000169
7.13040049736333,21.3036472401787,18.1835980444258,38.6665475214588,11.2024500946155,7.77332988705132,35.0255935784959,30.1826483986218,12.1069591274376,10.2473899351194,25.2154579731359,23.9593024587766,35.0186585573094,6.69045895300462,26.3368767920944,5.18125324842708,11.6168810404835,21.6910953321562,15.2013453115704,15.8223240044308,13.1712709663091,12.0402977502046,10.5019175127868,41.237517490424,15.6120110840731,12.0338415734235,15.223757712644,12.6193566866607,31.3482423897187,25.9521158769409
4.58006884819349,9.73281685579195,4.99573572590157,19.6833673240334,4.38769882004692,1.69048127432836,12.00843017273,14.2469184390561,4.93577234109978,5.12750113573588,12.1897203927215,13.300551310501,29.542699291879,4.10105051078676,10.5152701789998,4.48161118450855,4.71785833893694,13.7694606532904,5.63066943294666,5.1523305886667,8.23763384908045,4.24564545748945,3.84311866149551,15.1917225377197,3.75103993147422,4.80774562757699,4.48294121750064,3.42214450760116,14.6659638375459,12.7877194990775
0.554662407293677,1.82389790994409,1.1600393242984,6.54192959893453,0.935427827757053,0.727790893861993,5.46576008338366,3.7872295129647,1.11756472385184,1.39835502385472,3.38795820139455,6.35097631520864,7.65959369432085,0.944579194020207,3.53712004447345,0.681433672477397,1.4537560386982,4.92423570487813,1.24795891272424,1.35857687414227,2.76292550130597,1.28129332994274,0.901458047959068,7.6284850767081,1.12935427197567,0.884615060357078,1.71302723858901,1.01784328457927,3.24620707982399,2.92804561212756
0.171396934548511,0.237763956497815,0.145532606497341,2.10339192522724,0.182514361587778,0.0618771827553246,2.09702888870504,1.31538038870235,0.0877898110634305,0.2425290446389,1.29789827165314,0.896025141951441,1.05900861933856,0.150390613368131,0.893054369469496,0.141556079824682,0.137265670592001,1.46938000709258,0.265804603932452,0.0974375550939612,0.816345315170338,0.131173142363536,0.146326868624556,2.16040070522513,0.140863550686731,0.180882027919893,0.238320728700614,0.125710162601308,1.75431576594269,1.07405035200395
0.00993488516985508,0.0144389636495816,0.00410489807768499,0.281432561498605,0.00753323961282604,0.00666412481052703,0.257953987352039,0.245680069841796,0.00384611718084216,0.00800633250082683,0.165697790535205,0.190711997096628,0.180597653305995,0.00655515220580583,0.168213311213549,0.00672471238567596,0.00568887116162387,0.212746773127492,0.00752654820928456,0.00412884970717187,0.147781947799672,0.00826413524305281,0.00391194897167679,0.265318099920819,0.00596235500972853,0.00399161292762074,0.0117335327757928,0.00553383377348382,0.202692506661265,0.11565516638052
4.97090786666377e-05,0.000163980951811027,5.79355644276802e-05,0.0106572813947423,3.13670486775663e-05,5.36285147063609e-05,0.0147143583228626,0.015776630934397,6.26233146476807e-05,6.57922948903433e-05,0.0105504082200696,0.00812694210401332,0.0123345431061352,6.35388150840299e-05,0.00911409598097634,8.57767001889442e-05,4.49149441692498e-05,0.0120431209151093,0.000163643499263344,0.000102153200941757,0.00961399996401724,5.31249700088665e-05,3.02540213397151e-05,0.0222667748323602,8.10457215720817e-05,5.43613992931569e-05,6.19742550043156e-05,4.9005599407792e-05,0.00864963960998466,0.00659861416443164
6.07954007136868e-08,1.50394043885171e-07,8.60464979268727e-08,0.000128918915606846,3.93724803871009e-08,3.13518739858409e-08,0.00020314456764936,0.000171501112731676,5.05513071402675e-08,8.42097733766423e-08,0.000240649076317823,0.000110642566141905,0.000149134186472111,2.75446154773817e-08,6.18450116007807e-05,5.42083853360964e-08,3.61619640898425e-08,8.06354290716627e-05,1.98222096514655e-07,7.45145598557428e-08,6.4572990254419e-05,2.17041917949246e-06,2.84112502413336e-08,0.000227760306984237,7.35052481104503e-08,3.51811877408181e-08,5.26555368196568e-08,4.50136212748475e-08,0.000173090024077283,5.76847340880704e-05
0,0,0,9.43369968808838e-08,0,0,1.5506907402596e-07,2.36444975598715e-07,0,0,2.4170549295377e-07,2.33920286518696e-06,2.12067789107095e-07,0,8.25569941298454e-08,0,0,2.1145970094949e-06,0,0,1.48954086398589e-07,1.42147030146589e-06,0,3.78041931980988e-07,0,0,0,0,2.41052589444735e-07,4.57681608168059e-08
0,0,0,1.13686837721616e-13,0,0,1.13686837721616e-13,1.13686837721616e-13,0,0,2.27373675443232e-13,1.42171847983263e-06,1.13686837721616e-13,0,1.13686837721616e-13,0,0,1.42879923714645e-06,0,0,0,1.42136332215159e-06,0,3.41060513164848e-13,0,0,0,0,0,0
1.13686837721616e-13,0,0,0,0,1.13686837721616e-13,0,0,1.13686837721616e-13,1.13686837721616e-13,0,1.42136229897005e-06,0,0,1.13686837721616e-13,0,0,1.42287797189056e-06,0,0,0,0,1.13686837721616e-13,1.13686837721616e-13,0,1.13686837721616e-13,0,0,0,0
0,0,0,3.22088931170583e-06,0,0,1.42746864639776e-06,3.5959203614766e-07,0,0,3.57816816176637e-07,3.56251234734373e-07,3.63265371561283e-07,0,1.42310989303951e-06,0,0,1.42678084102954e-06,0,0,1.43032264077192e-06,0,0,1.63203787906241e-06,0,0,0,0,1.43899933391367e-06,4.64854792880942e-07
