89.3022316736257,102.869332039482,99.3887792347684,85.8231874248082,82.7233996881679,56.6075042253254,79.3924037249197,59.9073959690002,94.2390322058492,70.8872560222619,94.1552414158083,82.21134498702,66.7021996701462,79.1944973313975,104.643960118385,85.780621334884,84.987764489226,82.6491984180331,88.7567535012938,88.4898728897228,62.7257721060357,74.93830424844,72.3477895035599,78.1037639691979,92.0057380197861,90.4016927785931,95.4121841077513,92.209231614695,69.9830896423568,82.8997417026126
74.1633693240342,77.780831471437,90.0400299378587,85.0024086831711,82.7233996881679,56.6075042253254,79.3924037249197,59.9073959690002,87.6584592487731,70.8872560222619,94.1552414158083,82.21134498702,66.7021996701462,70.3415918788136,67.8827881474125,67.684721286152,73.5765139583036,82.6491984180331,77.3471141581423,88.4898728897228,62.7257721060357,72.8280638033609,72.3477895035599,60.011225196806,78.5556582189557,90.4016927785931,88.709675295511,79.6462984836108,69.9830896423568,71.4310794442223
67.6734860448589,74.3367275743848,76.1075206928198,85.0024086831711,82.7233996881679,56.6075042253254,62.2915082025941,59.9073959690002,87.6584592487731,70.8872560222619,77.961582850408,72.2521282888276,66.7021996701462,70.3415918788136,65.4732365824492,64.5181851413748,71.6461716520325,79.7423699091258,77.3471141581423,66.7842581205608,62.7257721060357,72.8280638033609,72.3477895035599,60.011225196806,75.6359557697506,63.502288986426,58.0182466748181,51.9109446151925,64.2500819895184,71.4310794442223
50.5165438531333,62.0022630978712,74.1989951042535,68.4878066914573,55.4423027857017,56.6075042253254,52.6320548315108,59.9073959690002,61.4100396638579,40.0626384800024,70.0804820822626,72.2521282888276,66.7021996701462,70.3415918788136,65.4732365824492,50.7979638266639,71.6461716520325,42.8478997946437,59.9027124968991,48.743538745808,58.6715883504606,60.6506810480436,61.574015246629,58.1241572931432,57.2164796580307,57.0040596414512,56.6687156575542,51.9109446151925,56.3526167356122,58.0984268125521
50.5165438531333,54.8205372570916,63.0117611322991,54.4634525037171,55.4423027857017,55.9345428273359,52.6320548315108,59.9073959690002,52.546211871243,38.1699347589863,57.8740488249211,59.149251780493,45.0842793558719,56.3654141410086,50.8985748141429,34.5769228284794,63.8948251643164,38.0124341302118,50.5587566418811,48.743538745808,54.206100257606,60.6506810480436,47.7658313529336,46.9640830218407,56.3497551050708,45.8213603210219,56.6687156575542,51.9109446151925,50.8409130240061,58.0984268125521
42.8868542269738,52.5593535403337,49.7436936001523,45.3833319901786,53.5175308731548,48.080256387765,44.9093697405864,42.5635629824229,48.2529222823074,38.1699347589863,50.606649312326,49.1999301357196,45.0842793558719,41.2808017254214,50.8985748141429,34.5769228284794,48.8857824201882,38.0124341302118,50.5587566418811,48.743538745808,44.9999981554358,38.2964585461093,41.6275098750903,46.9640830218407,48.6314487210552,38.2006257017161,49.9901128054553,47.483539688816,50.8409130240061,46.2179415654961
42.8155523952446,39.5381717446513,31.1350766591327,37.4564494329521,32.6710395433888,38.5443901982491,44.9093697405864,42.5635629824229,38.7861505378027,38.1699347589863,50.606649312326,49.1999301357196,36.7039333509812,41.2808017254214,43.6130156803735,34.5769228284794,47.0782822022188,33.0237720733326,49.6560987187082,32.7356691318398,39.2918749551004,38.2964585461093,39.3627866216631,46.887549288146,39.831762938612,38.2006257017161,27.162905898635,47.483539688816,37.3988550642912,28.4697993996701
42.8155523952446,39.5381717446513,31.1350766591327,31.4999859108536,32.6710395433888,34.6844271056121,42.3816535290784,35.7587256318179,38.7861505378027,38.1699347589863,31.5057676530026,35.8509225476234,36.7039333509812,35.0868325487965,38.5611012163405,33.3035266062021,44.7426331771605,33.0237720733326,38.0632335603672,32.7356691318398,34.1441650615727,37.2127811919386,36.4271133858042,30.1407274406779,30.8914710631506,28.3742842770459,27.162905898635,37.587705724945,28.9110265477444,28.4697993996701
29.325784927085,39.5381717446513,27.5401130315262,31.4999859108536,28.0180223726167,34.6844271056121,26.9054116822138,34.9916767461904,26.6745095510745,37.4509915528658,31.2477793432897,25.3563897817016,36.7039333509812,35.0868325487965,34.8556472292752,33.3035266062021,29.9693352085957,28.8868227886452,37.9960326693637,32.7356691318398,34.1441650615727,35.1021975568793,36.4271133858042,30.1407274406779,30.8914710631506,28.3742842770459,27.162905898635,29.2904070856276,28.9110265477444,28.4697993996701
26.8446117138957,32.3033077247853,4.10619651222419,22.5561782628015,25.9230494865366,24.5320789410288,23.6460466564012,26.660428063906,18.9549802768202,32.1319411109755,31.2477793432897,25.3563897817016,34.7235442327153,35.0868325487965,23.4465530229438,22.5785509771202,25.7394388324909,4.68235594135001,31.3175295525751,32.7356691318398,26.2947954185926,23.4003338373396,33.116763297582,28.5211759006731,30.8914710631506,28.3742842770459,22.6856149599915,25.4949513681776,23.9435493538673,22.459713635521
6.96529942534278,3.01246592690507,2.98488310408516,6.10087650829701,1.06573271370655,4.00935056909657,7.29342201745135,2.98518375931212,3.98012557975642,14.7326939121408,3.62155180697926,21.3678608493411,4.97626017533264,3.99782405554424,7.965697506624,4.12985569017485,6.26789095188974,3.97984006471586,1.10736150210676,1.996287426604,0.995171585669709,4.97498548885289,25.0514830124753,4.97529744402505,0.340263306766246,1.99437610305017,5.96977655397097,2.14204926772459,2.99131441824534,1.99003954791795
6.96471339965819,2.98487717133844,2.98487717128,5.96975434293051,0.994959057509277,3.9798362286466,2.98487718506885,2.98487717128307,3.97983622837569,1.98991812780014,2.98487717520163,1.98991820774609,4.9747952854807,3.97983622839024,7.95966741893892,3.97983622865263,4.97479528729923,3.97983622837319,1.35912614496192e-09,1.98991811421308,0.994959057094093,4.97479528546774,4.97479534552019,4.97479528546944,6.42899067315739e-10,1.98991811421547,5.96975434256046,1.98991811670976,2.98487717131093,1.98991811418739
6.96471339965308,2.98487717127989,2.98487717127989,5.96975434255978,0.994959057093297,3.97983622837319,2.98487717127989,2.98487717127989,3.97983622837319,1.98991811418659,2.98487717127989,1.98991811418659,4.97479528546648,3.97983622837319,7.95966741892721,3.97983622837319,4.97479528546648,3.97983622837319,0,1.98991811418659,0.994959057093297,4.97479528546648,4.97479528546648,4.97479528546648,0,1.98991811418659,5.96975434255978,1.98991811418659,2.98487717127989,1.98991811418659
6.96471339965308,2.98487717127989,2.98487717127989,5.96975434255978,0.994959057093297,3.97983622837319,2.98487717127989,2.98487717127989,3.97983622837319,1.98991811418659,2.98487717127989,1.98991811418659,4.97479528546648,3.97983622837319,7.95966741892721,3.97983622837319,4.97479528546648,3.97983622837319,0,1.98991811418659,0.994959057093297,4.97479528546648,4.97479528546648,4.97479528546648,0,1.98991811418659,5.96975434255978,1.98991811418659,2.98487717127989,1.98991811418659
6.96471339965308,2.98487717127989,2.98487717127989,5.96975434255978,0.994959057093297,3.97983622837319,2.98487717127989,2.98487717127989,3.97983622837319,1.98991811418659,2.98487717127989,1.98991811418659,4.97479528546648,3.97983622837319,7.95966741892732,3.97983622837319,4.97479528546648,3.97983622837319,0,1.98991811418659,0.994959057093297,4.97479528546648,4.97479528546648,4.97479528546648,0,1.98991811418659,5.96975434255978,1.98991811418659,2.98487717127989,1.98991811418659
6.96471339965308,2.98487717127989,2.98487717127989,5.96975434255978,0.994959057093297,3.97983622837319,2.98487717127989,2.98487717127989,3.97983622837319,1.98991811418659,2.98487717127989,1.98991811418659,4.97479528546648,3.97983622837319,7.95966741892721,3.97983622837319,4.97479528546648,3.97983622837319,0,1.98991811418659,0.994959057093297,4.97479528546648,4.97479528546648,4.97479528546648,0,1.98991811418659,5.96975434255978,1.98991811418659,2.98487717127989,1.98991811418659
