102.948817539185,103.55804338389,109.862623093188,96.050363420577,84.2406278108688,91.950142478976,102.78539761271,86.2230774470818,128.74710508291,97.7132702039034,100.488163737813,83.7114780479801,114.267556986944,63.508289035693,118.484969241496,102.465340101252,117.133174147088,101.14890364309,98.4148305969943,112.564543057819,86.7938189698102,127.297599755033,83.0358400464434,103.872528948467,107.544259953705,94.0088918294286,121.883103833716,77.1865256240399,90.8946778780678,108.460285371669
82.7547564414563,81.8668426620052,86.9934091065024,73.8375544918872,72.6211866986914,82.5400401379193,72.2882083117852,86.2230774470818,84.1577699728628,71.7003503818951,83.6605379530474,83.7114780479801,81.1337383233258,63.508289035693,70.2411569831665,47.6777839720462,84.4299522116335,90.0605397787813,68.2701245035414,81.2676459582322,64.158394777281,71.8888197006781,72.5303567024689,64.3594753172856,70.5061860128067,54.9268486471228,63.0145594949004,77.1865256240399,84.6753538301245,96.2561180344132
71.9354358755531,68.9369641366179,55.3877275099908,73.8375544918872,66.3052136313531,62.7759423164034,72.2882083117852,84.7506313263098,70.7258282611633,71.7003503818951,64.8769996505907,80.8945725724484,47.7384104400282,63.508289035693,61.6908520422844,47.6777839720462,53.0179713758794,62.0061529153204,68.2701245035414,56.8938659766013,64.158394777281,67.595640786526,57.3323822395587,44.33051815763,63.8004010656882,54.9268486471228,63.0145594949004,77.1865256240399,60.9409537745,54.3980354736004
45.8159024506706,61.532608721046,55.3877275099908,53.4220017409648,39.6291023314375,51.294035452127,55.90681905155,76.3973947501981,53.4147001915862,58.7000601499976,64.8769996505907,57.1166687612808,47.7384104400282,58.4566858376352,45.8671859405474,47.6777839720462,53.0179713758794,56.4459368606217,53.8445172881511,56.8938659766013,57.40185245469,59.6642904202822,49.0191348196013,44.33051815763,58.0763585629907,49.7485418228152,63.0145594949004,44.4256937655607,43.5940604158404,47.7317601880743
20.5681513202351,19.9792888234656,32.4342435577614,26.3947711410754,13.0548781170144,30.0699512932049,44.3689220724705,20.838748040027,22.5115899015716,28.2696144058757,30.6104606175486,28.6716809839347,19.3812593158241,26.1503615828444,41.1307010622422,28.6039561628634,17.5569826633648,45.7883014885531,28.3675371992499,28.1961432047015,30.7245998461201,34.234291105588,31.6831386767274,41.4874548544274,25.1851060476449,26.3271639201218,33.0592987135065,17.2781531514336,23.941387729521,39.8639154843461
0.0259018140131957,2.6643460840362,23.6053801501548,21.6476084611127,2.11600629436202,22.1494268956899,3.51557320705274,5.09941995259669,2.61805920614506,2.96336841255356,0.884816909970596,21.9392859223863,1.06816564930659,1.05292342122607,3.43479016004949,20.3714473328066,2.85323089111603,22.7679973033621,0.649706467446549,6.85165019769534,22.7630434210384,1.91989598756186,21.1325874918969,22.4682214760494,2.62160811496051,0.0149132633903264,2.82755565686398,1.01484500019569,21.2677522322072,3.31356599577384
4.88641330775863e-06,1.99128842401092,23.2900191348874,21.6089467003219,0.624311685583052,1.77445402335024,0.000587234750128118,3.39865945960469,2.61401831337912,0.462059015513432,0.624143735272582,21.7360946828492,0.994993343620308,0.994974461174024,1.51202705718742,20.1201091646133,0.983985266661875,22.0349186359035,0.624103802243326,1.99069809934099,21.4474610657237,0.996284711342469,21.0690974119341,21.1424409071017,0.895245515171382,2.54658152698539e-06,2.61406262089395,0.994962108952677,20.844490582577,1.61942009992981
3.2134721550392e-09,1.62373069308978,22.6454407140725,21.2956090873242,0.624099367941881,0.624184780211408,1.02977992355591e-07,3.39865945960469,2.61401744150066,2.8519869374577e-05,0.624099330594618,21.7013848568668,0.994959061021973,0.994959060904421,0.8316667058848,20.093950049009,0.000984779783948397,21.4979651608767,0.624099325458474,1.98991828832663,2.58919141576735,0.994959599356207,20.8216941889932,21.0986357377196,0.692217236074384,4.42491909780074e-09,2.6140174404934,0.99495906158927,20.8066849500547,1.61905843398836
2.54476617556065e-09,1.39999858039937,22.6454407140725,21.2956090873242,0.62409932365199,0.624099330900208,6.60065779811703e-10,3.19474217915581,2.61401744082104,7.50446815800387e-09,0.6240993225083,21.7013848568668,0.994959060058818,0.994959058101813,0.8316667058848,20.0859910308238,1.77764832187677e-07,21.4979651608767,0.624099325458474,1.98991811693804,0.971778375948361,0.994959059995153,20.8216941889932,21.0884514048323,0.360242450058422,3.53998075297568e-09,2.61401743655756,0.99495906158927,20.8066849500547,1.61905837899963
4.20641299569979e-10,1.39999858039937,22.6454407140725,21.2956090873242,0.624099323266591,0.624099326110127,6.60065779811703e-10,3.19474217915581,2.61401744082104,6.2807430367684e-09,0.6240993225083,21.7013848568668,0.994959060058818,0.994959058101813,0.714808578739394,20.0744922154449,1.75941750057973e-09,21.4979651608767,0.624099325458474,1.98991811495375,0.624117287843774,0.994959057841697,20.3636280695671,21.0848430297115,0.360242450058422,3.53998075297568e-09,2.61401743655756,0.994959059151824,20.7812885377737,1.61905837899963
1.87583282240666e-10,1.39999858039937,22.6365557378738,21.1891095137671,0.624099321807307,0.624099326110127,6.60065779811703e-10,3.19474217915581,2.61401744082104,6.2807430367684e-09,0.6240993225083,21.6956439128296,0.994959060058818,0.994959058101813,0.460009023094926,20.0656346115807,1.75941750057973e-09,21.3952655566502,0.624099325458474,1.98991811470478,0.624099324195868,0.994959057341248,20.3636280695671,21.0669879210232,0.360242450058422,3.53998075297568e-09,2.61401743655756,0.994959058149107,20.7812885377737,1.61905837899963
5.86624082643539e-11,1.39999858039937,22.6365557378738,21.1891095137671,0.62409932113701,0.624099326110127,6.60065779811703e-10,3.10099478453526,2.61401744082104,6.2807430367684e-09,0.6240993225083,21.6881244096692,0.994959060058818,0.994959058101813,0.460009023094926,20.0646704097319,1.75941750057973e-09,21.3952655566502,0.624099325458474,1.98991811444716,0.624099321875519,0.994959057157985,20.3636280695671,21.0669879210232,0.360242450058422,3.53998075297568e-09,2.61401743655756,0.994959057655706,20.6530249577841,1.61905837854056
5.86624082643539e-11,1.24891222441124,22.6365557378738,21.1891095137671,0.624099320924643,0.624099326110127,1.00271790870465e-10,3.10099478453526,2.61401744082104,6.2807430367684e-09,0.6240993225083,21.6881244096692,0.994959060058818,0.994959058101813,0.308216168574745,20.0646704097319,1.5741079550935e-09,21.3952655566502,0.624099325458474,1.98991811444716,0.624099321875519,0.994959057141386,20.3636280695671,21.0669879210232,0.0501002822818464,3.53998075297568e-09,2.61401743640977,0.994959057565438,20.6530249577841,1.61905837854056
0.000333861586568673,0.995374347834058,21.9704972138024,32.7264760832313,0.624355695423674,0.624536442884619,9.40601717047684e-05,2.61412073696965,2.61413028838228,0.00154491644002519,0.624309381516696,21.6191072041427,0.995038085503438,0.995000671917069,0.000425431027906598,20.0001006050766,0.000196852003227832,20.6234016999097,0.624177014510678,1.9909378591849,0.624388448881518,0.995108808215264,20.0001662853292,20.9949991714261,0.00187629901597575,0.000210781893883905,2.61414592792312,0.994996428501508,32.1024296894327,1.6190971625831
