12607.8197137063,2846.68915688167,3573.06735970334,3854.93323836841,6138.2276602262,9825.15463527968,3648.35005606178,6254.89450712928,3617.34915942609,17844.0445342064,8683.95198519034,15694.3243921311,7903.3918541208,3911.39185590127,3623.96835823149,4093.64380481807,6930.38820016545,3018.28766219755,5014.16299730767,10013.2822581257,4741.1993277464,2750.07688113044,6779.24641929235,10937.4901320743,3947.3516914206,7832.85042909617,7190.2923850848,6405.9799109445,6735.75305314543,8213.49841381884
4933.59579126782,741.239722522863,3236.04577501237,1457.41740915951,3584.12174482331,6266.40284314198,1916.86898933593,564.353406358032,3436.42667844837,5723.44745199588,4339.36427336484,3754.2597261022,2707.9213524906,983.297280875879,2299.35649722878,3184.05977371891,4208.14254441723,1536.20993464866,2627.44499367512,2124.03150203824,1307.0915334818,1431.02456497162,3233.7083686671,3478.42958721604,2261.70960390342,3250.31144514927,3968.91864717297,3810.36513045246,2846.74018472168,3880.38064538034
2833.34728626149,566.69476674481,2965.97369696126,1111.35810396373,952.008590311816,1896.71403249692,373.81696033444,564.353406358032,3112.3676885899,2051.77648641635,2027.23700731534,2081.20710727882,994.31006272581,599.326511637858,1243.32357698529,624.322799549242,1735.51820909873,1281.48626799834,1723.70728660698,1812.19246499076,649.525443552114,1431.02456497162,2199.58744214452,1264.08792409272,642.099447888189,1577.53305005804,1327.57048716902,1687.46424671289,1685.83572010797,2200.07121945159
1506.39572197299,197.337970922678,2853.36516489623,803.57649025189,386.31717376395,1182.26707959009,310.028151708966,332.465856790096,2461.1394280957,712.440872862093,1251.31082641501,448.976463338721,574.660856072001,250.947048934584,337.981828254554,476.610717434641,338.402160324984,857.918476981634,805.735717845781,1210.16764062868,531.154429695333,994.868158128389,1142.29853114092,433.493946357985,249.925446781585,1006.60700754262,915.86476047195,1323.21654086031,1384.24891208986,778.149659660912
823.830557873376,153.139930923239,2712.50077137052,439.132681232688,193.172129311384,795.38017791343,170.327423898683,159.312198881634,446.122014565178,209.802842837063,599.314190706219,199.530965746977,168.11192542636,159.443976889953,175.139566576474,187.925758053489,178.506676292941,472.232176103752,516.080932154155,515.461760291315,171.563249754428,572.185937698806,503.656303026274,190.519584908629,162.281086153172,563.872104996577,500.841306192573,207.743584057045,721.390816372909,169.383232812156
375.788542219446,43.1717636032631,2686.21439278723,326.626232470494,137.94465868071,380.946473387822,123.511539902167,101.32867519013,156.235494857903,121.698674701481,348.112130429549,150.511764450331,88.8317190596335,119.193858696959,74.5868710027894,134.852949200107,148.093266271821,327.678432223001,339.141147643816,337.382713944293,135.856520082791,332.360862663357,335.810282552356,129.033582296014,94.9004325850233,333.37412773571,347.361110533741,151.02551702678,352.689666535916,130.140514380585
302.551140564982,1.21975804785779,2685.71020051215,300.623809015537,6.05839196177885,302.41544816689,2.81529901847989,5.02852053784727,35.2522222748548,7.26042213778555,300.74513467278,12.5113013562959,3.61196530515917,8.54506035015584,1.79149167920104,7.55790719323522,14.4291603727056,300.506497429988,301.008008172621,301.016517326355,6.40870955732544,300.384850097643,300.824964597778,5.98744763085233,3.1953290337924,300.596699059817,301.25600228292,13.0468036445104,301.35681523276,4.36288213553644
300.003507934744,0.00652236049063504,2685.70991049823,300.001023561961,0.0153870938779619,300.004791663133,0.0100892050049879,0.0158185729414981,0.155719216237685,0.042213932519644,300.004416727489,0.0233798020794893,0.0171613058460025,0.0284615868872606,0.00834458419740258,0.0208943824177368,0.0201958300717706,300.001454670636,300.001429010927,300.001549269401,0.0232914039615935,300.001845122736,300.002005055062,0.0193955372124037,0.00523399816529491,300.000618502173,300.005163543136,0.068416658901242,300.001935404313,0.0186593759844982
300.000000253196,2.39725977735361e-07,2685.70991049524,300.000000039969,7.02060788171366e-07,300.000000193848,3.85851762985112e-07,6.66355845169164e-07,7.49466244087671e-06,2.03377203433774e-06,300.000000463382,1.753889137035e-06,2.08812298296834e-06,1.96620067072217e-06,5.47597664990462e-07,1.69771556102205e-06,1.14209706225665e-06,300.000000141613,300.000000251684,300.000000082019,1.20072536446969e-06,300.000000064959,300.000000244259,1.34441279442399e-06,4.26509359385818e-07,300.00000005806,300.000000501699,5.30444413016085e-06,300.000000377297,2.22914104597294e-06
300,4.54747350886464e-13,2685.70991049524,300,4.54747350886464e-13,300,4.54747350886464e-13,4.54747350886464e-13,1.36424205265939e-12,4.54747350886464e-13,300,1.36424205265939e-12,9.09494701772928e-13,9.09494701772928e-13,4.54747350886464e-13,9.09494701772928e-13,9.09494701772928e-13,300,300,300,4.54747350886464e-13,300,300,9.09494701772928e-13,9.09494701772928e-13,300,300,1.36424205265939e-12,300.000000000001,9.09494701772928e-13
300,4.54747350886464e-13,2685.70991049524,300,4.54747350886464e-13,300,4.54747350886464e-13,4.54747350886464e-13,4.54747350886464e-13,4.54747350886464e-13,300,4.54747350886464e-13,4.54747350886464e-13,4.54747350886464e-13,4.54747350886464e-13,4.54747350886464e-13,4.54747350886464e-13,300,300,300,4.54747350886464e-13,300,300,4.54747350886464e-13,4.54747350886464e-13,300,300,4.54747350886464e-13,300,4.54747350886464e-13
300,4.54747350886464e-13,2685.70991049524,300,4.54747350886464e-13,300,0,4.54747350886464e-13,4.54747350886464e-13,4.54747350886464e-13,300,4.54747350886464e-13,4.54747350886464e-13,4.54747350886464e-13,4.54747350886464e-13,4.54747350886464e-13,4.54747350886464e-13,300,300,300,4.54747350886464e-13,300,300,4.54747350886464e-13,4.54747350886464e-13,300,300,4.54747350886464e-13,300,4.54747350886464e-13
300,0,2685.70991049524,300,4.54747350886464e-13,300,0,4.54747350886464e-13,4.54747350886464e-13,4.54747350886464e-13,300,4.54747350886464e-13,4.54747350886464e-13,4.54747350886464e-13,4.54747350886464e-13,4.54747350886464e-13,4.54747350886464e-13,300,300,300,4.54747350886464e-13,300,300,4.54747350886464e-13,4.54747350886464e-13,300,300,4.54747350886464e-13,300,4.54747350886464e-13
300,0,2685.70991049524,300,4.54747350886464e-13,300,0,4.54747350886464e-13,4.54747350886464e-13,4.54747350886464e-13,300,0,4.54747350886464e-13,4.54747350886464e-13,4.54747350886464e-13,0,4.54747350886464e-13,300,300,300,0,300,300,4.54747350886464e-13,4.54747350886464e-13,300,300,4.54747350886464e-13,300,4.54747350886464e-13
300,0,2685.70991049524,300,4.54747350886464e-13,300,0,4.54747350886464e-13,4.54747350886464e-13,4.54747350886464e-13,300,0,4.54747350886464e-13,4.54747350886464e-13,4.54747350886464e-13,0,4.54747350886464e-13,300,300,300,0,300,300,4.54747350886464e-13,4.54747350886464e-13,300,300,4.54747350886464e-13,300,4.54747350886464e-13
300,0,2685.70991049524,300,4.54747350886464e-13,300,0,4.54747350886464e-13,0,4.54747350886464e-13,300,0,4.54747350886464e-13,4.54747350886464e-13,0,0,4.54747350886464e-13,300,300,300,0,300,300,4.54747350886464e-13,4.54747350886464e-13,300,300,4.54747350886464e-13,300,4.54747350886464e-13
