173.258079757947,188.075137964465,191.348614703445,166.965210552227,174.447106328561,5431.92201010697,175.775857980355,184.402591801053,232.448407904163,188.830387762546,183.149549027033,175.92791870282,174.017312832837,172.533599658736,176.606971706208,179.390172155116,189.144142871215,3923.4123851015,176.782849644471,181.321239472183,171.695112081547,228.812795173722,175.119830617697,186.398846963001,173.588419328988,180.863390162398,174.619797100454,181.130750612228,174.944877523154,173.388324490993
164.923418215282,165.322763026828,166.825876446231,164.945154247101,165.016158301292,2740.74289025465,165.409150331283,165.086296999973,167.445551271497,165.060965529446,165.363918382292,165.305707469247,164.941481693782,164.97869059902,165.017634018935,165.559225731011,165.206517826523,3244.66572545186,165.386870172753,164.947627755718,164.936073523758,169.843063998791,164.983712606569,168.322887795817,164.978116844278,167.887963192868,164.989321022782,165.301922515272,164.950642007384,164.931987564309
164.921944102474,164.922179809481,165.522358034842,164.931018671647,164.921951156368,516.294864221732,165.215434415385,164.932200304927,165.227140600672,164.92198479202,164.922698516815,165.214495014899,164.931083587049,164.97587086561,164.931212434291,164.93244285448,165.073320092175,2408.2311916615,164.933363879689,164.931143286021,164.921949089245,165.545372128641,164.921971192475,165.449630724737,164.921976079247,167.530892038451,164.931363271189,164.922503655057,164.921953084774,164.921947788188
164.921941568,164.921941568289,165.51615723837,164.93100790291,164.921941568019,388.010523842197,165.212606864243,164.931007904671,165.212614250807,164.921941568047,164.921941568539,165.212605951589,164.931007902916,164.975867633919,164.931007904047,164.93100790672,165.072592263327,1714.6113410881,164.931008098614,164.931007904026,164.921941568006,165.516157470491,164.921941568034,165.212627883945,164.9219415681,167.53016975019,164.931007903105,164.921941569332,164.92194156801,164.921941568005
164.921941568,164.921941568,165.516157123748,164.931007902907,164.921941568,195.924390746049,165.212605597661,164.931007902907,165.212605597661,164.921941568,164.921941568,165.212605597661,164.931007902907,164.975867633901,164.931007902907,164.931007902907,165.072592150448,284.549726173696,164.931007902907,164.931007902907,164.921941568,165.516157123747,164.921941568,165.212605597661,164.921941568,167.530169743386,164.931007902907,164.921941568,164.921941568,164.921941568
164.921941568,164.921941568,165.516157123747,164.931007902907,164.921941568,171.806242005833,165.212605597661,164.931007902907,165.212605597661,164.921941568,164.921941568,165.212605597661,164.931007902907,164.975867633901,164.931007902907,164.931007902907,165.072592150448,175.687833893289,164.931007902907,164.931007902907,164.921941568,165.516157123747,164.921941568,165.212605597661,164.921941568,167.530169743386,164.931007902907,164.921941568,164.921941568,164.921941568
164.921941568,164.921941568,165.516157123747,164.931007902907,164.921941568,165.611726047231,165.212605597661,164.931007902907,165.212605597661,164.921941568,164.921941568,165.212605597661,164.931007902907,164.975867633901,164.931007902907,164.931007902907,165.072592150448,167.206290178022,164.931007902907,164.931007902907,164.921941568,165.516157123747,164.921941568,165.212605597661,164.921941568,167.530169743386,164.931007902907,164.921941568,164.921941568,164.921941568
164.921941568,164.921941568,165.516157123747,164.931007902907,164.921941568,165.083100100179,165.212605597661,164.931007902907,165.212605597661,164.921941568,164.921941568,165.212605597661,164.931007902907,164.975867633901,164.931007902907,164.931007902907,165.072592150448,166.599412014058,164.931007902907,164.931007902907,164.921941568,165.516157123747,164.921941568,165.212605597661,164.921941568,167.530169743386,164.931007902907,164.921941568,164.921941568,164.921941568
164.921941568,164.921941568,165.516157123747,164.931007902907,164.921941568,165.069768310384,165.212605597661,164.931007902907,165.212605597661,164.921941568,164.921941568,165.212605597661,164.931007902907,164.975867633901,164.931007902907,164.931007902907,165.072592150448,166.569346877896,164.931007902907,164.931007902907,164.921941568,165.516157123747,164.921941568,165.212605597661,164.921941568,167.530169743386,164.931007902907,164.921941568,164.921941568,164.921941568
164.921941568,164.921941568,165.516157123747,164.931007902907,164.921941568,165.068291427361,165.212605597661,164.931007902907,165.212605597661,164.921941568,164.921941568,165.212605597661,164.931007902907,164.975867633901,164.931007902907,164.931007902907,165.072592150448,166.567906308478,164.931007902907,164.931007902907,164.921941568,165.516157123747,164.921941568,165.212605597661,164.921941568,167.530169743386,164.931007902907,164.921941568,164.921941568,164.921941568
164.921941568,164.921941568,165.516157123747,164.931007902907,164.921941568,165.06819643823,165.212605597661,164.931007902907,165.212605597661,164.921941568,164.921941568,165.212605597661,164.931007902907,164.975867633901,164.931007902907,164.931007902907,165.072592150448,166.567852877421,164.931007902907,164.931007902907,164.921941568,165.516157123747,164.921941568,165.212605597661,164.921941568,167.530169743386,164.931007902907,164.921941568,164.921941568,164.921941568
164.921941568,164.921941568,165.516157123747,164.931007902907,164.921941568,165.068192800176,165.212605597661,164.931007902907,165.212605597661,164.921941568,164.921941568,165.212605597661,164.931007902907,164.975867633901,164.931007902907,164.931007902907,165.072592150448,166.567849177249,164.931007902907,164.931007902907,164.921941568,165.516157123747,164.921941568,165.212605597661,164.921941568,167.530169743386,164.931007902907,164.921941568,164.921941568,164.921941568
164.921941568,164.921941568,165.516157123747,164.931007902907,164.921941568,165.06819236196,165.212605597661,164.931007902907,165.212605597661,164.921941568,164.921941568,165.212605597661,164.931007902907,164.975867633901,164.931007902907,164.931007902907,165.072592150448,166.567848901283,164.931007902907,164.931007902907,164.921941568,165.516157123747,164.921941568,165.212605597661,164.921941568,167.530169743386,164.931007902907,164.921941568,164.921941568,164.921941568
164.921941568,164.921941568,165.516157123747,164.931007902907,164.921941568,165.068192334356,165.212605597661,164.931007902907,165.212605597661,164.921941568,164.921941568,165.212605597661,164.931007902907,164.975867633901,164.931007902907,164.931007902907,165.072592150448,166.567848865637,164.931007902907,164.931007902907,164.921941568,165.516157123747,164.921941568,165.212605597661,164.921941568,167.530169743386,164.931007902907,164.921941568,164.921941568,164.921941568
