10.4641071518685,6.09905380163639,29.8810543038506,40.0317595402965,33.8325726416239,5.17349802703473,16.3266275536133,47.2141133633177,13.5689388516463,6.75106158826731,25.2954120425248,2.03943283803557,24.2515421501677,66.6622417044435,8.6865760175296,12.2072302678247,62.0665686754286,12.8104800045536,51.287656085034,14.9523636694533,6.99023927016128,37.5880669380288,38.436614154233,61.0020984354309,62.9735853268735,60.2576755760564,20.7163791250484,4.23628944922115,6.94270598808708,7.19148760950856
4.2755273802822,0.0134672003674154,0.0745218302806734,0.158145113529145,0.370653957236243,4.09699204806259,0.0648594138962721,0.152349192650604,0.0985833036063468,0.0979972109024061,0.272912764821228,0.0391554613994458,3.99815937996254,4.5033620133695,0.0170762534742153,0.0487961476652004,10.1668202782448,4.00889887146496,4.03247051699174,8.9495364934794,0.118248422260592,0.120889963797538,4.05663265646189,0.128422989777221,14.552730043309,0.140841872041335,0.139749320700673,0.0438818504260325,0.0151106912085197,0.0817499698048891
3.98695168823332,8.42998701955366e-08,5.64899704613708e-06,2.34657618989331e-05,0.00229221640887545,3.98661270384002,7.94442007645557e-06,0.000690863306658684,1.07801899389415e-05,4.99560572961855e-05,0.00140481324751818,1.25376675441657e-06,3.98657952019727,3.99190244425051,3.71920918951218e-07,4.8397599243799e-06,8.92166346206096,3.98657949874382,3.98662203249091,8.91629395702188,9.03903514881677e-05,0.000103660398337979,3.98660903437047,9.13368950818949e-05,8.92864150729923,0.000183368786963456,0.000473183951783085,4.47856967866755e-06,2.96336565952515e-07,8.7624447928647e-06
3.98657911234716,0,0,0,1.13686837721616e-13,3.98657911234716,0,0,0,0,5.6843418860808e-14,0,3.98657911234716,3.98657911235006,0,0,8.91610195538181,3.98657911234716,3.98657911234716,8.91610192783571,0,0,3.98657911234716,0,8.91610199364521,0,0,0,0,0
3.98657911234716,0,0,0,0,3.98657911234716,0,0,0,0,0,0,3.98657911234716,3.98657911234716,0,0,8.91610192778131,3.98657911234716,3.98657911234716,8.91610192778131,0,0,3.98657911234716,0,8.91610192778131,0,0,0,0,0
3.98657911234716,0,0,0,0,3.98657911234716,0,0,0,0,0,0,3.98657911234716,3.98657911234716,0,0,8.91610192778131,3.98657911234716,3.98657911234716,8.91610192778131,0,0,3.98657911234716,0,8.91610192778131,0,0,0,0,0
3.98657911234716,0,0,0,0,3.98657911234716,0,0,0,0,0,0,3.98657911234716,3.98657911234716,0,0,8.91610192778131,3.98657911234716,3.98657911234716,8.91610192778131,0,0,3.98657911234716,0,8.91610192778131,0,0,0,0,0
3.98657911234716,0,0,0,0,3.98657911234716,0,0,0,0,0,0,3.98657911234716,3.98657911234716,0,0,8.91610192778131,3.98657911234716,3.98657911234716,8.91610192778131,0,0,3.98657911234716,0,8.91610192778131,0,0,0,0,0
3.98657911234716,0,0,0,0,3.98657911234716,0,0,0,0,0,0,3.98657911234716,3.98657911234716,0,0,8.91610192778131,3.98657911234716,3.98657911234716,8.91610192778131,0,0,3.98657911234716,0,8.91610192778131,0,0,0,0,0
3.98657911234716,0,0,0,0,3.98657911234716,0,0,0,0,0,0,3.98657911234716,3.98657911234716,0,0,8.91610192778131,3.98657911234716,3.98657911234716,8.91610192778131,0,0,3.98657911234716,0,8.91610192778131,0,0,0,0,0
3.98657911234716,0,0,0,0,3.98657911234716,0,0,0,0,0,0,3.98657911234716,3.98657911234716,0,0,8.91610192778131,3.98657911234716,3.98657911234716,8.91610192778131,0,0,3.98657911234716,0,8.91610192778131,0,0,0,0,0
3.98657911234716,0,0,0,0,3.98657911234716,0,0,0,0,0,0,3.98657911234716,3.98657911234716,0,0,8.91610192778131,3.98657911234716,3.98657911234716,8.91610192778131,0,0,3.98657911234716,0,8.91610192778131,0,0,0,0,0
3.98657911234716,0,0,0,0,3.98657911234716,0,0,0,0,0,0,3.98657911234716,3.98657911234716,0,0,8.91610192778131,3.98657911234716,3.98657911234716,8.91610192778131,0,0,3.98657911234716,0,8.91610192778131,0,0,0,0,0
3.98657911234716,0,0,0,0,3.98657911234716,0,0,0,0,0,0,3.98657911234716,3.98657911234716,0,0,8.91610192778131,3.98657911234716,3.98657911234716,8.91610192778131,0,0,3.98657911234716,0,8.91610192778131,0,0,0,0,0
