44.7145100718459,47.3485933268594,35.1258454354239,47.9367068817921,93.5297645452999,53.1471395302354,43.1213456916312,61.6876590655238,43.0887110736542,152.2270773268,66.0429857727723,55.7192393533118,103.476070352404,176.106616514195,194.016781717501,139.303265656481,35.5988757505646,126.359108895178,119.394050254585,42.8332486613612,60.6940689476811,45.8065221663508,119.394539410352,54.5998148562827,99.5320497861425,38.8034957549802,97.5058708934923,85.565946243128,164.878951361352,159.192384746389
32.4879441830632,5.11711083449768,0.995394894376091,47.7578182473501,93.5252273413623,7.63605681541844,7.2845950367041,61.6872292547628,5.77088238851695,152.226275583985,2.31760160176123,55.7173374710459,103.474473103416,176.105539241101,194.014013473512,139.292027703712,3.97994584107732,126.358221629168,119.393410248397,16.1889757347139,60.6919229806567,33.323291540029,119.394026374634,40.0281138783756,99.4951563090809,38.803256720175,97.5050585115266,85.5653364275144,164.861187249105,159.191540013175
2.98495611539829,3.9798404495084,0.994959057757114,47.7578173849605,93.5252273202149,6.96471593405033,5.96978357794831,61.6872292537043,2.98488509457286,152.226275581489,0.994972597160427,55.717337469946,103.474473096984,176.105539239865,194.01401345532,139.292027696007,3.97983622868992,126.358221628793,119.39341024348,4.97492524791096,60.6919229743193,3.98064505427283,119.394026373438,4.0127659250403,99.4951561336961,38.8032567197974,97.5050585107689,85.5653364248699,164.861181899636,159.191540012797
2.98487717127989,3.97983622837319,0.994959057093297,47.7578173849586,93.5252273202148,6.96471339965308,5.96975434255978,61.6872292537043,2.98487717127989,152.226275581488,0.994959057093297,55.717337469946,103.474473096984,176.105539239865,194.01401345532,139.292027696007,3.97983622837319,126.358221628793,119.39341024348,4.97479528546648,60.6919229743191,3.97983622837319,119.394026373438,3.97983622837341,99.495156133696,38.8032567197974,97.5050585107689,85.5653364248699,164.86118189899,159.191540012797
2.98487717127989,3.97983622837319,0.994959057093297,47.7578173849586,93.5252273202148,6.96471339965308,5.96975434255978,61.6872292537043,2.98487717127989,152.226275581488,0.994959057093297,55.717337469946,103.474473096984,176.105539239865,194.01401345532,139.292027696007,3.97983622837319,126.358221628793,119.39341024348,4.97479528546648,60.6919229743191,3.97983622837319,119.394026373438,3.97983622837319,99.495156133696,38.8032567197974,97.5050585107688,85.5653364248699,164.86118189899,159.191540012797
2.98487717127989,3.97983622837319,0.994959057093297,47.7578173849585,93.5252273202148,6.96471339965308,5.96975434255978,61.6872292537043,2.98487717127989,152.226275581488,0.994959057093297,55.717337469946,103.474473096984,176.105539239865,194.01401345532,139.292027696007,3.97983622837319,126.358221628793,119.39341024348,4.97479528546648,60.6919229743191,3.97983622837319,119.394026373437,3.97983622837319,99.495156133696,38.8032567197974,97.5050585107688,85.5653364248699,164.86118189899,159.191540012797
2.98487717127989,3.97983622837319,0.994959057093297,47.7578173849585,93.5252273202148,6.96471339965308,5.96975434255978,61.6872292537043,2.98487717127989,152.226275581488,0.994959057093297,55.717337469946,103.474473096984,176.105539239865,194.01401345532,139.292027696007,3.97983622837319,126.358221628793,119.39341024348,4.97479528546648,60.6919229743191,3.97983622837319,119.394026373437,3.97983622837319,99.495156133696,38.8032567197974,97.5050585107688,85.5653364248699,164.86118189899,159.191540012797
2.98487717127989,3.97983622837319,0.994959057093297,47.7578173849585,93.5252273202148,6.96471339965308,5.96975434255978,61.6872292537043,2.98487717127989,152.226275581488,0.994959057093297,55.7173374699458,103.474473096984,176.105539239865,194.01401345532,139.292027696007,3.97983622837319,126.358221628793,119.39341024348,4.97479528546648,60.6919229743191,3.97983622837319,119.394026373437,3.97983622837319,99.495156133696,38.8032567197974,97.5050585107688,85.5653364248699,164.86118189899,159.191540012797
2.98487717127989,3.97983622837319,0.994959057093297,47.7578173849585,93.5252273202148,6.96471339965308,5.96975434255978,61.6872292537043,2.98487717127989,152.226275581488,0.994959057093297,55.7173374699458,103.474473096984,176.105539239865,194.01401345532,139.292027696007,3.97983622837319,126.358221628793,119.39341024348,4.97479528546648,60.6919229743191,3.97983622837319,119.394026373437,3.97983622837319,99.495156133696,38.8032567197974,97.5050585107688,85.5653364248699,164.86118189899,159.191540012797
2.98487717127989,3.97983622837319,0.994959057093297,47.7578173849585,93.5252273202148,6.96471339965308,5.96975434255978,61.6872292537043,2.98487717127989,152.226275581488,0.994959057093297,55.7173374699458,103.474473096984,176.105539239865,194.01401345532,139.292027696007,3.97983622837319,126.358221628793,119.39341024348,4.97479528546648,60.6919229743191,3.97983622837319,119.394026373437,3.97983622837319,99.495156133696,38.8032567197974,97.5050585107688,85.5653364248699,164.86118189899,159.191540012797
2.98487717127989,3.97983622837319,0.994959057093297,47.7578173849585,93.5252273202148,6.96471339965308,5.96975434255978,61.6872292537043,2.98487717127989,152.226275581488,0.994959057093297,55.7173374699458,103.474473096984,176.105539239865,194.01401345532,139.292027696007,3.97983622837319,126.358221628793,119.39341024348,4.97479528546648,60.6919229743191,3.97983622837319,119.394026373437,3.97983622837319,99.495156133696,38.8032567197974,97.5050585107688,85.5653364248699,164.86118189899,159.191540012797
2.98487717127989,3.97983622837319,0.994959057093297,47.7578173849585,93.5252273202148,6.96471339965308,5.96975434255978,61.6872292537043,2.98487717127989,152.226275581488,0.994959057093297,55.7173374699458,103.474473096984,176.105539239865,194.01401345532,139.292027696007,3.97983622837319,126.358221628793,119.39341024348,4.97479528546648,60.6919229743191,3.97983622837319,119.394026373437,3.97983622837319,99.495156133696,38.8032567197974,97.5050585107688,85.5653364248699,164.86118189899,159.191540012797
2.98487717127989,3.97983622837319,0.994959057093297,47.7578173849585,93.5252273202148,6.96471339965308,5.96975434255978,61.6872292537043,2.98487717127989,152.226275581488,0.994959057093297,55.7173374699458,103.474473096984,176.105539239865,194.01401345532,139.292027696007,3.97983622837319,126.358221628793,119.39341024348,4.97479528546648,60.6919229743191,3.97983622837319,119.394026373437,3.97983622837319,99.495156133696,38.8032567197974,97.5050585107688,85.5653364248699,164.86118189899,159.191540012797
2.98487717127989,3.97983622837319,0.994959057093297,47.7578173849585,93.5252273202148,6.96471339965308,5.96975434255978,61.6872292537043,2.98487717127989,152.226275581488,0.994959057093297,55.7173374699458,103.474473096984,176.105539239865,194.01401345532,139.292027696007,3.97983622837319,126.358221628793,119.39341024348,4.97479528546648,60.6919229743191,3.97983622837319,119.394026373437,3.97983622837319,99.495156133696,38.8032567197974,97.5050585107688,85.5653364248699,164.86118189899,159.191540012797
