149.358488847437,149.169146342552,171.933111832872,107.971520642899,135.668881729736,183.294818388551,149.064625649368,88.8400858600371,136.692283446022,184.492958413836,173.887341935861,103.175399955367,147.503725201737,199.50976737406,233.279433787581,173.231051330503,184.867850321933,162.66799101814,164.023506530233,223.920720149444,105.398457250929,149.825704870602,154.501214364607,159.573257317881,146.243127277901,69.1826261810006,137.791150546382,121.102961038535,187.189643211059,171.207975669095
147.788092259625,139.249147930564,141.064259499611,84.4627070673707,116.208683256065,183.294818388551,149.064625649368,79.501566465506,136.692283446022,182.837680417157,166.282298625044,90.1300322863483,136.751078080735,199.50976737406,224.991480085431,173.231051330503,175.552555093093,154.30191133321,161.486267258263,223.920720149444,98.8946723607696,126.984925979821,146.442525937784,157.864885773245,146.243127277901,54.6409199877971,123.564007928356,112.680263092872,187.189643211059,171.207975669095
116.48602495103,139.249147930564,141.064259499611,84.4627070673707,116.208683256065,177.799355363847,128.34964181266,67.5504254925372,116.166378863871,168.615001173243,151.851979944073,78.9524438848414,124.23207040555,182.652297238587,224.991480085431,173.231051330503,158.871148107352,134.657071591345,138.325051061678,146.140116742081,86.3542153251125,126.984925979821,137.3811646293,134.62803116702,132.469034654895,50.0382436218838,107.830083747993,93.4406108077695,176.55750643943,166.843238341158
88.3798218713032,74.5567033389852,108.306301208777,77.6539813043806,98.7476822617602,120.913889695585,58.1397587702095,63.2689245614436,57.079894189317,154.60225845135,126.084221183867,66.1952342008531,109.85647580195,176.899060405475,212.134844171078,145.272918931488,96.9738957998978,128.947142954079,121.884693898084,88.1567942679458,66.0190575611334,76.7221048632241,122.239738507018,84.1469217542784,107.710958962284,40.7696864863738,101.342360881991,89.8735986161694,168.190031691304,160.552938458439
53.2393136201622,62.5213715832958,65.2800335121606,52.9412659859154,94.0907359857769,75.9817459219953,44.9896975618835,61.7259478560894,43.0887110736542,152.8161154235,76.9295678066296,56.029395664323,103.753472217046,176.16912619947,194.478369019449,139.83631889721,58.8306257558771,126.444332636158,119.461883502689,60.9245418532012,60.9347336504045,55.0651660531188,119.537568151408,58.0165369884302,102.291537247109,38.8879857721474,97.5844510571444,85.8057156581013,165.252334497089,159.261815501557
44.7145100718459,47.3485933268594,35.1258454354239,47.9367068817921,93.5297645452999,53.1471395302354,43.1213456916312,61.6876590655238,43.0887110736542,152.2270773268,66.0429857727723,55.7192393533118,103.476070352404,176.106616514195,194.016781717501,139.303265656481,35.5988757505646,126.359108895178,119.394050254585,42.8332486613612,60.6940689476811,45.8065221663508,119.394539410352,54.5998148562827,99.5320497861425,38.8034957549802,97.5058708934923,85.565946243128,164.878951361352,159.192384746389
37.2845256648314,32.5138131370768,1.0817536058122,47.7578830627854,93.5252288411606,32.6433816004894,33.0596539228638,61.6872293611956,25.4810349090699,152.226275907226,21.9459445564727,55.7173376052287,103.474473999728,176.105539390818,194.014016430771,139.292031006078,4.01972926476094,126.358221788466,119.393410588953,36.2042894149478,60.6919243324306,37.2334500781396,119.394026686719,41.5952340270768,99.495176536111,38.8032567979054,97.5050586263978,85.565336748632,164.861361782286,159.191540131628
3.06074537505538,3.98272561550095,0.994959899862579,47.7578173870124,93.5252273202362,6.96545272215099,5.97476820386294,61.6872292537057,2.98599550913877,152.22627558149,1.00213488136592,55.7173374699473,103.474473096998,176.105539239866,194.014013455394,139.292027696011,3.97983630700571,126.358221628794,119.393410243482,4.99667505718628,60.6919229743391,4.24545616124158,119.39402637344,7.83299452338952,99.4951561337928,38.8032567197976,97.5050585107695,85.5653364248731,164.861181953217,159.191540012797
2.98487717166131,3.97983622839206,0.994959057093297,47.7578173849586,93.5252273202148,6.96471339966274,5.9697543426289,61.6872292537043,2.98487717130081,152.226275581488,0.994959057150595,55.717337469946,103.474473096984,176.105539239865,194.01401345532,139.292027696007,3.97983622837319,126.358221628793,119.39341024348,4.9747952856884,60.6919229743191,3.97983622963852,119.394026373438,3.97983626339169,99.495156133696,38.8032567197974,97.5050585107689,85.5653364248699,164.86118189899,159.191540012797
2.98487717127989,3.97983622837319,0.994959057093297,47.7578173849586,93.5252273202148,6.96471339965308,5.96975434255978,61.6872292537043,2.98487717127989,152.226275581488,0.994959057093297,55.717337469946,103.474473096984,176.105539239865,194.01401345532,139.292027696007,3.97983622837319,126.358221628793,119.39341024348,4.97479528546648,60.6919229743191,3.97983622837319,119.394026373438,3.97983622837319,99.495156133696,38.8032567197974,97.5050585107689,85.5653364248699,164.86118189899,159.191540012797
2.98487717127989,3.97983622837319,0.994959057093297,47.7578173849586,93.5252273202148,6.96471339965308,5.96975434255978,61.6872292537043,2.98487717127989,152.226275581488,0.994959057093297,55.717337469946,103.474473096984,176.105539239865,194.01401345532,139.292027696007,3.97983622837319,126.358221628793,119.39341024348,4.97479528546648,60.6919229743191,3.97983622837319,119.394026373438,3.97983622837319,99.495156133696,38.8032567197974,97.5050585107688,85.5653364248699,164.86118189899,159.191540012797
2.98487717127989,3.97983622837319,0.994959057093297,47.7578173849585,93.5252273202148,6.96471339965308,5.96975434255978,61.6872292537043,2.98487717127989,152.226275581488,0.994959057093297,55.717337469946,103.474473096984,176.105539239865,194.01401345532,139.292027696007,3.97983622837319,126.358221628793,119.39341024348,4.97479528546648,60.6919229743191,3.97983622837319,119.394026373437,3.97983622837319,99.495156133696,38.8032567197974,97.5050585107688,85.5653364248699,164.86118189899,159.191540012797
2.98487717127989,3.97983622837319,0.994959057093297,47.7578173849585,93.5252273202148,6.96471339965308,5.96975434255978,61.6872292537043,2.98487717127989,152.226275581488,0.994959057093297,55.717337469946,103.474473096984,176.105539239865,194.01401345532,139.292027696007,3.97983622837319,126.358221628793,119.39341024348,4.97479528546648,60.6919229743191,3.97983622837319,119.394026373437,3.97983622837319,99.495156133696,38.8032567197974,97.5050585107688,85.5653364248699,164.86118189899,159.191540012797
2.98487717127989,3.97983622837319,0.994959057093297,47.7578173849585,93.5252273202148,6.96471339965308,5.96975434255978,61.6872292537043,2.98487717127989,152.226275581488,0.994959057093297,55.7173374699458,103.474473096984,176.105539239865,194.01401345532,139.292027696007,3.97983622837319,126.358221628793,119.39341024348,4.97479528546648,60.6919229743191,3.97983622837319,119.394026373437,3.97983622837319,99.495156133696,38.8032567197974,97.5050585107688,85.5653364248699,164.86118189899,159.191540012797
2.98487717127989,3.97983622837319,0.994959057093297,47.7578173849585,93.5252273202148,6.96471339965308,5.96975434255978,61.6872292537043,2.98487717127989,152.226275581488,0.994959057093297,55.7173374699458,103.474473096984,176.105539239865,194.01401345532,139.292027696007,3.97983622837319,126.358221628793,119.39341024348,4.97479528546648,60.6919229743191,3.97983622837319,119.394026373437,3.97983622837319,99.495156133696,38.8032567197974,97.5050585107688,85.5653364248699,164.86118189899,159.191540012797
2.98487717127989,3.97983622837319,0.994959057093297,47.7578173849585,93.5252273202148,6.96471339965308,5.96975434255978,61.6872292537043,2.98487717127989,152.226275581488,0.994959057093297,55.7173374699458,103.474473096984,176.105539239865,194.01401345532,139.292027696007,3.97983622837319,126.358221628793,119.39341024348,4.97479528546648,60.6919229743191,3.97983622837319,119.394026373437,3.97983622837319,99.495156133696,38.8032567197974,97.5050585107688,85.5653364248699,164.86118189899,159.191540012797
