597.951885331246,319.993028320237,491.776497981994,442.613903597086,697.64706797471,334.539938229191,523.375654095275,271.139214050307,235.511651207037,455.879851977127,363.104161008935,362.08116105181,281.892942939197,606.987173766844,317.953468760822,185.018258214448,211.400754613292,306.234295254915,443.954102499273,176.07929345112,404.323350697442,395.969204707068,283.362882592618,311.081040475134,870.303346360569,516.668211217193,594.810387252203,230.581262978811,638.552849637281,693.475429701786
514.693578727585,312.120617657317,440.807970096107,440.273207003186,671.420990499015,325.05299500404,523.375654095275,267.501164281667,235.511651207037,453.676206412541,278.395404343401,336.855572884013,226.588748747071,553.040752404089,243.038425564941,90.7612986358695,181.410534844548,264.399597204925,434.309548014503,172.081088435873,290.782979775297,241.60097987055,129.047759087831,284.175599859241,465.951840478106,492.851206072079,563.641447612202,212.679861330506,518.842258647159,663.154535814973
454.73680033539,306.620595368797,440.807970096107,432.25106081585,659.906411809508,314.106466727387,486.681812568997,251.286000742515,235.511651207037,445.644843187446,278.395404343401,336.855572884013,211.45608968541,538.829124037286,239.443908168347,81.4015339665893,161.749491359179,263.81228583252,432.780503691001,169.825645873237,290.782979775297,219.680650205302,129.047759087831,265.049160209628,465.951840478106,475.071315858931,563.641447612202,212.360774723335,506.70738124219,624.490984876961
454.73680033539,306.620595368797,440.807970096107,423.308388617242,651.247340487567,314.106466727387,480.559731290383,247.728567422127,233.120765997224,441.199958028556,278.395404343401,321.462793915134,204.228230983626,514.760279476842,224.005405616963,80.9151716573988,161.749491359179,221.182575327731,430.441049287938,158.142520640709,290.782979775297,219.680650205302,129.047759087831,263.631701269817,465.951840478106,475.071315858931,563.641447612202,195.464243130334,506.70738124219,604.065960749837
429.382611772458,283.866664284195,433.621004300764,409.551858729328,634.944925710889,313.798382324635,455.29188062978,232.863072398829,216.129459466862,420.81857522974,272.180856238128,299.36097965197,189.496460831752,499.325428281637,208.135909936791,49.254586094125,145.74836583868,180.914290631455,404.206431455179,135.801430146527,286.656431599918,201.498724513337,129.047759087831,255.110778273377,459.037191788497,459.936524025877,548.410228122264,184.070101719959,476.329801257042,581.428706656199
419.314038969924,277.880460451689,410.859952370702,395.19058237856,632.281596016509,304.434324129468,442.942761244682,212.354660256075,198.771219734327,401.047586782841,260.188716252807,294.435369895592,180.464039695205,480.233486873748,205.792696872304,41.9969775600341,139.22967906631,79.917125401098,383.357548829857,116.024335754465,279.889439234043,180.225533900873,115.946313253474,241.3233796615,448.455918109204,452.058497890785,544.200601913752,178.718732185391,469.283545397219,567.085435060399
417.779615603064,275.679169420911,406.480688176978,391.8357775157,631.327917763864,303.363894142974,438.304890813,211.114593748051,194.677075616321,399.126252118631,257.742520812512,292.067160595154,178.420486498813,478.874215275549,204.968850845939,39.2617654488797,138.956789244304,41.7630697200134,381.161298536043,115.845793731748,278.887320382649,177.054148543551,113.761539901045,239.9355694526,447.748909014229,450.794259409155,543.405619314527,177.665913647567,468.006500902521,565.996088370032
416.358501643779,275.245244196083,403.562454469983,391.285271139418,631.238012913242,303.18014567435,437.805920896471,210.816163373138,192.388640284474,398.807121081238,257.300521077109,291.147778280908,178.112957757523,478.312984865237,204.739181060566,38.4361955563347,138.925185945917,27.0897132762973,380.682970079145,115.086691572006,278.804392006977,176.494701500623,113.422753229485,239.82302609916,447.52680642632,450.649131210333,543.202197892337,177.502865470035,467.657055724269,565.767034677694
416.092790837112,275.179424214593,403.187119349754,391.247625905507,631.224103111629,303.149975432783,437.261736745672,210.774130824705,192.104433763684,398.749376184111,257.173916094387,291.013352529981,178.103018859274,478.240496443154,204.697987687633,38.3524059290505,138.564886537823,24.2701376164648,380.630153603013,114.493423402947,278.788298170623,176.012039433724,113.388672081582,239.787412590337,447.271419303133,450.631822841758,543.180303087212,177.484731817197,467.603021951013,565.752606603815
416.069304410476,275.163617693122,403.148834486016,391.244888299028,631.21769834278,303.137698758919,437.168283275633,210.765000144208,192.086685960036,398.736622798636,257.157359007223,290.98924927553,178.100651271723,478.223399659164,204.68431019063,38.3426549891758,138.547987420353,23.8627893941241,380.626674013324,114.354930539415,278.78648076326,175.975128395224,113.384762131656,239.786220746564,447.232313138979,450.630534392632,543.17902908273,177.479654987867,467.595679836437,565.732830168833
416.065487831864,275.161720077491,403.133359383721,391.244085178085,631.216471866364,303.132190185995,437.157516186286,210.762562680034,192.083145832119,398.735374783535,257.150612958972,290.987180187525,178.100468539883,478.217613063919,204.68223169341,38.3412695894176,138.542829437906,23.822537405016,380.626200000862,114.339440379077,278.786122805657,175.970755540037,113.38377792257,239.786035731057,447.227079845245,450.630113775476,543.178775821485,177.478952368731,467.591532120189,565.725911983051
416.062983390627,275.161329717664,403.129127487392,391.243802751569,631.215955962929,303.13161846118,437.15575988939,210.762385238325,192.082503157218,398.734993192635,257.148941404796,290.985923074493,178.100291699514,478.216828345068,204.681992627878,38.3410552237947,138.541048281525,23.8104145857012,380.626043997172,114.336721493083,278.786088218947,175.969627132843,113.383559494524,239.786024809656,447.22671306113,450.6300929058,543.178755567263,177.478792189188,467.589588004668,565.725487452716
416.062777482638,275.161203852243,403.128840572265,391.243789270063,631.215873130333,303.131563040588,437.155088956638,210.762336963412,192.082257381424,398.734979979192,257.148724807354,290.985842360204,178.100280445398,478.216765937105,204.681952322768,38.3410325377868,138.540622958414,23.8094551113472,380.626004473297,114.336358765564,278.786077316918,175.969509962969,113.383517882971,239.786015714923,447.226536047765,450.630062462819,543.17874129353,177.478735087263,467.589224849517,565.725451332434
416.062744689492,275.161194483715,403.128734898868,391.243779623286,631.215843026512,303.131545077117,437.154888803796,210.762332233437,192.082200305031,398.734971151395,257.148715845893,290.985835137013,178.100275969597,478.216751620878,204.681941595371,38.3410216472491,138.540496388754,23.809281825718,380.625996982696,114.33632756712,278.786067955538,175.969501815897,113.383512650319,239.786015448262,447.226499159013,450.630054540174,543.178739244213,177.478728280183,467.589197167119,565.72544465724
