168.91833015566,278.342009428622,1258928.13168298,8411.790814981,83104.8497763607,120.745170452292,4908038.88326242,543.840696837766,3370.0211275077,66089541.3934959,108294746.725816,325.087103650053,38164093.9183022,5219680.06887224,1423039.18497499,225832495.769917,2899.30903817239,63050.6488883412,17632.7703434378,804218.226308859,4840989.43169712,24314652.3576169,427.170167453774,1030462.51720767,481138.283338177,9621036.00388869,2235528.41126072,89.2596076937293,286647.674008432,5003.83166291059
59.659441267946,163.192826653867,304.275568248027,74.3726135014326,185.407137894661,46.6035481381873,132.379946132395,111.521653787399,56.7754514778203,1021760.01402242,74729.4907363819,321.908614777683,21208.3710831972,5781.86376230404,107.012840999165,92.2266582437269,365.527763776353,86.6485995897315,248.190707416248,76.8306664071379,289.868074856432,174.959984713181,305.531637101022,89.7134520218738,61.9900356174467,1061.41063596245,409.166291104104,44.3061928080301,479.843782302264,160.247042751027
36.2130167177429,50.0359427452581,59.5617178596331,72.4532679296672,179.040276889755,44.6606742994145,122.812659420001,49.6860582832705,46.1146147837353,4352.59243698749,90.9637591423088,321.908614777683,212.771243642136,78.8072449853516,69.7743734451769,92.2266582437269,163.096977661779,59.5851964531748,178.187066254241,74.3773225597411,209.538920896156,174.959984713181,58.8651003262567,69.2009184375256,61.9900356174467,287.22643703032,236.281705864796,43.5645143105035,101.661114502821,160.247042751027
29.8819071775388,33.592331494146,49.5817404972518,47.8404762216142,178.597522353153,36.9468915133366,40.1591156639242,38.3682356454974,35.2943421676982,110.70192857908,90.9637591423088,321.851005054578,120.654622846941,53.9613904183261,40.5558566763721,48.3390316800987,115.147783523203,44.3258010974587,175.903009574859,39.4520317103616,76.3098122261817,46.2834338876946,36.3623384173079,46.2425508384163,51.6552623049852,64.6676317555589,54.2012099267645,37.7051013444679,66.3892760253229,44.3688747826095
29.1018688745739,30.5858608403678,32.4291790752741,38.2398487442561,158.746813050813,36.5215500037402,35.707485012485,30.9960002733133,35.2943421676982,34.1768533889276,45.3730244434792,319.593654820391,37.2028926488433,34.7583382852772,34.9797216241504,34.5930518092086,34.942650161358,34.1957560858964,162.846431678369,35.8951916616311,30.3211340928592,38.4826020567534,36.0861583170181,40.9978280963569,34.8903392298471,42.6185954725979,35.0729212540614,29.02104159697,41.2764404658233,40.3890822682415
25.6387459424686,26.4621988173353,28.243715477814,29.7038402179369,149.772790525328,28.0734644119289,30.9441709242319,30.1749237133577,28.1053689266155,30.1911083405598,26.7372079325273,318.783704054295,28.0994540386096,32.067262852001,29.6543137170747,30.503276816878,31.7907137525071,26.7105420242083,151.911990636309,28.1262322945609,28.3680403195094,27.7707216537647,34.9590757320439,30.5933297343472,29.0922853881543,33.6832402898472,29.127463621277,23.6095726657263,41.2764404658233,26.1128242829773
24.7766328197467,25.3072324139771,28.243715477814,27.0245558293709,140.78293379043,27.909819484843,27.8110649376299,30.1749237133577,27.8000138919265,25.3479832170192,26.372275408542,318.733024460053,25.1551464907352,27.5214402784927,27.1950557921755,26.6702017156367,26.4066026594087,26.0978570610282,133.622420131165,28.1262322945609,26.1398181738168,27.1199097203989,27.5386290925944,29.7511413065504,27.7290452560078,29.075016965593,27.5443763295611,21.6430093749145,36.0849372791477,10.5125727906138
24.5819249843616,24.8662564699334,28.243715477814,25.9025544395913,127.572800854535,24.7612952718709,24.8547176617149,26.2351370325314,26.4295948018134,23.2918819896445,22.1591089337112,318.632836996264,22.6163017999338,25.1997120338392,23.4769577007387,24.9319930217307,23.8148113339621,25.0347431055966,123.800328343764,25.9970000894582,23.1766340298045,25.37862848851,23.2293784568255,26.8073253467055,24.3460154601407,27.8861453634026,26.2736984608582,21.5901763602515,35.0255541580309,2.46580761656833
24.5819249843616,23.6366863256058,25.2152670110445,23.5457893793814,120.891237854933,23.0541037781304,24.3387429957511,23.2737182179958,25.1925530680037,23.1846341730993,21.8896532262443,316.437319727999,21.2823231137068,23.3994768592488,23.2885130111654,22.9613371785731,23.5780868533834,23.7240122894441,122.490277097788,24.7508717115243,22.8442520638646,24.2533568453678,23.1752468583318,26.755944952009,23.9271726181437,25.1447097944206,22.9592140473669,21.4839552571998,22.8306450532809,2.25008520671418
21.6919311974184,23.1547881948932,22.8435883563407,20.3558365423637,119.830763441847,22.8360635037129,21.698441220854,21.1107454874873,22.804850815005,22.5290739596221,20.7241066831075,316.360315980166,20.7433481540156,20.5378502881772,22.073329527057,21.8625123030024,21.5459589135025,23.06164557788,120.154517229559,24.4609404338798,22.5994674682324,22.5464493347099,22.3026934922264,22.9445968067503,21.9016986523875,21.1240814530734,22.6229012298909,20.3116731734067,21.365115456922,0.63191320659007
21.4428435262789,20.9682973492709,22.3065634979207,20.0947924876659,118.926795257973,21.3691210650809,21.0288245107304,20.8049666982265,22.487571473333,22.2847968819756,20.1817722093833,316.292081213496,20.6564791253222,20.2538391297303,20.8212014297155,21.2284986296149,20.9511749230655,21.5361437277065,118.59579437504,20.2110791590717,21.6455935594022,21.1659328905284,21.7865438621275,22.5936381540278,21.1235638369917,20.9088413128525,20.9929303272834,20.2069018897141,21.0137482878336,0.169905011832725
20.2508668032797,20.3482170452799,22.2488445453564,20.0663055822934,118.756884577633,21.1353272052252,20.9916301332087,20.7738617851987,20.970916071004,22.2582955154057,20.1495149125449,316.26059250798,20.645864782412,20.210513336659,20.7271654584624,21.1878336002055,20.9244504424373,21.1556656078706,118.483559851443,20.0887587708717,21.592166596964,20.9134522269542,21.707721978516,22.5657410814174,20.9855509216295,20.8413254751226,20.8684968642451,20.1763791434328,20.9467092802333,0.0806595390481561
20.1407862782335,20.2866076737268,22.2316380601146,20.0442736559899,118.741050828108,21.1044226289132,20.9779324908027,20.7681648873136,20.880132726732,22.2525404515368,20.141763948312,316.258499144826,20.6292341033604,20.2035975430676,20.7007918420509,21.1805023989073,20.9045631005197,21.0978216214412,118.469049457892,20.0681429090137,21.5771453777184,20.8793168058678,21.690141931158,22.5387374664579,20.9648245178605,20.8094913079126,20.8300052018099,20.1658187481312,20.9214853771955,0.0754801270149983
20.1256304458966,20.2704274090756,22.2261412892922,20.0384283227513,118.735000410466,21.0972101673701,20.970724068221,20.7558422045904,20.8730065699647,22.2482819241809,20.1341364671416,316.251929802766,20.626917235727,20.1924242216401,20.6941703077182,21.174577519751,20.8980802098654,21.0940122850438,118.464352014595,20.0562313662804,21.5720798207863,20.8754784787752,21.6846834655239,22.5306581819423,20.960999394887,20.8067277058285,20.8203516280992,20.1649168095473,20.9167303730956,0.0669340147651383
