10525779.6256837,38662.6239717501,2644862.25840266,126358.844907954,4643500.32830409,1569.42730475994,93998387.8368523,222525.093906576,5693331.20094167,146744237.887476,276592065.26981,327.26720477561,66986117.1294909,17635318.5066307,42868794.6634617,790927589.183322,1238819.83159853,4209299.31053674,802474.105084571,10765602.433191,407271572.605762,379735847.561532,584.684054943083,11504537.9179605,9867958.2722297,49607303.8720257,22863884.9685885,2091.62542567038,1819159.45864,647223.622663527
7871810.19900783,21697.8135905793,2644862.25840266,126358.844907954,4643500.32830409,1569.42730475994,93998387.8368523,222525.093906576,5028453.11258041,146744237.887476,276592065.26981,327.26720477561,66986117.1294909,17635318.5066307,42868794.6634617,790927589.183322,1238819.83159853,4209299.31053674,802474.105084571,10765602.433191,407271572.605762,379735847.561532,584.684054943083,11504537.9179605,9867958.2722297,49607303.8720257,22863884.9685885,2091.62542567038,1819159.45864,647223.622663527
7871810.19900783,21697.8135905793,2190839.17434857,92560.5132652662,3579022.58353588,1360.92841006031,79755262.9808322,187844.687099771,5028453.11258041,130388429.869465,224769048.673675,327.26720477561,66986117.1294909,16069252.6138083,39282242.4444016,693173813.069777,1102837.77130451,3592045.18153327,658195.404817206,9463162.39950621,344565635.260706,354476665.558159,563.07028582531,10219357.1720525,8582295.98475703,45404312.8758381,19480561.0338225,1100.99519432405,1571199.42998815,485462.357998478
6441036.22747155,10112.3166274312,2190839.17434857,92560.5132652662,2983076.00302435,1116.47196003174,59910382.2064856,187844.687099771,4272027.94147521,130388429.869465,224769048.673675,325.634313480332,60659820.757443,16069252.6138083,29737842.6553346,693173813.069777,606105.10123627,2179991.17890848,486483.892179175,7503039.53259413,276001210.212728,256239033.681609,563.07028582531,10219357.1720525,6141391.85441207,38462689.3046364,14291522.6380953,1100.99519432405,1571199.42998815,485462.357998478
1722176.46737144,443.921005099271,1995337.47645472,35081.5147263255,1785005.3288824,809.303444260136,31675729.4754889,71598.4595071311,1142502.41268315,111820291.076032,204764625.203004,325.087103650053,45964057.9552738,13631217.4963792,20653030.4946823,591678424.99079,323709.720629489,1505899.56233004,289159.417295837,4665711.81891479,167681705.799742,134029269.708806,467.152609652688,3651340.42865036,3470353.60888186,30818546.3022187,7916454.79127147,567.422365931644,1169859.93042538,72779.7280310356
168.91833015566,278.342009428622,1258928.13168298,8411.790814981,83104.8497763607,120.745170452292,4908038.88326242,543.840696837766,3370.0211275077,66089541.3934959,108294746.725816,325.087103650053,38164093.9183022,5219680.06887224,1423039.18497499,225832495.769917,2899.30903817239,63050.6488883412,17632.7703434378,804218.226308859,4840989.43169712,24314652.3576169,427.170167453774,1030462.51720767,481138.283338177,9621036.00388869,2235528.41126072,89.2596076937293,286647.674008432,5003.83166291059
86.5855279188058,163.192826653867,114471.319988255,142.442430399451,637.808370423551,46.6035481381873,132.379946132395,250.655805995072,107.679462826068,28123253.842843,5562009.80129591,321.908614777683,254246.289600661,11289.9080799882,569.754651719346,4997.38061328601,381.927941541603,112.923792323507,248.190707416248,76.8306664071379,289.868074856432,174.959984713181,327.703244221534,89.7134520218738,108.193679253579,142942.497321792,1298.75197294993,52.3168995804481,604.24823632749,210.334570264845
54.0996412787113,69.203779919304,304.275568248027,72.6505467870929,185.407137894661,44.6606742994145,132.379946132395,57.762435841119,46.1146147837353,14518.5962082173,302.86011906224,321.908614777683,544.702655654237,214.707085704043,69.7743734451769,92.2266582437269,163.096977661779,86.6485995897315,246.76707319236,74.3773225597411,289.868074856432,174.959984713181,272.806391446856,89.7134520218738,61.9900356174467,287.22643703032,408.05289414753,43.5645143105035,346.531599136894,160.247042751027
29.8819071775388,33.592331494146,59.5617178596331,59.9585877245913,179.040276889755,37.5006687043419,40.1591156639242,38.3682356454974,35.2943421676982,110.70192857908,90.9637591423088,321.908614777683,212.771243642136,56.5582897986669,58.9161739088386,92.2266582437269,126.599459033537,47.5661113530241,176.476370648989,39.4520317103616,157.829249751017,46.2834338876946,58.8651003262567,57.3310551401773,51.6552623049852,65.482392008113,165.773975250789,42.554849581526,101.661114502821,123.698060496681
29.8819071775388,33.1691544468649,41.2548318575323,39.0370281629744,159.515948294697,36.9468915133366,40.1591156639242,38.3682356454974,35.2943421676982,93.3131556886487,45.3730244434792,321.155676625472,46.509932921876,47.6257144281462,34.9797216241504,41.5347555067888,42.5524243471268,34.1957560858964,168.697746616604,39.4520317103616,43.3887396781588,40.5727588872646,36.3623384173079,42.84932919219,40.3659806310679,58.8570792292189,50.4704031740353,30.252777030938,41.2764404658233,43.560603126537
29.1018688745739,30.5858608403678,32.4291790752741,38.2398487442561,158.746813050813,36.5215500037402,35.707485012485,30.9960002733133,35.2943421676982,34.1768533889276,45.3730244434792,319.593654820391,37.2028926488433,34.7583382852772,34.9797216241504,34.5930518092086,34.942650161358,34.1957560858964,162.846431678369,35.8951916616311,30.3211340928592,38.4826020567534,36.0861583170181,40.9978280963569,34.8903392298471,42.6185954725979,35.0729212540614,29.02104159697,41.2764404658233,40.3890822682415
25.6387459424686,27.0580899681067,32.4291790752741,31.9390454507484,153.053730588894,28.6985605274681,34.3401897826243,30.1749237133577,29.3835928818266,30.1911083405598,27.8934410855722,319.023973311696,28.0994540386096,34.7583382852772,29.9805376792287,31.5083791064726,34.737639060696,29.0628259685545,152.345111908072,31.3270855000706,28.3680403195094,32.4020403857085,35.9681865600423,32.0552952227231,32.7537593282777,36.7177130542887,29.6455822332687,24.8928438867474,41.2764404658233,26.1128242829773
24.7766328197467,25.6553909975873,28.243715477814,27.9996242340317,140.78293379043,28.0734644119289,29.6841161090711,30.1749237133577,28.1053689266155,27.9734149650994,26.7372079325273,318.741334893984,26.4428675505142,30.3123489293762,27.1950557921755,28.6954057402177,28.8153964503749,26.7105420242083,136.296484744089,28.1262322945609,28.3680403195094,27.1199097203989,32.3429219520031,30.1754782205767,28.0438290641932,31.0311150810185,28.6422964947255,22.3125731847717,37.5469128402337,13.6019993246832
24.5819249843616,24.8662564699334,28.243715477814,25.9025544395913,127.572800854535,24.7612952718709,24.8547176617149,26.2351370325314,26.4295948018134,23.2918819896445,22.1591089337112,318.632836996264,22.6163017999338,25.2554332719678,23.4769577007387,24.9319930217307,23.8148113339621,25.0347431055966,123.800328343764,26.1713487003526,23.1766340298045,25.37862848851,23.2293784568255,26.8073253467055,24.3460154601407,27.8866125429258,26.2736984608582,21.590486929395,35.1962579625565,2.46580761656833
21.6429248227864,21.7766308084579,22.589695908031,20.2866085851856,119.720614506266,22.7800569772157,21.3073340068613,20.9244842989478,22.7164526892057,22.3542863363655,20.3437699667675,316.309026724219,20.6883973867025,20.4616362185807,21.247107055231,21.4221365420331,21.2207398922974,22.0970984645837,119.417576017538,22.3424023172324,22.0099368864462,21.8470331689805,21.8438722617734,22.6865260102927,21.4078341260642,21.0361321106197,22.4752436459989,20.2646792753358,21.0796600869871,0.461778344537834
20.1256304458966,20.2704274090756,22.2261412892922,20.0384283227513,118.735000410466,21.0972101673701,20.970724068221,20.7558422045904,20.8730065699647,22.2482819241809,20.1341364671416,316.251929802766,20.626917235727,20.1924242216401,20.6941703077182,21.174577519751,20.8980802098654,21.0940122850438,118.464352014595,20.0562313662804,21.5720798207863,20.8754784787752,21.6846834655239,22.5306581819423,20.960999394887,20.8067277058285,20.8203516280992,20.1649168095473,20.9167303730956,0.0669340147651383
