5.6092374116397
9.53315705220143
7.74870163188689
2.43997220200185
5.36802448309572
2.24944647258599
1.1567482177461
0.106148394638694
0.329135485781762
0.44167234849192
8.12408622441217
10.0199319252717
4.4471056780144
1.11920574949613
0.336233014408663
1.00234062692061
10.4626689884212
0.419793540805358
1.18755931621695
18.9103866182256
1.01005730690099
5.61292528817717
1.1238453228932
0.43721316585038
5.10151522218121
0.0335729979080952
5.85616021420628
1.37210013676622
4.09425151937035
12.9938124276327
