20.0007315559965
20.0288500056049
1.00236057123834
0.000237604977655792
0.624170375383301
20.9953736932177
0.000106661827658172
0.000207958054488699
19.9865685537156
20.876616723355
0.625376566147679
20.0046874266188
2.68573785433546e-09
0.000187240493914942
0.000196078261751609
0.995166997455499
20.0000254587912
0.995160104487468
19.9867101785389
6.88942236592993e-11
0.00116639184557243
1.58479451783933e-10
0.994959057747565
9.01309249456972e-10
2.98064151138533e-09
20.6243089953982
20.1237431934624
0.001794473083919
0.000148742550436509
0.995035280122693
