208.439796439782
100.301982197188
100.420420515949
6.07114820128754
100.342067715853
123.623466097198
13.6000323780308
100.29048783992
215.045959846064
212.082041769953
232.636663287298
100.325261521719
214.479464916399
213.302539304093
100.348508513672
216.363907764792
123.724954858306
100.302107006144
214.112194002284
17.6859547798858
212.817492780131
100.343940152582
211.688025852551
212.419067468369
214.843668508358
214.234515908803
2.01993785663399
100.346671626825
15.2138803369853
214.772485631311
