1.98991811418659
5.96975434255978
3.97983622837319
4.97479528546648
6.96471339965308
4.97479528546648
2.98487717127989
6.96471339965308
7.95967245674638
6.96471339965308
1.98991811418659
3.97983622837319
4.97479528546648
5.96975434255978
7.95967245674638
4.97479528546648
7.95967245674638
2.98487717127989
4.97479528546648
2.98487717127989
3.97983622837319
3.97983622837319
7.95967245674638
5.96975434255978
2.98487717127989
6.96471339965308
7.95967245674638
9.94959057093297
0.994959057093297
7.95966741892721
