46.066871465182
70.4726324879796
83.8531375746838
50.8734795716198
29.6913493211794
75.0093474933979
25.1441708805571
36.9816334632183
57.8815376414243
39.7664797322718
34.4531948060089
83.6901282109366
29.8499456540367
57.5420776926528
40.120974699083
43.0084128392118
11.2439732109383
43.9413560699156
39.4493718343106
50.9389554392183
14.2737696166557
34.0628418423605
41.9004655976321
42.1591848806065
57.9041274186318
21.116018763187
25.0042407285694
19.0086394666971
14.3921107215679
72.8336528603279
