0.703354251295877
30.3147256517555
24.8436688998991
23.5771324607672
29.0514816499108
24.7961528390815
28.3830084096749
29.6888679832964
26.858015607344
24.4781003287317
24.2300186018579
24.8870288480539
29.0381226727363
28.5004509147611
0.409712524558472
25.6547686036311
32.5121398476726
24.1147653546682
29.6483611561207
25.5301110377595
24.036909379528
25.3288434665401
27.9328016890972
29.1850196059368
24.800692748358
29.576699027054
24.7866477270813
28.4703664525809
25.0039118272171
28.588435006383
