1354.97991103282,1879.9734122409,2653.83979896024,799.258681673267,859.165047277063,1221.76574156626,997.357442331602,2058.7491221103,1440.8952797358,919.941284940397,3085.20321175159,727.751645421,977.176054449948,1162.76358020615,1958.29535585536,876.707992774196,688.579161539854,834.820415463682,1740.6128139277,864.081924433358,834.451600325389,1803.52025867673,1287.58995785285,517.978552122789,1672.12140268939,548.324799241374,1891.71387537718,852.356535369878,1903.67145060636,1027.06197997072
902.928073682395,1879.9734122409,2082.90969629004,799.258681673267,859.165047277063,1221.76574156626,968.621143591804,662.977078049964,1440.8952797358,750.604643110694,2453.10090775537,303.423320107379,808.329690626876,963.330226460324,1169.47087699366,482.394680730908,434.703895232608,834.820415463682,1740.6128139277,763.288543365624,834.451600325389,1803.52025867673,491.259381129039,517.978552122789,1087.22492618593,548.324799241374,1891.71387537718,675.440284968474,1480.13120969506,844.557127927585
714.82337203013,1764.08790131978,838.097304944551,799.258681673267,859.165047277063,39.7090139768014,968.621143591804,662.977078049964,784.64257696955,383.860498175606,784.317464765469,303.423320107379,214.214651339492,869.886881287232,725.707072536708,408.332530216724,434.703895232608,834.820415463682,1409.72282136796,227.79559092775,337.186040199206,1603.32228111952,244.155612950547,517.978552122789,467.093098711882,336.121393177419,1891.71387537718,141.810053662193,1480.13120969506,447.009125152969
347.143672390488,280.713234008009,564.901333581548,768.030399796079,126.996783231626,39.7090139768014,247.779604204642,533.826998647407,283.159916800726,275.589544394209,330.99298524725,303.423320107379,189.757282854432,433.477883118418,725.707072536708,274.376031078494,410.621158858051,432.22077979666,650.182337968389,227.79559092775,337.186040199206,1480.9935962398,244.155612950547,458.554000931526,331.824775353993,336.121393177419,793.227158185016,141.810053662193,634.681448937744,378.478443001565
152.875724553348,145.523329559437,181.98905331478,320.889929994587,126.996783231626,33.4395260994282,224.000981751886,293.025048983284,223.949111630705,254.988622818119,196.342200410266,303.423320107379,136.909650857229,199.250696405208,294.304558903497,181.763176625995,320.395556940237,335.237431069966,340.355801425564,193.706472732029,331.400187536207,731.070300005209,177.520869320986,458.554000931526,331.824775353993,224.549642874598,400.948454282774,141.810053662193,361.723318807711,165.147772136285
61.0441900758782,122.679327143035,93.068773953866,57.8167083712781,126.996783231626,33.4395260994282,118.574843623218,134.834869228072,107.945209511629,138.64218870633,127.002532410197,89.9028156190533,53.7173080430952,95.5632793207953,226.955822489304,82.2178260185841,129.780949587618,202.564957190767,102.567295822687,98.4051104264313,178.061597958258,173.215388893226,98.5354993328716,174.913759587024,76.292374418226,78.2488950653151,86.959144019398,71.9339318001232,100.995239108921,64.7357225886043
36.9231533378828,76.396394165486,39.3984694612119,57.8167083712781,83.4004113511545,33.4395260994282,90.3073536616333,81.8198623129475,65.4990957346044,81.9977773001945,81.7397028251693,80.5054347907271,23.5173255060383,66.0771075269936,90.8356220643459,79.7665148002467,50.8329143492697,75.6656577030205,76.3729050124022,87.7667621950715,75.0947030930828,43.0609747637563,42.2225977037665,71.430689794647,51.7081737563066,24.5406248866823,38.420112996651,71.9339318001232,65.6300410527822,46.3773132822294
17.3460866820191,23.3444369910187,14.3924356150146,15.1354528840051,35.7259661975311,19.221485687789,59.1924138957392,63.284511838253,20.7818824682984,26.0332175247971,36.7682242760679,23.9704641941216,11.2706403545328,19.9618718252962,63.1609630099619,18.7985642885795,13.3071919397208,62.9608715204963,22.058045864205,18.1698993534533,20.9202083732785,19.55915278358,16.3869762855219,24.0137304536514,16.9598632115405,15.6948994629122,13.8820413057003,22.3561124535808,45.3995191009735,18.9655646052148
9.55258297131405,1.8610696689488,9.79181212904331,6.28243202192596,1.18422257511929,1.41571860558292,6.19370622848584,2.63294797312477,10.6705579969474,0.678255257881574,7.87751118173537,5.50439215372535,9.71936791541128,0.918458351972163,1.7845607254232,1.39096210352221,7.12365383786585,1.68445705889872,1.44754049862053,6.61795597660671,5.67050571640482,0.62798805543639,1.2742291778668,1.51781133973378,5.0946991575384,10.1027307176784,9.54142883124752,0.75492904721159,8.87478955370256,1.22236910170892
9.08351630582212,0.256184320800912,9.02960384677493,4.32841566674097,0.207156418451518,0.169628569639769,4.31014355575684,0.206199344722961,9.00869180392874,0.143678331895273,4.19853938914525,4.26170641630557,9.01633957329483,0.160794341017834,0.218598391071794,0.18713075472067,4.46673513765359,0.0588308254610865,0.195035902115194,4.43895365297635,4.18405536757632,0.06971207004284,0.0953366026277536,0.272225734822769,4.02987862608347,8.95883385816495,9.01336536301329,0.0701070939637702,5.06607853759181,0.169758700783063
8.92931235215173,0.0788848282720096,8.92079328697429,3.99193412652215,0.00455466674679883,0.00308528520048412,3.98960173066712,0.0113083684465778,8.92365337420063,0.0160324581606233,3.98777911275351,4.00091514237522,8.92415884277091,0.0131099516851805,0.0286901026742044,0.0334548846619782,4.00622732861808,0.00558851921033465,0.0116894026029968,4.01709987878235,3.98694544494271,0.0016559133229066,0.0100621044358604,0.00158991144439824,3.98908372315049,8.92467576167519,8.9185984277791,0.00389465288867541,3.98800629312865,0.00929602911799066
8.9161566297592,8.47760981059764e-06,8.91617348966076,3.98658470881696,1.06509888837536e-05,1.13472418661331e-06,3.98658180384717,3.15567325515076e-06,8.91612033583777,1.54659812778846e-06,3.98658444063898,3.98658157686594,8.91610856617979,2.58250702245277e-06,1.34839402790021e-05,1.04938192180271e-06,3.98658538472324,1.81916379915492e-06,4.63390938421071e-06,3.98658377900455,3.98658158289976,2.03211055804786e-06,7.25641086773976e-07,4.50749644187454e-06,3.98658026096922,8.91612493228024,8.9161223562482,1.04037724213413e-06,3.98659313948144,5.42934310487908e-06
8.9161019279619,3.9534597817692e-10,8.91610192801238,3.98657911295885,3.39468897436745e-10,1.35946720547508e-09,3.98657911249137,3.35717231791932e-10,8.91610192801932,3.54702933691442e-11,3.9865791127699,3.9865791193302,8.91610192783889,1.49327661347343e-10,3.06499714497477e-10,5.24664756085258e-10,3.9865791135486,8.41282599139959e-11,7.50674189475831e-10,3.98657911251206,3.9865791129306,9.33937371883076e-10,4.333742253948e-10,2.04067873710301e-10,3.98657911260494,8.91610192793763,8.91610192838391,2.76202172244666e-10,3.98657911255799,3.34296146320412e-10
8.91610192778336,1.22213350550737e-11,8.91610192778342,3.98657911236148,2.00657268578652e-11,7.95807864051312e-12,3.98657911240133,1.47792889038101e-11,8.91610192778359,2.54090082307812e-11,3.98657911235387,3.9865791123845,8.91610192778569,1.84741111297626e-11,3.35376171278767e-12,5.40012479177676e-12,3.98657911235222,3.58113538823090e-12,2.26236807066016e-11,3.98657911235318,3.98657911239707,5.00222085975111e-12,1.03455022326671e-11,5.00222085975111e-12,3.98657911235244,8.91610192778757,8.91610192778342,1.58593138621654e-11,3.98657911242827,1.08570930024143e-11
8.91610192778131,0,8.91610192778131,3.98657911234716,0,0,3.98657911234716,0,8.91610192778131,0,3.98657911234716,3.98657911234716,8.91610192778131,0,0,0,3.98657911234716,0,0,3.98657911234716,3.98657911234716,0,0,0,3.98657911234716,8.91610192778131,8.91610192778131,0,3.98657911234716,0
8.91610192778131,0,8.91610192778131,3.98657911234716,0,0,3.98657911234716,0,8.91610192778131,0,3.98657911234716,3.98657911234716,8.91610192778131,0,0,0,3.98657911234716,0,0,3.98657911234716,3.98657911234716,0,0,0,3.98657911234716,8.91610192778131,8.91610192778131,0,3.98657911234716,0
