48.3701048024549,47.944874000689,59.4499347380238,52.9935149158217,52.0702343830494,49.045975753891,59.1969059515236,56.1606358225647,48.4005413600925,68.5170825997714,51.9449631095655,57.3404218006998,53.410580511952,54.7431891034594,58.0911495571551,61.0694022456203,56.0832152402589,62.3593952177634,59.0875081720545,52.5771122117509,60.189949748666,61.5724004953289,46.9215328087109,56.2358587174696,56.540043346366,59.5539999326843,59.6319064121707,49.3191625701089,48.4692761030184,51.4340374285446
40.2869425874602,43.0685304472552,34.4422779339174,52.6022096035764,43.7852738056761,42.7913825828299,44.6407701195465,49.0440656015644,48.4005413600925,43.7828482580449,48.2005617509571,42.1912640974583,45.8997451400581,54.1834873498353,51.5433853750681,45.5845302817684,39.1738567289769,41.2656251998683,44.1570794024963,49.8088012076111,52.1417640081459,53.8756128138472,46.1805393123002,50.5803301099833,47.8920259668346,44.9121466384518,38.8668463373825,45.5960613877935,45.9157526063221,42.4705954484795
36.3165844268534,43.0685304472552,34.4422779339174,43.0810975064176,43.7852738056761,42.7913825828299,44.6407701195465,41.2513169557585,35.7646013246848,42.2299898508162,39.4146741639124,40.9580556351794,39.553233090675,51.1513886035008,37.5830675600969,41.9194637939779,39.1738567289769,37.7255395174822,37.3593098860383,42.6147474580836,43.5659708403213,48.6237999782655,37.3297890312056,39.5592245731648,24.6556132545243,42.1061666520709,34.9749443597017,43.3053209854554,43.9991365814835,34.047344922036
34.6260038621081,35.4639027905462,34.4422779339174,34.2118290746047,39.0610258068145,41.3938748235877,41.6295287040135,35.8280339350654,35.7646013246848,25.8912418830512,39.4146741639124,40.1937017376368,17.4782880151935,38.2150891440795,28.1395422079155,36.0103158727234,37.3423739903241,36.8042449100436,34.9971911218265,25.5735659361643,16.0558466138631,43.3177614393458,30.6309218557971,32.2522329679052,24.6556132545243,24.2840874907656,34.9749443597017,28.4559153823208,36.3618756924708,26.0781346275039
31.2289173271512,26.3205153165977,15.9194183300142,34.2118290746047,27.1850707113362,21.5185681584812,32.8567528222886,29.76383033101,34.8583812393936,24.3775820834708,23.3885212752692,31.7476304609962,17.4782880151935,23.7528878981901,21.6183947901492,31.1818332811506,35.5306364821859,21.8347523854144,18.7027925435328,25.5735659361643,16.0558466138631,34.0293947535147,30.6309218557971,11.5114313022151,16.4054280421034,24.2840874907656,16.325973738104,25.9034117266837,27.4590252891213,26.0781346275039
3.97992081236885,8.95462647618422,3.97983625571635,6.96471339987295,2.98487775123021,0.994972994965792,11.939498678763,3.97983854900497,12.9344576785725,5.96975434414117,15.9193298000954,10.9351879682076,15.0393686617606,3.97984442125471,3.97983687085764,7.95966741983761,3.97983624301776,6.96470836200763,5.96977233702808,4.97544487876473,6.96484791088733,12.9344576677452,5.96974947835554,0.994959322630734,1.0042658688393,3.81033613806142,11.9394986099795,2.98489120580996,3.09625362962618,9.94958553348033
3.97983622854247,2.98524996267986,2.98615894501165,4.9754375250991,2.98487717133651,0.994959057126493,3.97983622882805,3.97983622906895,4.97479537259585,1.9899520853794,2.98968725322766,0.995391555875926,2.98490034207543,0.994963036930812,3.97983622837319,3.97983744899022,2.98487783002508,4.97480142729478,2.98487954288441,2.98487805037644,3.46971151516914,3.97983681256142,2.98487717152625,5.54480266146129e-07,0.994959057800429,2.98487728470684,4.97479529277496,2.98487717127989,2.00141697056767,3.98272043507427
3.97983622837319,2.98487717135026,2.98487717132548,4.97479528548172,1.98991811550957,0.994959057126493,2.98487733470313,2.98487803720457,4.97479528546648,1.98991811418659,2.98487717179296,0.994959057105689,2.98487717127989,0.994959057105575,3.97983622837319,3.97983622843844,2.98487717135208,4.97479528546648,2.98487717128614,2.98487717127989,2.98487717587932,3.97983622842298,1.98991833668379,1.5688783605583e-11,0.994959057099322,2.98487717131673,4.97479528546648,2.98487717127989,1.98991811477242,3.97983622844527
3.97983622837319,2.98487717128103,2.98487717128012,4.97479528546648,1.98991811418659,0.994959057093411,2.98487717128296,2.98487717161049,4.97479528546648,1.98991811418659,2.98487717128512,0.994959057093297,2.98487717127989,0.99495905709648,3.97983622837319,3.97983622837319,2.9848771713082,4.97479528546648,2.98487717128012,2.98487717127989,2.98487717134958,3.97983622837376,1.98991811418978,0,0.994959057093524,2.98487717127989,4.97479528546648,2.98487717127989,1.98991811418728,3.97983622837319
3.97983622837319,2.98487717127989,2.98487717127989,4.97479528546648,1.98991811418659,0.994959057093297,2.98487717127989,2.98487717127989,4.97479528546648,1.98991811418659,2.98487717127989,0.994959057093297,2.98487717127989,0.994959057093297,3.97983622837319,3.97983622837319,2.98487717127989,4.97479528546648,2.98487717127989,2.98487717127989,2.98487717127989,3.97983622837319,1.98991811418659,0,0.994959057093297,2.98487717127989,4.97479528546648,2.98487717127989,1.98991811418659,3.97983622837319
3.97983622837319,2.98487717127989,2.98487717127989,4.97479528546648,1.98991811418659,0.994959057093297,2.98487717127989,2.98487717127989,4.97479528546648,1.98991811418659,2.98487717127989,0.994959057093297,2.98487717127989,0.994959057093297,3.97983622837319,3.97983622837319,2.98487717127989,4.97479528546648,2.98487717127989,2.98487717127989,2.98487717127989,3.97983622837319,1.98991811418659,0,0.994959057093297,2.98487717127989,4.97479528546648,2.98487717127989,1.98991811418659,3.97983622837319
3.97983622837319,2.98487717127989,2.98487717127989,4.97479528546648,1.98991811418659,0.994959057093297,2.98487717127989,2.98487717127989,4.97479528546648,1.98991811418659,2.98487717127989,0.994959057093297,2.98487717127989,0.994959057093297,2.98487717132002,3.97983622837319,2.98487717127989,4.97479528546648,2.98487717127989,2.98487717127989,2.98487717127989,3.97983622837319,1.98991811418659,0,0.994959057093297,2.98487717127989,4.97479528546648,1.98991811420615,1.98991811418659,3.97983622837319
2.98487717130945,2.98487717127989,2.98487717127989,4.97479528546648,1.12985575106097,0.994959057093297,2.98487717127989,2.98487717127989,3.97983622861705,0.994959057398091,2.98487717127989,0.994959057093297,1.98991811439384,0.994959057093297,2.98487717132002,2.97929342458815,2.98487717127989,0.994959057102164,2.98487717127989,1.98991811419887,2.98487717127989,3.97983622837319,1.98991811418659,0,0.994959057093297,2.98487717127989,3.97983622838194,1.98991811420615,1.98991811418659,3.97983622837319
0.994959057106485,2.98487717127989,2.98487717127989,3.97983622838069,5.34328137291595e-12,0.994959057093297,1.09894525100685,2.98487717127989,3.97983622861705,0.994959057398091,2.98487717127989,6.78710421198048e-11,1.98991811439384,0.994959057093297,1.98991811426129,0.607427413851497,2.98487717127989,0.994959057102164,2.98487717127989,1.98991811419887,1.25055521493778e-12,1.98991811420797,3.63797880709171e-12,0,0.994959057093297,0.994959057196411,1.98992374340537,1.9899181141908,1.98991811418659,2.9848771712991
