212.734757683068,113.572426376116,66.250377877784,107.797162628831,98.1877884264486,213.591300595031,127.132397490168,119.228140572475,140.677602873851,80.8361442655115,213.427113859252,87.1537869117362,80.4032754808866,98.1606642688839,141.946845818909,110.374797289972,88.882451961008,61.3592795449391,211.889536166828,117.219817618172,61.5719385391843,82.6601604764739,82.3037546688283,151.941318462198,113.665058681491,64.3985072759266,487.50518253358,118.311501293144,196.251633591916,137.251737101438
50.695481527598,37.66083773526,22.5432058587943,25.8355838616775,30.8928048110861,28.3706928736963,21.5285951620031,29.5904793549555,33.1963938564039,18.3715584771771,34.2027941488196,21.4010096712551,59.0704688728819,32.6840836606941,41.0011000651376,22.2034597503092,16.2049548011158,23.5144297565471,18.628229415902,23.0342406514925,42.3459871938412,24.8875187967325,21.0472274369577,38.0062590699101,18.4670507919984,26.8183255462158,42.1152997982518,36.0901492975215,19.7367092765195,21.9967791574981
10.0196820570814,13.357512293614,5.38770857721488,4.33694298122475,4.51432530754937,4.86279410601549,11.3362405281844,9.27918800654925,17.5046344197422,4.2398783709898,8.88268345511915,3.20432565962972,11.6401550326669,9.67218513371699,5.10943391207911,5.88376646097799,4.41309757423983,4.34651833871828,2.75153050472466,5.16170651988409,6.59308301796,7.50565748516874,6.51214965660779,6.58878724831277,4.70086071581386,6.30081623725914,6.00348523793389,7.27026855992472,5.25102182774708,5.27484456844843
0.540286288212087,1.06305383900417,0.52284114849067,0.428234985917356,0.534362199523002,0.653964063442345,0.758588033110641,0.722550205193329,1.83489386343035,1.40782869463533,0.80093173619855,0.385789582376105,0.70059293455995,1.01958436461337,0.836610755923061,0.967528176066253,1.50517809707526,0.343807562881921,0.70859141009646,0.681255046915112,1.00345761288941,0.945408507408047,0.998641502226974,0.449387033203834,0.65296397926636,0.314946394479648,1.69350574977375,1.43394307507299,1.24109018638467,0.570606332339025
0.00337209580834497,0.00214006838268688,0.000487602365865314,0.000959964563548965,0.0012709099702306,0.0895282523276819,0.0895292662435168,0.0897328060094651,0.179057715256477,1.362972055917,0.000493814682045013,0.000426902299523135,0.0017880907835206,0.179056690199218,0.000664975483687158,0.00134207220969529,1.16045321322122,0.000463240793237674,0.000593409445173165,0.00106369873833501,0.543852277933297,0.543852269556169,0.00230449192008564,0.00213101973542962,0.000659794562238858,0.00323352859265924,0.00301571101329046,0.0895715243295854,0.00177447811563525,0.000605040864456896
3.20869730785489e-09,5.44332579011098e-10,3.98472366214264e-10,5.50699041923508e-10,2.73871592071373e-10,1.0629242979121e-06,4.21059212385444e-07,8.17145519249607e-07,6.95924882165855e-07,4.00494968744169e-07,1.57501744979527e-09,1.62685864779633e-10,1.3674252841156e-09,6.22149059381627e-07,5.44446265848819e-10,5.95946403336711e-10,8.39452241052641e-07,6.24481799604837e-10,6.28574525762815e-10,8.87212081579491e-10,2.15546776871633e-06,4.36115669799619e-07,5.56156010134146e-10,7.99332156020682e-10,6.68819666316267e-10,1.88879312190693e-09,1.18518528324785e-09,1.37514189191279e-06,9.39508026931435e-10,1.96678229258396e-10
8.53788151289336e-11,4.57021087640896e-11,3.29691829392686e-12,1.86787474376615e-10,1.65982783073559e-11,2.89901436190121e-11,6.15045792073943e-11,1.51203494169749e-11,2.95585778076202e-11,4.2632564145606e-11,2.250999386888e-11,8.07176547823474e-12,2.91038304567337e-11,8.90167939360254e-11,2.23963070311584e-11,6.59383658785373e-12,3.33102434524335e-11,2.1600499167107e-11,6.59383658785373e-11,5.04769559483975e-11,3.8198777474463e-11,6.96900315233506e-11,1.83035808731802e-11,2.28510543820448e-11,4.01314537157305e-11,5.84350345889106e-11,9.74296199274249e-11,5.42286215932108e-11,9.54969436861575e-12,8.18545231595635e-12
2.27373675443232e-12,4.54747350886464e-12,1.02318153949454e-12,1.47792889038101e-12,2.50111042987555e-12,8.07176547823474e-12,3.97903932025656e-12,6.59383658785373e-12,3.86535248253495e-12,4.77484718430787e-12,1.17097442853265e-11,2.38742359215394e-12,8.64019966684282e-12,2.1600499167107e-12,2.38742359215394e-12,2.04636307898909e-12,2.72848410531878e-12,3.97903932025656e-12,2.50111042987555e-12,1.33013600134291e-11,8.29913915367797e-12,2.50111042987555e-12,2.72848410531878e-12,3.41060513164848e-12,1.81898940354586e-12,6.82121026329696e-12,3.63797880709171e-12,9.09494701772928e-13,2.1600499167107e-12,2.50111042987555e-12
0,0,0,0,0,0,0,0,0,0,0,0,0,0,0,0,0,0,0,0,0,0,0,0,0,0,0,0,0,0
0,0,0,0,0,0,0,0,0,0,0,0,0,0,0,0,0,0,0,0,0,0,0,0,0,0,0,0,0,0
0,0,0,0,0,0,0,0,0,0,0,0,0,0,0,0,0,0,0,0,0,0,0,0,0,0,0,0,0,0
0,0,0,0,0,0,0,0,0,0,0,0,0,0,0,0,0,0,0,0,0,0,0,0,0,0,0,0,0,0
0,0,0,0,0,0,0,0,0,0,0,0,0,0,0,0,0,0,0,0,0,0,0,0,0,0,0,0,0,0
0,0,0,0,0,0,0,0,0,0,0,0,0,0,0,0,0,0,0,0,0,0,0,0,0,0,0,0,0,0
