8.25366441858932e-11
20.0067398640138
0.994959057501546
0.994959057762799
22.3236345817688
20.0003989838997
0.624099320806408
20.6796935737341
0.626864300119678
0.307303962843662
0.994959057842379
1.61905837855784
22.6263184373247
1.6198133272826
0.994959057117057
2.18619788938668e-09
1.99009288251227
1.61905837780932
21.2017841061074
20.0001441622221
1.98991811577457
1.61905837898644
21.6323508227601
0.994959057142069
6.51393499970618
1.99340407985255
0.997603150236273
20.6374221930046
0.994959059599068
0.624099320762298
