4.79540574795374
0.0372552393596379
3.83522004920587
23.9256619357084
3.63997884430819
5.04479894056703
23.6213515244604
0.248361574622322
3.79964117972031
2.96079617127452
24.0397897377688
23.6101957990686
3.11069037102243
23.7867813922453
2.29849447968218
23.7998671621258
23.480731295374
17.0576109659864
22.6709237174764
1.97937743507782
3.96481235751435
4.67073368547381
22.4607961730489
22.5854030353003
6.0061516562082
20.5561280646502
0.953128758065759
4.52325157411497
22.5160720477379
4.1404246528059
