126160,127440,121280,122800,122960,127920,125840,124160,121440,121600,125440,129120,128880,126160,126640,120640,129040,123680,126080,126960,125200,122880,124320,123200,122960,120880,124240,125840,123760,122880
126160,127440,121280,122800,122960,127920,125840,124160,121440,121600,125440,129120,128880,126160,126640,120640,129040,123680,126080,126960,125200,122880,124320,123200,122960,120880,124240,125840,123760,122880
126160,127440,121280,122800,122960,127920,125840,124160,121440,121600,125440,129120,128880,126160,126640,120640,129040,123680,126080,126960,125200,122880,124320,123200,122960,120880,124240,125840,123760,122880
126160,127440,121280,122800,122960,127920,125840,124160,121440,121600,125440,129120,128880,126160,126640,120640,129040,123680,126080,126960,125200,122880,124320,123200,122960,120880,124240,125840,123760,122880
126160,127440,121280,122800,122960,127920,125840,124160,121440,121600,125440,129120,128880,126160,126640,120640,129040,123680,126080,126960,125200,122880,124320,123200,122960,120880,124240,125840,123760,122880
126160,127440,121280,122800,122960,127920,125840,124160,121440,121600,125440,129120,128880,126160,126640,120640,129040,123680,126080,126960,125200,122880,124320,123200,122960,120880,124240,125840,123760,122880
126160,127440,121280,122800,122960,127920,125840,124160,121440,121600,125440,129120,128880,126160,126640,120640,129040,123680,126080,126960,125200,122880,124320,123200,122960,120880,124240,125840,123760,122880
126160,127440,121280,122800,122960,127920,125840,124160,121440,121600,125440,129120,128880,126160,126640,120640,129040,123680,126080,126960,125200,122880,124320,123200,122960,120880,124240,125840,123760,122880
126160,127440,121280,122800,122960,127920,125840,124160,121440,121600,125440,129120,128880,126160,126640,120640,129040,123680,126080,126960,125200,122880,124320,123200,122960,120880,124240,125840,123760,122880
126160,127440,121280,122800,122960,127920,125840,124160,121440,121600,125440,129120,128880,126160,126640,120640,129040,123680,126080,126960,125200,122880,124320,123200,122960,120880,124240,125840,123760,122880
126160,127440,121280,122800,122960,127920,125840,124160,121440,121600,125440,129120,128880,126160,126640,120640,129040,123680,126080,126960,125200,122880,124320,123200,122960,120880,124240,125840,123760,122880
126160,127440,121280,122800,122960,127920,125840,124160,121440,121600,125440,129120,128880,126160,126640,120640,129040,123680,126080,126960,125200,122880,124320,123200,122960,120880,124240,125840,123760,122880
126160,127440,121280,122800,122960,127920,125840,124160,121440,121600,125440,129120,128880,126160,126640,120640,129040,123680,126080,126960,125200,122880,124320,123200,122960,120880,124240,125840,123760,122880
126160,127440,121280,122800,122960,127920,125840,124160,121440,121600,125440,129120,128880,126160,126640,120640,129040,123680,126080,126960,125200,122880,124320,123200,122960,120880,124240,125840,123760,122880
126160,127440,121280,122800,122960,127920,125840,124160,121440,121600,125440,129120,128880,126160,126640,120640,129040,123680,126080,126960,125200,122880,124320,123200,122960,120880,124240,125840,123760,122880
126160,127440,121280,122800,122960,127920,125840,124160,121440,121600,125440,129120,128880,126160,126640,120640,129040,123680,126080,126960,125200,122880,124320,123200,122960,120880,124240,125840,123760,122880
