100.329607234438
204.615314817153
205.446005780694
209.10613828387
213.060076920597
203.723708740545
204.160722262749
100.227041756653
206.349507623975
186.251982692578
205.121736874563
205.9581029858
100.244171831974
174.58743302586
100.242516515348
100.308309209088
204.052388132814
205.221535843246
207.895627004916
206.015335002271
205.483582048088
204.347499155466
100.21164743692
208.736694327356
206.216075364727
207.476390742821
205.668539161524
208.573981172848
100.222668563548
100.253614176601
