5.24757666044798
101.02438851662
100.290632037726
101.189810272591
3.66496221459147
101.182346873848
17.7142697561831
100.375325751508
100.414592099339
100.380375604212
100.326667666035
101.042285308913
5.34476788074744
101.107340668886
128.66637605968
100.821871484369
100.780803743397
100.295615617852
100.949145811584
100.285530968632
100.338827777809
100.391150184125
100.379607360809
2.01984455248748
100.324090029223
100.337093610198
100.322368182937
100.32498891104
100.285149270838
100.720658249546
