4.22666016675066e-06
300.000000000003
300.000002847831
3.25200426232186e-06
300.000000000002
300.000000000003
300.000000000003
300.000000000003
300.000000000003
300.000000000003
5.08656012243591e-06
300.000000000004
300.000000000003
4.06298158850404e-06
300.000000000004
4.12068038713187e-06
300.000000000003
300.000000000003
300.000000000003
3.87264617529581e-06
3.7950485420879e-06
300.000000000003
300.000000000003
300.000000000004
300.000000000004
300.000000000003
300.000000000004
4.38404958913452e-06
5.16402860739618e-06
300.000000000003
