1.13686837721616e-13
1.13686837721616e-13
1.13686837721616e-13
1.13686837721616e-13
1.13686837721616e-13
1.13686837721616e-13
7.99055897005019e-08
5.77693981540506e-08
1.13686837721616e-13
1.13686837721616e-13
1.13686837721616e-13
1.13686837721616e-13
1.13686837721616e-13
1.13686837721616e-13
1.13686837721616e-13
1.13686837721616e-13
1.13686837721616e-13
1.13686837721616e-13
1.13686837721616e-13
1.13686837721616e-13
1.13686837721616e-13
1.13686837721616e-13
1.13686837721616e-13
7.98403334556497e-08
1.13686837721616e-13
1.13686837721616e-13
1.13686837721616e-13
0
1.13686837721616e-13
1.13686837721616e-13
