6.96471339965308
7.95967245674638
4.97479528546648
3.97983622837319
4.97479528546648
6.96471339965308
3.97983622837319
3.97983622837319
6.96471339965308
1.98991811418659
5.96975434255978
3.97983622837319
7.95967245674638
2.98487717127989
5.96975434255978
3.97983622837319
2.98487717127989
6.96471339965308
2.98487717127989
4.97479528546648
7.95967245674638
3.97983622837319
3.97983622837319
8.95463151383967
3.97983622837319
3.97983622837319
4.97479528546648
3.97983622837319
2.98487717127989
2.98487717127989
