2.16951641551236
2.06985214121164
9.11051752065623
4.70993335596881
8.23966935755084
5.47479024764743
4.18301704326018
10.1747303460143
5.0447331662117
1.25088426776142
2.12252909950962
2.48161502759763
33.3709736372548
5.08766611534088
10.0066219820226
2.11897547999138
0.531339211104068
15.9651105179921
0.209851882110797
0.18534953025619
5.05649319173403
5.42085306536615
1.17444929014687
4.02976886687088
18.5355627117497
5.01781235421822
17.1209834077235
4.07909668843809
13.4321960673728
1.05318144712305
