27.0571329806728
20.9777714674428
62.634128476024
65.8294619196774
75.2310557135379
26.3348945001144
30.0444051090285
38.0086502628526
28.1729090131323
26.0955198188983
33.0086740638283
15.2049830387139
47.7669598523732
11.2009415328382
65.9217780436163
45.848069838971
27.0656556213382
37.9302542374005
10.3677625126738
114.778026149541
48.8403263034622
22.9837678715428
37.6689742455947
24.5494400161303
82.997293682999
46.8109533165982
35.9967553886765
29.2422498880494
26.4471353338934
7.1293862195148
