21.0212612333121
2.61401743577289
3.69254848919809e-10
1.23463905765675e-10
1.98991811557835
1.70234670804348e-09
0.994959058217546
1.61905837793688
20.0693055177217
1.61905837805261
22.1115291444282
0.62409932057426
8.88803697307594e-10
0.994959057204369
20.0511919370945
1.61905837789504
0.9949590575618
0.624099320800269
20.0651157483844
1.01444170882996
20.6765391139029
20.9615531580471
1.6190583796149
1.5320438251365e-09
3.20596882374957e-10
0.624099321713857
2.00782215843969
0.994959058064069
0.624099320575851
20.7010411787585
