30.2044906976039
0.67526556200437
29.662466310845
28.4467303828606
23.2785399989498
27.4891715815984
28.6111103105186
29.4444688714761
28.9903794890829
3.27014590366252
28.8697652530473
23.9540587158326
20.5251226699329
28.8318941880743
29.0100502801956
28.8346618567257
29.0866002012563
25.4078191225331
28.5588218743451
26.2630999782887
23.275333264738
25.18008102165
27.1045860591685
24.9196443105793
27.5181820346888
0.726549567600614
28.746377559874
28.5255301319444
22.7268953984885
25.3153002066547
