62.785001260806
21.1561165050982
50.7325884410545
54.820806731761
26.6501353636706
34.0275350813522
30.7335484656664
18.0555506860148
69.7800547906525
62.7184258429079
44.3740695427975
37.9079441701269
63.0511871842014
37.9061225545015
61.983218975985
35.0109257497506
99.3639995143117
14.0571540176334
51.8724998265777
42.0712997863709
30.7167973854196
190.06478435178
34.8746921089808
40.907171342059
20.8530273565548
34.9562032266106
33.096563596235
18.0051974505666
34.7197933311102
25.9830771770185
