21.0123684295349
0.692449363025844
22.2025586295786
21.6775283455113
20.2835842214295
20.546214841077
20.9777456663633
21.3939937973655
20.8901921024421
20.3544487360286
22.4141099027165
20.3293106504389
21.1744559473841
20.8232760805286
21.3611174604534
21.0972799917045
21.1805679402523
20.4100979571185
21.3978926314699
20.6794332187155
21.1417670883798
20.4568060433235
20.3741513893565
21.2757275883137
20.4581661041648
20.8043667513075
21.6637913877039
20.7757431386613
21.0195714278984
20.4074755093056
