726.830967844197,1066.58150377063,367.425532297472,642.995944232293,211.593179605056,751.253108055483,267.983124231142,259.577695812658,558.193167881348,495.493774427805,738.648533342505,177.556088552462,1418.37093059457,710.296701905756,476.997218586472,403.677466567424,205.483582048088,176.302568018146,1154.83862917148,2154.06145987872,362.333118724183,372.181173914023,1060.68037575,263.089268552881,660.747458769106,818.352300907284,527.872115114406,209.567768232907,269.936346901737,391.284171052414
428.276182622465,1066.58150377063,367.425532297472,510.79988083108,211.593179605056,348.553242911054,267.983124231142,259.577695812658,558.193167881348,325.14101557514,502.645139322919,123.444230793708,1418.37093059457,710.296701905756,367.778411983368,325.048151692323,205.483582048088,176.302568018146,1154.83862917148,2154.06145987872,362.333118724183,372.181173914023,1060.68037575,263.089268552881,660.747458769106,818.352300907284,391.649209016256,209.567768232907,269.936346901737,303.337293454146
363.453656131071,399.546466288859,169.168428778975,345.663277359737,211.593179605056,348.553242911054,267.983124231142,141.271128265528,303.646720454855,325.14101557514,347.764349548101,121.233218883381,352.50240600022,642.366939258191,302.44255277222,298.698275914125,205.483582048088,176.302568018146,586.965193451761,721.267091794687,204.49481448289,342.132094296157,362.283934649299,263.089268552881,389.047984062744,604.659412594431,288.662030748853,209.567768232907,269.936346901737,286.533038437381
326.539223323505,378.622954661685,164.96637280916,321.560345169674,141.856710361361,300.962959025578,267.983124231142,141.271128265528,285.636827910516,261.911350935808,293.641285021686,119.053144049944,352.50240600022,352.729057987341,287.560085569793,290.382301731702,205.483582048088,176.302568018146,293.612647979465,301.94776163065,204.49481448289,342.132094296157,299.081624947629,263.089268552881,321.495890246598,394.629521644621,283.053939593197,209.567768232907,269.936346901737,286.533038437381
302.056326635038,307.185294550407,111.420190653711,309.902133449278,125.967167622656,298.694498023857,242.587484232104,125.103072805711,277.110579789295,261.911350935808,255.834530198109,118.086047192093,284.599795387406,352.729057987341,280.093561291753,283.194493782556,205.483582048088,111.454874046863,203.52874887296,301.94776163065,204.49481448289,325.081582141002,260.884185907896,263.089268552881,295.626991711111,293.919760273658,262.512806428901,209.567768232907,129.357131174241,268.955799986852
283.152196935033,278.784821084234,102.379946796048,277.699380943011,111.170983264514,258.663902998087,240.941467928354,108.314874272553,266.700898159886,261.911350935808,255.834530198109,112.7774787234,269.870666382376,301.28769395367,259.173084009174,270.547745517742,205.483582048088,111.009889725348,114.566775773461,296.709874972119,204.49481448289,271.153299641832,254.672950205734,112.041538598703,295.626991711111,263.279350023893,246.695577552142,205.053848956137,103.824894213742,250.460087249437
261.171891616425,258.672420977065,102.379946796048,268.129418964391,103.961411550212,254.000360241489,240.941467928354,105.78178008451,254.886560749573,252.34006602852,239.310576538073,103.371855908426,259.441869636238,263.878417395599,242.490261474812,257.876529475205,205.483582048088,101.695472288849,102.322297825956,249.753486229243,204.49481448289,267.418952743541,251.199664788296,101.139613149506,252.593508448781,251.717966358141,246.695577552142,205.053848956137,102.686555775679,225.683739057464
252.641564948766,258.672420977065,100.880469490695,254.86020819028,100.739662117951,254.000360241489,240.777251793057,101.532105573807,240.222931190932,245.480435167872,226.339453467277,100.822214241461,246.166962929583,237.595772003608,240.556237810447,257.876529475205,205.483582048088,101.077226149068,101.753731286764,249.753486229243,204.49481448289,251.364986183848,238.690654756441,101.024136678282,252.593508448781,228.790002457805,242.938887325255,205.053848956137,100.728817599061,224.128910902317
247.484516262946,232.127730454183,100.642098059402,240.458554210895,100.739662117951,246.275126423022,212.513304925299,100.646730519199,220.004045850196,239.991635175554,226.339453467277,100.797280650183,244.896103678898,237.595772003608,207.889929938382,249.786139520335,205.483582048088,100.676419214072,100.644950049629,246.271134195284,204.49481448289,249.222402828714,207.550716337808,100.789039781245,233.792296624089,206.704786521906,233.087006934863,205.053848956137,100.665039160388,224.128910902317
239.814807560102,227.588209782745,100.518261702018,236.836382762395,100.48452367099,237.758878827417,207.399998953329,100.524704155649,206.784183378293,236.916620903252,205.63437485331,100.506442436658,235.027170117318,237.595772003608,207.514388693622,233.107593408167,205.483582048088,100.456896920381,100.54592838502,236.885118218863,204.49481448289,230.135728222673,200.030262830234,100.336585160235,225.397561919694,204.880781313281,205.333230448218,205.053848956137,100.420811420486,206.609930106256
215.787011322969,203.924081495594,100.448958774284,205.808870539141,100.383900635745,205.655553780375,207.3990355648,100.410589129414,206.781047972082,210.559184263258,205.403386447066,100.389830661908,209.035087650683,210.924552090023,207.513590281695,207.485985653008,205.483582048088,100.444158230957,100.359675281322,206.227830777433,204.49481448289,206.804253380464,200.000064369264,100.336585160235,204.438622581329,204.87979734572,205.322526337131,204.086358152332,100.420811420486,206.594400095789
205.001540498816,203.723858756026,100.448837163919,205.320464348544,100.302266288935,205.403400171937,207.399035534471,100.313360901266,206.78104794476,208.832504735824,205.403385469987,100.35927450663,208.658089512105,206.556241940168,207.513590278395,207.105184511495,205.483582048088,100.396378942704,100.25848120213,205.446224780323,204.49481448289,206.612472129429,200.000000005197,100.336585160235,204.160788361226,204.879797333172,205.32252610864,204.052470253687,100.420811420486,206.594399952596
204.999909308248,203.723708741393,100.390859016601,205.320443909563,100.2444181036,205.403385469991,207.399035534471,100.279389922021,206.78104794476,208.832444928269,205.403385469987,100.30030213611,208.658064740965,206.555561811349,207.513590278395,207.104848854693,205.483582048088,100.363286790245,100.25848120213,205.446005783724,204.49481448289,206.612447956466,200,100.311012124514,204.160722263703,204.879797333172,205.32252610864,204.052388133786,100.349143108474,206.594399952596
204.999909307886,203.723708740545,100.373203073683,205.320443909559,100.231153143759,205.403385469987,207.399035534471,100.270948904684,206.78104794476,208.832444928263,205.403385469987,100.290673017392,208.658064740957,206.555561811223,207.513590278395,207.104848851262,205.483582048088,100.354392113283,100.251106986353,205.446005780694,204.49481448289,206.612447956453,200,100.30586340351,204.160722262749,204.879797333172,205.32252610864,204.052388132814,100.342719099072,206.594399952596
204.999909307886,203.723708740545,100.371792339118,205.320443909559,100.229600731267,205.403385469987,207.399035534471,100.270063314146,206.78104794476,208.832444928263,205.403385469987,100.289696133103,208.658064740957,206.555561811223,207.513590278395,207.104848851262,180.799656167741,100.352801126999,100.249870991319,205.446005780694,204.49481448289,206.612447956453,200,100.304872260651,204.160722262749,204.879797333172,205.32252610864,204.052388132814,100.340814557243,206.594399952596
204.999909307886,203.723708740545,100.371680648457,205.320443909559,100.229424438844,205.403385469987,207.399035534471,100.270035760933,206.78104794476,208.832444928263,205.403385469987,100.289620912753,208.658064740957,206.555561811223,207.513590278395,207.104848851262,180.799656167741,100.35265762578,100.249805766362,205.446005780694,204.49481448289,206.612447956453,200,100.304840698796,204.160722262749,204.879797333172,205.32252610864,204.052388132814,100.340794575072,206.594399952596
