48.7370471029936,41.0856303882372,37.1585097216154,52.0956607082378,45.1435191058209,55.175808769724,32.0129936097408,46.1427588746155,53.0238322715662,53.2098245385544,41.4813764278654,51.3883926904804,49.5038170274912,52.7092493057911,33.8422199626334,50.7365604388211,56.1288214916253,36.7321294474413,42.8333344718395,38.2221224915124,59.0541651312979,46.6427831754031,41.6699506996356,44.5648072264939,39.3147170058331,47.9796426073067,32.5573193056406,49.2569246182358,44.3456442811059,46.5416160238575
36.0636473554805,25.1360111728687,37.1585097216154,43.0364764013582,23.2533315640062,41.2484288575969,32.0129936097408,43.4654017972431,35.5066723646482,36.638584114798,36.5622611364303,40.4763184011272,46.1855897557889,38.2221117379188,33.8422199626334,39.6818279215448,50.4524849673477,35.6069892273242,34.4410370725971,37.2738930815742,47.1016205450145,43.6120707129224,30.4621386360681,42.9088635101277,39.3147170058331,40.3300292741653,24.4789732375757,36.5537052031445,27.5727597568738,32.0731623643399
28.7397366826591,25.1360111728687,37.1585097216154,38.5835335664871,23.2533315640062,41.2484288575969,32.0129936097408,26.1670525715725,21.4742483240975,36.638584114798,36.5622611364303,40.4763184011272,37.607458079792,34.8648920129987,33.8422199626334,37.7676801965861,31.8950472966062,31.5381100014617,34.4410370725971,37.2738930815742,32.6249920534444,41.4412496067185,30.4621386360681,27.7838809471004,35.687132261737,39.044175574158,24.4789732375757,33.1512390146277,27.5727597568738,32.0731623643399
28.7397366826591,25.1360111728687,18.5782838159286,30.723932627542,23.2533315640062,26.1895280947933,31.6784814011817,26.1670525715725,21.4742483240975,30.1332343558731,29.6470299827674,19.8065979527064,37.5435870863571,30.4522245275912,26.2426135521371,32.2685699470269,30.7381423763611,28.3644743466252,34.4410370725971,32.9712724981011,32.6249920534444,34.3825409645324,27.2689722980556,25.9227480794359,35.687132261737,29.9960317185979,24.4789732375757,23.4609251031989,27.5727597568738,32.0731623643399
22.3825074778872,4.00678553422961,4.97748283091653,0.00495242285319364,10.3382423343317,9.20484699236113e-05,0.994964773051834,5.7576898703212,2.98756244834556,0.995102941800951,3.9806465076407,3.981639179019,15.2940466386101,0.994962545925432,6.96471683321658,1.99357397456413,30.7381423763611,1.99177165885521,21.738536427972,4.01124831155175,30.8694747988344,3.98017909229554,3.98175011844069,1.00451673100167,5.13233631636854,2.98508699754098,4.98584406203008,6.98238195642432,3.98051595531911,1.05638792011314
6.96470836191611,3.97983622837319,4.97479528546648,0,3.9798362283733,0,0.994959057093297,1.98991811418659,2.98487717127989,0.994959057093297,3.97983622837319,3.97983622837319,1.98991811418659,0.994959057093297,6.96471339965308,1.98991811418659,3.99674922997474,1.98991811418659,2.99848970904372,3.97983622837319,0.998008210230978,3.97983622837319,3.97983622837319,0.994959057093297,4.97479528546648,2.98487717127989,4.97479024764743,6.96470836183403,3.97983622837319,0.994959057093297
6.96470836183403,3.97983622837319,4.97479528546648,0,3.97983622837319,0,0.994959057093297,1.98991811418659,2.98487717127989,0.994959057093297,3.97983622837319,3.97983622837319,1.98991811418659,0.994959057093297,6.96471339965308,1.98991811418659,3.97983623112236,1.98991811418659,2.98487717365174,3.97983622837319,0.994959057245751,3.97983622837319,3.97983622837319,0.994959057093297,4.97479528546648,2.98487717127989,4.97479024764743,6.96470836183391,3.97983622837319,0.994959057093297
6.96470836183403,3.97983622837319,4.97479528546648,0,3.97983622837319,0,0.994959057093297,1.98991811418659,2.98487717127989,0.994959057093297,3.97983622837319,3.97983622837319,1.98991811418659,0.994959057093297,6.96471339965308,1.98991811418659,3.97983622837319,1.98991811418659,2.98487717127989,3.97983622837319,0.994959057093297,3.97983622837319,3.97983622837319,0.994959057093297,4.97479528546648,2.98487717127989,4.97479024764743,6.96470836183391,3.97983622837319,0.994959057093297
6.96470836183403,3.97983622837319,4.97479528546648,0,3.97983622837319,0,0.994959057093297,1.98991811418659,2.98487717127989,0.994959057093297,3.97983622837319,3.97983622837319,1.98991811418659,0.994959057093297,6.96471339965308,1.98991811418659,3.97983622837319,1.98991811418659,2.98487717127989,3.97983622837319,0.994959057093297,3.97983622837319,3.97983622837319,0.994959057093297,4.97479528546648,2.98487717127989,4.97479024764743,6.96470836183391,3.97983622837319,0.994959057093297
6.96470836183403,3.97983622837319,4.97479528546648,0,3.97983622837319,0,0.994959057093297,1.98991811418659,2.98487717127989,0.994959057093297,3.97983622837319,3.97983622837319,1.98991811418659,0.994959057093297,6.96471339965308,1.98991811418659,3.97983622837319,1.98991811418659,2.98487717127989,3.97983622837319,0.994959057093297,3.97983622837319,3.97983622837319,0.994959057093297,4.97479528546648,2.98487717127989,4.97479024764743,6.96470836183391,3.97983622837319,0.994959057093297
6.96470836183403,3.97983622837319,4.97479528546648,0,3.97983622837319,0,0.994959057093297,1.98991811418659,2.98487717127989,0.994959057093297,3.97983622837319,3.97983622837319,1.98991811418659,0.994959057093297,6.96471339965308,1.98991811418659,3.97983622837319,1.98991811418659,2.98487717127989,3.97983622837319,0.994959057093297,3.97983622837319,3.97983622837319,0.994959057093297,4.97479528546648,2.98487717127989,4.97479024764743,6.96470836183391,3.97983622837319,0.994959057093297
6.96470836183403,3.97983622837319,4.97479528546648,0,3.97983622837319,0,0.994959057093297,1.98991811418659,2.98487717127989,0.994959057093297,3.97983622837319,3.97983622837319,1.98991811418659,0.994959057093297,6.96471339965308,1.98991811418659,3.97983622837319,1.98991811418659,2.98487717127989,3.97983622837319,0.994959057093297,3.97983622837319,3.97983622837319,0.994959057093297,4.97479528546648,2.98487717127989,4.97479024764743,6.96470836183391,3.97983622837319,0.994959057093297
6.96470836183403,3.97983622837319,4.97479528546648,0,3.97983622837319,0,0.994959057093297,1.98991811418659,2.98487717127989,0.994959057093297,3.97983622837319,3.97983622837319,1.98991811418659,0.994959057093297,6.96471339965308,1.98991811418659,3.97983622837319,1.98991811418659,2.98487717127989,3.97983622837319,0.994959057093297,3.97983622837319,3.97983622837319,0.994959057093297,4.97479528546648,2.98487717127989,4.97479024764743,6.96470836183391,3.97983622837319,0.994959057093297
6.96470836183403,3.97983622837319,4.97479528546648,0,3.97983622837319,0,0.994959057093297,1.98991811418659,2.98487717127989,0.994959057093297,3.97983622837319,3.97983622837319,1.98991811418659,0.994959057093297,6.96471339965308,1.98991811418659,3.97983622837319,1.98991811418659,2.98487717127989,3.97983622837319,0.994959057093297,3.97983622837319,3.97983622837319,0.994959057093297,4.97479528546648,2.98487717127989,4.97479024764743,6.96470836183391,3.97983622837319,0.994959057093297
