56.8556375390958,47.9087892431489,40.4359655434655,64.8259704903844,52.5909558739281,55.9468630106667,58.4110360461982,98.2953056748811,68.1309526856853,54.9167829958055,38.0404986192752,37.0926092993832,42.3004585925614,43.4026348691473,41.2790197770942,47.6568630706356,40.9398694483243,44.4038459500489,56.9712982111309,58.261555996512,42.9339593150021,39.9649807372721,38.1619795880588,47.1886004535422,29.9159505491275,51.7852914017249,38.8013965465043,53.1719296212045,31.2131330846646,35.3288286453985
37.7888919393467,38.9209795982179,32.7670975274395,36.3952254808851,39.6610332210989,40.5157066903193,33.9716626405921,47.9716727944351,43.4664502855612,38.4083804194397,37.051812031189,33.1337934296821,33.7868191670113,39.3480580623554,32.1284143902262,42.7280936916745,30.029297823794,41.5209814635459,46.0535423326692,39.4075894849657,36.534763635098,37.5489514522237,30.2978713092584,35.1098109599247,29.9159505491275,41.7943550663967,30.508788234421,34.1998538651387,31.2131330846646,33.7332955041707
32.327629345154,38.7173717206251,31.1890532580728,31.5921940048861,30.5746518306519,31.1773069193173,33.9716626405921,35.0331120180363,36.7060178229981,33.3607738336486,34.5016956671575,33.1337934296821,30.0447169348849,39.3480580623554,31.7622460172233,38.109821248037,30.029297823794,29.2430433956824,35.7019187928154,37.972831151078,33.2196138556073,34.3383550459225,30.2978713092584,32.1455429038906,28.9916825358928,31.5441311954582,30.508788234421,34.1998538651387,30.2202803522273,30.310297626736
30.7442134680628,30.7327136751155,31.0734792486096,30.9903642459694,30.5746518306519,31.1773069193173,33.5883611735444,30.1663837639876,31.1329833023615,29.5467611102176,29.3634639614907,33.1337934296821,29.7321127934661,34.1679804195028,27.837517038764,30.6428428294398,29.050148141459,29.2430433956824,31.2686387905719,19.8306212840735,33.2196138556073,34.3383550459225,28.6774526244799,32.1455429038906,28.9916825358928,31.5441311954582,30.508788234421,31.6496592157127,29.1039709402567,29.8980176586983
20.0503522485392,26.7214403495836,26.8643907766045,27.3943429927967,26.3521003535993,26.0203926434492,26.6186300416857,26.6700791899912,29.9228885413659,21.3346792603938,26.7200156039216,27.4888546171546,20.6809586921318,27.8245798906651,25.2252019747134,18.2480658068225,27.9200298756664,24.4283485490168,24.1874217636791,13.286253865218,26.3279385781807,28.2083971845864,28.2098211268803,25.710259347873,28.0906854190953,28.7576806121292,25.5445057241186,11.2777012198412,29.1039709402567,28.0431235810038
9.59392680607471,23.5780760450771,26.8643907766045,18.0683054581314,24.0644103131244,14.5189853394186,26.3435386779283,7.80903062264542,23.1108974643967,21.3346792603938,23.5991058235004,24.5522574521174,8.48895649208453,24.8218379688697,23.984759259688,8.80784700206323,11.4437148395837,11.9880175240583,11.9848321046657,8.39539615799413,19.3903934522832,12.4368652791095,27.9865822017123,25.5463116690589,23.3551937274483,25.1960272611745,10.7995506517959,9.0603431650834,25.4729292259349,27.6087721799172
7.11483619088585,21.9490994623743,26.8643907766045,10.8024349773946,24.0644103131244,7.34245136170557,24.3583195619899,7.18616369414531,23.1108974643967,12.6936215048845,8.01811886343467,24.5522574521174,4.90975060968458,23.8482199389159,6.19571232610861,3.22045600179899,6.16360766422122,7.9846105407637,4.86987990973876,6.96697297483161,14.1303162117051,8.12711116578384,25.0405613193825,24.0276702165697,23.3551937274483,12.290384033241,10.7995506517959,6.41121726094889,23.781609471062,27.6087721799172
6.28629338052269,21.9490994623743,26.8643907766045,6.88801811258372,24.0644103131244,7.34245136170557,13.6846525612104,5.24981207753217,23.1108974643967,6.72542239445738,4.04896428422899,24.5522574521174,4.90975060968458,22.6347464896958,6.19571232610861,0.053503155756971,4.90875006593433,5.66212533715679,4.86987990973876,4.88262360617773,14.1303162117051,5.80516104962135,24.6863749288063,24.0276702165697,13.7607587552316,6.28283028306305,10.7995506517959,6.41121726094889,23.781609471062,26.6402972278097
6.02457142804769,21.9490994623743,26.8643907766045,6.08575834781323,24.0644103131244,7.05261218562009,7.86803763671332,5.24981207753217,23.1108974643967,6.72542239445738,1.39110812481385,24.5522574521174,2.29269093119183,22.6347464896958,6.19571232610861,0.0152770305453487,4.65559153711729,5.66212533715679,4.7281739767318,4.88262360617773,14.1303162117051,4.96668308062362,23.8949726721976,24.0276702165697,13.7607587552316,4.88798156019084,10.7995506517959,6.41121726094889,23.5135950163967,25.3620749153429
3.72319655846968,21.9490994623743,26.3728939306147,6.08575834781323,24.0644103131244,6.60358953363857,5.39774493784444,3.69245166845121,23.1108974643967,6.72542239445738,0.47374641459237,24.5522574521174,0.741099046892032,22.6347464896958,6.19571232610861,0.0139722755698131,4.65559153711729,4.39752133798993,4.4856969752741,4.88262360617773,10.8028848390759,4.96668308062362,23.4739259995272,24.0276702165697,13.7607587552316,3.56667543137837,10.7995506517959,6.22249099895998,23.5135950163967,25.3620749153429
3.72319655846968,21.9490994623743,25.5503115886027,6.08575834781323,24.0644103131244,4.68763668355496,2.73079929234154,1.5652608350847,23.1108974643967,6.72542239445738,0.453971083939905,23.5495712015459,0.727447350256625,22.6347464896958,6.19571232610861,0.0138681129292308,4.65559153711729,4.39752133798993,1.9825062283735,4.81910069659352,7.00509037739494,4.96668308062362,23.4739259995272,24.0276702165697,13.7607587552316,2.70968340925583,8.82865462871587,6.22249099895998,23.5135950163967,23.7921976357652
3.72319655846968,21.9490994623743,25.0650084304043,3.7816660130452,23.820279525391,4.68763668355496,1.63906841386097,0.653086705668102,23.1108974643967,6.72542239445738,0.45342363691816,23.5495712015459,0.727082149005128,22.6347464896958,5.16109682572824,0.0138629104003485,3.55112758594987,4.39752133798993,1.9825062283735,4.81910069659352,5.9105989351101,4.96668308062362,21.0985318103121,24.0276702165697,13.7607587552316,1.54149941981359,5.7171013082916,6.22249099895998,23.5135950163967,23.7921976357652
3.72319655846968,21.9490994623743,24.4127553591507,3.7816660130452,23.820279525391,4.68763668355496,1.60138797320496,0.202611842611077,23.0338550062088,6.51552313518914,0.453420432998882,23.5495712015459,0.727070523341808,22.6347464896958,4.57686909398126,0.0138621171613522,3.55112758594987,4.39752133798993,1.64326026370918,4.81910069659352,5.9105989351101,4.96668308062362,21.0985318103121,24.0276702165697,7.92081661282737,0.752516125517104,4.06612585800485,5.52625682583448,23.5135950163967,23.7921976357652
3.72319655846968,21.9490994623743,24.3262194375561,3.7816660130452,23.820279525391,4.68763668355496,1.39639827264182,0.188535177817357,23.0338550062088,5.42714490510161,0.453413273910883,23.5495712015459,0.727068914604843,22.6347464896958,4.57686909398126,0.0138617199104374,2.38219193856685,3.89794675281064,1.64326026370918,4.81910069659352,5.22197220595035,4.96668308062362,21.0985318103121,24.0276702165697,5.49069153035043,0.740046788526342,3.62355239899534,4.52137803720825,23.0345595892741,23.7921976357652
