407.960660382988,345.134418590997,375.759437279692,368.172859032069,432.853539073253,378.827238103516,424.835610147353,307.609975449471,391.656574996069,399.235506164982,390.821986782648,369.614695323965,345.835347076876,411.570522161114,389.33804644564,362.44046659552,373.88385923835,414.81547246163,355.983060480474,368.900166418525,353.769744533456,378.844053628965,443.099014070636,423.9911611397,403.846564518264,303.782865342521,357.378401473214,370.77958631168,406.445893155154,457.217879618637
255.408250604458,248.051928393792,304.142083747662,286.14723603877,256.100869523361,314.153747856534,338.786012018221,254.520049838926,306.494653647604,266.547867489447,314.406792045918,281.33344785677,259.88925314853,303.189664263339,255.007157596449,286.428578405339,313.81007756962,284.805558049942,266.481244370148,257.22763142298,300.566013835168,255.758098552343,307.322623409534,275.641771688819,286.436271932851,244.350437595792,252.592825295639,281.441133204674,264.009553557132,266.606057915346
239.438949972432,234.625441235252,239.187282203293,245.045929837781,240.916137917635,244.902389441063,238.788135443889,233.91053491623,237.574698119015,233.984969751325,264.728541702082,237.905815016046,235.940425316945,242.430867596128,239.387739470398,238.376442213496,243.714797189325,253.212257444077,236.131850440269,240.310297822105,236.943608389893,237.218030181924,246.1776222302,239.988657657791,238.357284180369,233.97976367261,238.29045851997,244.641503208397,237.246446135086,236.706467238578
229.884875963435,230.00810346645,230.136718186713,230.519349253595,230.222815445661,231.151931947679,230.224765845114,229.530535667038,230.248591927546,230.123619364704,230.670455010022,230.125402528234,230.068058205161,230.20578139028,229.930702908108,230.464093467836,230.193051796196,230.48804331968,229.980145461489,230.101395191941,230.088906769577,230.20500175901,230.219425083178,229.891219542403,230.32226374176,230.031631382662,229.774577917716,230.299106127803,230.603454057587,230.523314957947
229.290310429017,229.288564125448,229.292861266793,229.295896292012,229.292282104037,229.296206275332,229.290194510984,229.28776994451,229.290673040372,229.292604695079,229.293577400656,229.291633076657,229.290089910183,229.295944782686,229.295030492034,229.288346009933,229.294807686095,229.293209824857,229.290449581722,229.294625367178,229.299555745811,229.290917510562,229.2921871169,229.293268608067,229.293107509216,229.28905282196,229.297994332926,229.290886659655,229.293718768031,229.292307642735
229.284383347063,229.284383045414,229.284383112532,229.28438353625,229.284383806337,229.284383628298,229.284383360358,229.284383170689,229.284384314743,229.284383843921,229.28438343602,229.284383340219,229.284383655592,229.284384515085,229.284383366395,229.284383839971,229.284383646389,229.284383969725,229.28438314114,229.284384091789,229.284385715836,229.284384000749,229.284383796145,229.284383313963,229.28438377344,229.284382882207,229.284383623598,229.284383296743,229.284383532232,229.284383476
229.284382708545,229.28438270853,229.284382708534,229.284382708574,229.284382708686,229.284382708534,229.284382708537,229.284382708512,229.284382708574,229.284382708558,229.284382708585,229.284382708599,229.284382708555,229.284382708674,229.284382708579,229.284382708554,229.284382708624,229.284382708604,229.284382708543,229.284382708691,229.284382708696,229.284382708633,229.284382708568,229.284382708592,229.284382708608,229.284382708505,229.284382708599,229.284382708541,229.284382708554,229.284382708569
229.284382708487,229.284382708487,229.284382708487,229.284382708487,229.284382708487,229.284382708487,229.284382708487,229.284382708487,229.284382708487,229.284382708487,229.284382708487,229.284382708487,229.284382708487,229.284382708487,229.284382708487,229.284382708487,229.284382708487,229.284382708487,229.284382708487,229.284382708487,229.284382708487,229.284382708487,229.284382708487,229.284382708487,229.284382708487,229.284382708487,229.284382708487,229.284382708487,229.284382708487,229.284382708487
229.284382708487,229.284382708487,229.284382708487,229.284382708487,229.284382708487,229.284382708487,229.284382708487,229.284382708487,229.284382708487,229.284382708487,229.284382708487,229.284382708487,229.284382708487,229.284382708487,229.284382708487,229.284382708487,229.284382708487,229.284382708487,229.284382708487,229.284382708487,229.284382708487,229.284382708487,229.284382708487,229.284382708487,229.284382708487,229.284382708487,229.284382708487,229.284382708487,229.284382708487,229.284382708487
229.284382708487,229.284382708487,229.284382708487,229.284382708487,229.284382708487,229.284382708487,229.284382708487,229.284382708487,229.284382708487,229.284382708487,229.284382708487,229.284382708487,229.284382708487,229.284382708487,229.284382708487,229.284382708487,229.284382708487,229.284382708487,229.284382708487,229.284382708487,229.284382708487,229.284382708487,229.284382708487,229.284382708487,229.284382708487,229.284382708487,229.284382708487,229.284382708487,229.284382708487,229.284382708487
229.284382708487,229.284382708487,229.284382708487,229.284382708487,229.284382708487,229.284382708487,229.284382708487,229.284382708487,229.284382708487,229.284382708487,229.284382708487,229.284382708487,229.284382708487,229.284382708487,229.284382708487,229.284382708487,229.284382708487,229.284382708487,229.284382708487,229.284382708487,229.284382708487,229.284382708487,229.284382708487,229.284382708487,229.284382708487,229.284382708487,229.284382708487,229.284382708487,229.284382708487,229.284382708487
229.284382708487,229.284382708487,229.284382708487,229.284382708487,229.284382708487,229.284382708487,229.284382708487,229.284382708487,229.284382708487,229.284382708487,229.284382708487,229.284382708487,229.284382708487,229.284382708487,229.284382708487,229.284382708487,229.284382708487,229.284382708487,229.284382708487,229.284382708487,229.284382708487,229.284382708487,229.284382708487,229.284382708487,229.284382708487,229.284382708487,229.284382708487,229.284382708487,229.284382708487,229.284382708487
229.284382708487,229.284382708487,229.284382708487,229.284382708487,229.284382708487,229.284382708487,229.284382708487,229.284382708487,229.284382708487,229.284382708487,229.284382708487,229.284382708487,229.284382708487,229.284382708487,229.284382708487,229.284382708487,229.284382708487,229.284382708487,229.284382708487,229.284382708487,229.284382708487,229.284382708487,229.284382708487,229.284382708487,229.284382708487,229.284382708487,229.284382708487,229.284382708487,229.284382708487,229.284382708487
229.284382708487,229.284382708487,229.284382708487,229.284382708487,229.284382708487,229.284382708487,229.284382708487,229.284382708487,229.284382708487,229.284382708487,229.284382708487,229.284382708487,229.284382708487,229.284382708487,229.284382708487,229.284382708487,229.284382708487,229.284382708487,229.284382708487,229.284382708487,229.284382708487,229.284382708487,229.284382708487,229.284382708487,229.284382708487,229.284382708487,229.284382708487,229.284382708487,229.284382708487,229.284382708487
