19.5859264573874,21.9550541319381,17.4976386204266,20.9119274532568,339.537540877272,14.6067491820127,15.0142772970153,331.996340810019,339.853873583685,17.3744330206073,19.5984479750127,21.1392135307146,16.8013005907742,20.4919776313841,16.245119541752,17.5834856117631,15.4756289828219,19.2093616167135,20.7224304026854,334.391276727073,17.943068726272,332.354518207479,16.4511543206381,17.9848652320634,330.679353923936,13.3471981951357,14.9032988040394,18.00118394931,20.2438717499949,19.0798635640513
19.5859264573874,21.9550541319381,17.4976386204266,20.9119274532568,339.537540877272,14.6067491820127,15.0142772970153,331.996340810019,339.853873583685,17.3744330206073,19.5984479750127,21.1392135307146,16.8013005907742,20.4919776313841,16.245119541752,17.5834856117631,15.4756289828219,19.2093616167135,20.7224304026854,334.391276727073,17.943068726272,332.354518207479,16.4511543206381,17.9848652320634,330.679353923936,13.3471981951357,14.9032988040394,18.00118394931,20.2438717499949,19.0798635640513
19.5859264573874,21.9550541319381,17.4976386204266,20.9119274532568,339.537540877272,14.6067491820127,15.0142772970153,331.996340810019,339.853873583685,17.3744330206073,19.5984479750127,21.1392135307146,16.8013005907742,20.4919776313841,16.245119541752,17.5834856117631,15.4756289828219,19.2093616167135,20.7224304026854,334.391276727073,17.943068726272,332.354518207479,16.4511543206381,17.9848652320634,330.679353923936,13.3471981951357,14.9032988040394,18.00118394931,20.2438717499949,19.0798635640513
19.5859264573874,21.9550541319381,17.4976386204266,20.9119274532568,339.537540877272,14.6067491820127,15.0142772970153,331.996340810019,339.853873583685,17.3744330206073,19.5984479750127,21.1392135307146,16.8013005907742,20.4919776313841,16.245119541752,17.5834856117631,15.4756289828219,19.2093616167135,20.7224304026854,334.391276727073,17.943068726272,332.354518207479,16.4511543206381,17.9848652320634,330.679353923936,13.3471981951357,14.9032988040394,18.00118394931,20.2438717499949,19.0798635640513
19.5859264573874,21.9550541319381,17.4976386204266,20.9119274532568,339.537540877272,14.6067491820127,15.0142772970153,331.996340810019,339.853873583685,17.3744330206073,19.5984479750127,21.1392135307146,16.8013005907742,20.4919776313841,16.245119541752,17.5834856117631,15.4756289828219,19.2093616167135,20.7224304026854,334.391276727073,17.943068726272,332.354518207479,16.4511543206381,17.9848652320634,330.679353923936,13.3471981951357,14.9032988040394,18.00118394931,20.2438717499949,19.0798635640513
19.5859264573874,21.9550541319381,17.4976386204266,20.9119274532568,339.537540877272,14.6067491820127,15.0142772970153,331.996340810019,339.853873583685,17.3744330206073,19.5984479750127,21.1392135307146,16.8013005907742,20.4919776313841,16.245119541752,17.5834856117631,15.4756289828219,19.2093616167135,20.7224304026854,334.391276727073,17.943068726272,332.354518207479,16.4511543206381,17.9848652320634,330.679353923936,13.3471981951357,14.9032988040394,18.00118394931,20.2438717499949,19.0798635640513
19.5859264573874,21.9550541319381,17.4976386204266,20.9119274532568,339.537540877272,14.6067491820127,15.0142772970153,331.996340810019,339.853873583685,17.3744330206073,19.5984479750127,21.1392135307146,16.8013005907742,20.4919776313841,16.245119541752,17.5834856117631,15.4756289828219,19.2093616167135,20.7224304026854,334.391276727073,17.943068726272,332.354518207479,16.4511543206381,17.9848652320634,330.679353923936,13.3471981951357,14.9032988040394,18.00118394931,20.2438717499949,19.0798635640513
19.5859264573874,21.9550541319381,17.4976386204266,20.9119274532568,339.537540877272,14.6067491820127,15.0142772970153,331.996340810019,339.853873583685,17.3744330206073,19.5984479750127,21.1392135307146,16.8013005907742,20.4919776313841,16.245119541752,17.5834856117631,15.4756289828219,19.2093616167135,20.7224304026854,334.391276727073,17.943068726272,332.354518207479,16.4511543206381,17.9848652320634,330.679353923936,13.3471981951357,14.9032988040394,18.00118394931,20.2438717499949,19.0798635640513
19.5859264573874,21.9550541319381,17.4976386204266,20.9119274532568,339.537540877272,14.6067491820127,15.0142772970153,331.996340810019,339.853873583685,17.3744330206073,19.5984479750127,21.1392135307146,16.8013005907742,20.4919776313841,16.245119541752,17.5834856117631,15.4756289828219,19.2093616167135,20.7224304026854,334.391276727073,17.943068726272,332.354518207479,16.4511543206381,17.9848652320634,330.679353923936,13.3471981951357,14.9032988040394,18.00118394931,20.2438717499949,19.0798635640513
19.5859264573874,21.9550541319381,17.4976386204266,20.9119274532568,339.537540877272,14.6067491820127,15.0142772970153,331.996340810019,339.853873583685,17.3744330206073,19.5984479750127,21.1392135307146,16.8013005907742,20.4919776313841,16.245119541752,17.5834856117631,15.4756289828219,19.2093616167135,20.7224304026854,334.391276727073,17.943068726272,332.354518207479,16.4511543206381,17.9848652320634,330.679353923936,13.3471981951357,14.9032988040394,18.00118394931,20.2438717499949,19.0798635640513
19.5859264573874,21.9550541319381,17.4976386204266,20.9119274532568,339.537540877272,14.6067491820127,15.0142772970153,331.996340810019,339.853873583685,17.3744330206073,19.5984479750127,21.1392135307146,16.8013005907742,20.4919776313841,16.245119541752,17.5834856117631,15.4756289828219,19.2093616167135,20.7224304026854,334.391276727073,17.943068726272,332.354518207479,16.4511543206381,17.9848652320634,330.679353923936,13.3471981951357,14.9032988040394,18.00118394931,20.2438717499949,19.0798635640513
9.02518634230319,12.116128748642,10.1370957055401,9.64245356730089,321.216196584449,6.82718129093655,12.3321990917302,319.325317208887,325.846105124988,14.4181727655719,10.4313528938405,13.3556807140403,12.3443775076503,10.5692759873723,8.10160555876155,5.49229721797474,13.4123724400906,11.6100008409976,11.4276426367351,321.273107064501,11.0659633430396,325.476033262431,10.2792469998772,10.4985260119333,322.471253761053,9.37903943858282,4.09368577797613,10.5533991715224,9.50373963833454,5.37301385401179
1.39030664769916,1.85944530399956,1.82902547176673,1.06004741769993,302.492442866225,1.64762490724434,1.99253438217693,301.361188024253,307.21150231708,2.56567759207019,1.62155365879789,1.82222905863409,2.76096728453376,1.62979762489113,1.76837310071869,1.00393233998511,2.22919294224221,2.00778407976168,2.08856871349099,302.669319234241,1.79141412796207,303.415516420263,2.17458463644516,1.99337384976798,303.367370186233,1.6572949291085,0.992795862509865,1.99736526905508,1.26648997918664,1.64751112895601
0.078621261896842,0.119211403490681,0.148207129928323,0.0807693464353179,300.111457577781,0.123658450426774,0.0976069455841753,300.077974109766,300.289207602624,0.166874333138367,0.0865038835877385,0.0983538873279031,0.161286998576088,0.134834141628744,0.116751469245173,0.0920851060709538,0.132993893073944,0.104193662676607,0.12556280427998,300.198048438635,0.116546798428772,300.065230723527,0.133147527685196,0.0985415714226292,300.164499789599,0.0880352478720852,0.0638209685644142,0.149762164272943,0.0746843701531361,0.096585850565134
0.000882174108483014,0.00108957833981549,0.00144784095755313,0.00131582686572074,300.002429754539,0.00164152837942311,0.0011858413504342,300.000998905566,300.001506959676,0.00154121630930604,0.00128984126695286,0.00153882764197988,0.00144297183805975,0.00128534165014571,0.00125480395445265,0.0012630111582439,0.00178271278446118,0.00142384798846251,0.00103417070067735,300.002281771878,0.00134941083479134,300.001330708132,0.000836529306525335,0.00103526792827324,300.001941186776,0.00111828056969898,0.000884949649389455,0.00115353388264339,0.000701203528933547,0.000936856115004048
9.71594090515282e-07,9.26350821828237e-07,7.37104073778028e-07,1.11244980871561e-06,300.000001285041,8.02074737293879e-07,9.39861820370425e-07,300.000001018676,300.000001719961,1.13696205517044e-06,1.0551175364526e-06,1.15347120299703e-06,1.02827107184567e-06,1.08583253677352e-06,8.90760929905809e-07,1.53487599163782e-06,1.07732103060698e-06,1.21926768770209e-06,1.40216707222862e-06,300.000000837862,1.04969922176679e-06,300.00000166302,9.54519691731548e-07,1.02589365269523e-06,300.000001489705,1.0802032193169e-06,8.68801180331502e-07,1.02914600574877e-06,1.0157200449612e-06,9.05490196601022e-07
