3.52655066242983,3.63369928085353,3.94002016179547,4.84148344265793,4.17942592796351,6.75391870138083,6.99016823007901,5.78403602475043,4.33690216203456,6.67376699936165,2.99890856583988,5.31533496626821,7.85450790331527,3.93309593725746,2.80027515522556,4.10621690780704,5.79212399440735,6.08187184532687,3.17225933724774,5.05717879602378,4.67327958004671,5.87774243069748,3.77572565373077,10.0423896212566,4.35667355792634,4.19461673689727,5.08124645564601,1.93186323569353,5.71462757872155,3.53827473414799
3.52655066242983,3.63369928085353,3.94002016179547,4.84148344265793,4.17942592796351,6.75391870138083,6.99016823007901,5.78403602475043,4.33690216203456,6.67376699936165,2.99890856583988,5.31533496626821,7.85450790331527,3.93309593725746,2.80027515522556,4.10621690780704,5.79212399440735,6.08187184532687,3.17225933724774,5.05717879602378,4.67327958004671,5.87774243069748,3.77572565373077,10.0423896212566,4.35667355792634,4.19461673689727,5.08124645564601,1.93186323569353,5.71462757872155,3.53827473414799
3.52655066242983,3.63369928085353,3.94002016179547,4.84148344265793,4.17942592796351,6.75391870138083,6.99016823007901,5.78403602475043,4.33690216203456,6.67376699936165,2.99890856583988,5.31533496626821,7.85450790331527,3.93309593725746,2.80027515522556,4.10621690780704,5.79212399440735,6.08187184532687,3.17225933724774,5.05717879602378,4.67327958004671,5.87774243069748,3.77572565373077,10.0423896212566,4.35667355792634,4.19461673689727,5.08124645564601,1.93186323569353,5.71462757872155,3.53827473414799
3.52655066242983,3.63369928085353,3.94002016179547,4.84148344265793,4.17942592796351,6.75391870138083,6.99016823007901,5.78403602475043,4.33690216203456,6.67376699936165,2.99890856583988,5.31533496626821,7.85450790331527,3.93309593725746,2.80027515522556,4.10621690780704,5.79212399440735,6.08187184532687,3.17225933724774,5.05717879602378,4.67327958004671,5.87774243069748,3.77572565373077,10.0423896212566,4.35667355792634,4.19461673689727,5.08124645564601,1.93186323569353,5.71462757872155,3.53827473414799
3.52655066242983,3.63369928085353,3.94002016179547,4.84148344265793,4.17942592796351,6.75391870138083,6.99016823007901,5.78403602475043,4.33690216203456,6.67376699936165,2.99890856583988,5.31533496626821,7.85450790331527,3.93309593725746,2.80027515522556,4.10621690780704,5.79212399440735,6.08187184532687,3.17225933724774,5.05717879602378,4.67327958004671,5.87774243069748,3.77572565373077,10.0423896212566,4.35667355792634,4.19461673689727,5.08124645564601,1.93186323569353,5.71462757872155,3.53827473414799
2.1740462620038,2.15873369480744,3.19805095640356,4.14877709728296,3.25854519702352,5.43900344518875,5.10451107013364,4.14577488562645,3.12509435836012,5.23847437328573,2.22684607057238,4.09369035855696,6.37608254855309,3.25012012992374,1.18036702584175,3.2673747826484,4.64268403210269,4.15082402981579,2.12425227579081,3.2312676885083,3.15862115765822,4.41541566990225,2.17124420561311,8.18769510864183,2.22786457726056,3.22265985380386,4.16508692980244,1.15775235651802,4.12915946808096,2.19008158774568
1.9946511348619,2.00266064362791,2.99298818871091,3.98977532871697,2.99341301297102,4.99606540792968,4.98430032303179,3.9864262452586,2.99087412852646,4.9978769343993,2.00456153430002,3.9989858597628,5.98643189971176,2.98894735840315,1.00043662603002,2.99060601014992,3.99821534084094,3.98541631684157,1.99519059200793,2.98884029530711,2.99344398823007,3.99652994591133,1.99342978232971,7.96358819946499,1.99857191856665,2.99420307327023,3.98360279494534,1.00297377349966,3.98471041872392,2.00160800515209
1.99012142173819,1.99101851340936,2.98511155198833,3.98029753067794,2.98562421331519,4.97549054841727,4.97503691596262,3.98012124318348,2.98513120902385,4.97568354528312,1.99043056484072,3.98034534785756,5.97044883862395,2.98510963242416,0.99552138426418,2.98495109307339,3.98024609287802,3.9801139504242,1.99012562411099,2.98516593017814,2.98542379587491,3.98018289566596,1.99012800610842,7.95989359799626,1.99012343890695,2.98535919696144,3.98028995596724,0.995159622863866,3.98002995238051,1.99032101343414
1.9899268508741,1.98994352522379,2.98488514527992,3.97985047025418,2.98489213298467,4.97482401890022,4.97480263444629,3.97984380104378,2.98489317194333,4.97483299423789,1.98993417165957,3.97985191625401,5.96977783792443,2.98491270853674,0.994979575365051,2.98488348608612,3.97987581134316,3.9798424924752,1.98992928771645,2.98488474363819,2.98489775358451,3.97985639314027,1.98992964467038,7.95967216815006,1.98992839794607,2.9849100521526,3.97984477991781,0.994972543708059,3.97984406276544,1.98992818047657
1.98991845472733,1.98991964193283,2.98487740730025,3.97983666197979,2.98487755352858,4.97479589968304,4.97479561246109,3.9798363403836,2.98487745431134,4.97479578698142,1.98991864253969,3.97983656196982,5.96975020111631,2.98487863222726,0.994959393379986,2.98487746964872,3.97983698276448,3.97983645395846,1.98991831669412,2.98487739459449,2.98487775044225,3.97983657311102,1.98991838007942,7.95966761273098,1.98991835752929,2.98487739590939,3.97983651023469,0.994959370298375,3.97983636707636,1.98991831507112
1.98991812678616,1.9899182042551,2.98487718210833,3.97983625476672,2.98487718733043,4.97479531944202,4.97479529209886,3.9798362383533,2.98487717838361,4.97479531246051,1.98991812393228,3.97983623580296,5.96974935250171,2.98487726870781,0.994959068469598,2.9848771817592,3.97983625197548,3.97983624135156,1.98991812436998,2.98487717901457,2.98487718940248,3.97983624162794,1.98991812398094,7.95966742478231,1.98991812989914,2.98487718193746,3.97983623956554,0.994959070077925,3.97983623579194,1.98991812032193
1.98991811478356,1.98991811642122,2.98487717154239,3.97983622995048,2.98487717201431,4.97479528698386,4.97479528588588,3.97983622850711,2.98487717155297,4.97479528623194,1.98991811496262,3.97983622873926,5.96974930801048,2.98487717556225,0.994959057512233,2.98487717171361,3.97983622938636,3.97983622864899,1.98991811476765,2.9848771715366,2.98487717245098,3.97983622855759,1.98991811455869,7.95966741919324,1.98991811440737,2.98487717165642,3.97983622898232,0.994959057386041,3.97983622857612,1.98991811433859
1.98991811420581,1.98991811434746,2.98487717130479,3.97983622840752,2.98487717133492,4.97479528559495,4.97479528547956,3.97983622839865,2.98487717128876,4.97479528550764,1.98991811420183,3.97983622839092,5.96974930486033,2.98487717143485,0.994959057110009,2.98487717129751,3.97983622844947,3.97983622838615,1.98991811421251,2.98487717129592,2.9848771713165,3.9798362283899,1.98991811420797,7.95966741893483,1.98991811419921,2.98487717129501,3.97983622843151,0.994959057105689,3.97983622838467,1.98991811419762
1.98991811418739,1.98991811419125,2.98487717128069,3.97983622837478,2.98487717128148,4.97479528546762,4.97479528546705,3.97983622837376,2.98487717128046,4.97479528546864,1.98991811418682,3.97983622837376,5.96974930474607,2.98487717128398,0.994959057093752,2.98487717128046,3.97983622837683,3.97983622837376,1.9899181141875,2.98487717128023,2.98487717128216,3.97983622837387,1.98991811418796,7.95966741892755,1.98991811418693,2.98487717128,3.97983622837501,0.994959057093524,3.97983622837353,1.98991811418728
