2142.59714689804,3928.68176670513,7764.74096211081,553.92413874297,2589.21369348981,4673.9161275588,2721.19866709828,2466.96115708757,1848.85013830988,4844.13464102022,2531.96358133573,7008.62032316467,8767.09201536984,1221.25663800064,3477.60463842734,2354.44484408517,5663.96033506347,4856.99294596759,5404.42895911737,5616.70696227161,2697.42961840793,8599.53428523832,3248.12099365686,7236.3369370639,5492.96325716777,3204.35772400274,4776.81193968198,1467.85580689933,7611.06710650444,2655.03712593531
76.648460727517,22.9805609836672,57.3520651199036,11.0205942148172,8.18653232498752,42.3982688020708,19.2257792428149,7.07529807368809,35.6777742495844,14.9152900261117,13.7263055154816,34.8675594452155,14.630579835753,9.62929945172635,14.5307783748415,19.5258161132849,63.3107853622778,21.1459875497087,56.3560317899604,12.8490990046462,19.9096376106828,56.2841305347586,17.183748514529,50.3350440519868,44.1041591497176,17.4374062163293,23.5326877527951,11.7068557302792,35.3823627840523,15.128103172751
0.425089719115817,0.355005506072814,0.766466148475729,0.650459321185735,1.03408030453278,1.82051763510998,0.262642085235882,0.355004500519328,0.717042684326486,0.783200076064531,0.482738891158817,1.15204641208283,0.946404900298432,0.450531539139263,0.654457300779029,0.514356490294347,0.977757113807229,1.35027084015405,1.58431374141088,1.57682663764825,0.701342294026858,1.5690371240089,0.458190755830969,0.942345561730747,0.6225207688056,1.43500695133002,0.537775848268893,0.282854115481825,1.08742577875404,0.749770971705971
0.000664468368995585,0.000734525176085299,0.00151280972812629,0.0010299116825081,0.000882923226640742,0.00445553300824031,0.00114690737854062,0.00082466710978224,0.000659517792826136,0.000578344191808355,0.000463310616510171,0.00150200667781064,0.000579317397352952,0.00142846554621201,0.00123232478443924,0.000794332478903925,0.000784360114209903,0.00300717082114943,0.00161518067841371,0.00245443123736777,0.00219698118200995,0.00175347604209719,0.00183245813997246,0.00224540528853368,0.00235563995664734,0.00239610556445768,0.00222255600715471,0.000377351291831474,0.0025294541491121,0.00123318288183327
8.29913915367797e-11,7.49764694774058e-11,4.38831193605438e-10,3.19460013997741e-10,3.35944605467375e-10,2.36809682974126e-10,7.07132130628452e-11,1.10787823359715e-10,3.97335497837048e-11,7.11679604137316e-11,9.27116161619779e-11,6.86668499838561e-11,5.16138243256137e-11,6.59952092973981e-11,1.90311766345985e-10,2.67959876509849e-10,4.08363121096045e-10,1.70473413163563e-10,1.4495071809506e-10,3.27986526826862e-10,2.10491180041572e-10,3.0178171073203e-10,1.92244442587253e-10,2.27714735956397e-10,6.80415723763872e-11,2.2936319510336e-10,1.57172053150134e-10,3.41628947353456e-11,6.24538643023698e-10,2.48007836489705e-10
0,0,0,0,0,0,0,0,0,0,0,0,0,0,0,0,0,0,0,0,0,0,0,0,0,0,0,0,0,0
0,0,0,0,0,0,0,0,0,0,0,0,0,0,0,0,0,0,0,0,0,0,0,0,0,0,0,0,0,0
0,0,0,0,0,0,0,0,0,0,0,0,0,0,0,0,0,0,0,0,0,0,0,0,0,0,0,0,0,0
0,0,0,0,0,0,0,0,0,0,0,0,0,0,0,0,0,0,0,0,0,0,0,0,0,0,0,0,0,0
0,0,0,0,0,0,0,0,0,0,0,0,0,0,0,0,0,0,0,0,0,0,0,0,0,0,0,0,0,0
0,0,0,0,0,0,0,0,0,0,0,0,0,0,0,0,0,0,0,0,0,0,0,0,0,0,0,0,0,0
0,0,0,0,0,0,0,0,0,0,0,0,0,0,0,0,0,0,0,0,0,0,0,0,0,0,0,0,0,0
0,0,0,0,0,0,0,0,0,0,0,0,0,0,0,0,0,0,0,0,0,0,0,0,0,0,0,0,0,0
0,0,0,0,0,0,0,0,0,0,0,0,0,0,0,0,0,0,0,0,0,0,0,0,0,0,0,0,0,0
