2382.9473411361,953.489436273007,1260.20471845741,1603.01089236602,862.036054202997,3282.00435016383,329.556453442455,804.806277351017,702.350486384732,1774.43942403247,876.123679517813,503.745639083362,2524.61145337775,353.745220091226,1334.72491251752,729.960746572605,973.474011342008,1346.12992966275,854.099454646276,1644.13876637417,131.512604858535,1006.78366235622,2576.88457601874,1120.09635948089,1275.9666517422,1131.43887600174,394.554419910901,1062.35885641224,958.090014603942,1622.97960167954
1426.06571320409,606.440265915962,981.794709071751,853.727390696414,453.645706293223,1391.40673834628,273.791505851692,277.079380552485,315.05592699403,1774.43942403247,420.079215309197,422.58901190638,1354.28346488172,353.745220091226,1143.28265660871,376.647633440697,347.771901346487,1241.12667109375,285.175785460087,348.970989006577,131.512604858535,1006.78366235622,1108.96979620927,476.811903844025,1275.9666517422,456.221322461272,187.018253623243,676.894113491827,958.090014603942,573.712631898178
763.367167636768,195.24051692659,379.840171387103,471.286386446058,365.577029832902,746.360539393379,192.280107893511,187.456873287966,189.998425746501,1635.37328777298,199.826722553651,422.58901190638,816.842497448681,353.745220091226,854.704482115405,198.809168548329,246.138717177803,823.669688147559,241.840229252027,348.970989006577,131.512604858535,1006.78366235622,325.145728441836,391.290992251154,762.169537116416,239.891832472938,187.018253623243,257.950090328276,740.295442517106,573.712631898178
547.705082452631,185.154568411074,131.090671897702,270.992189052718,218.428298460624,181.751178736652,192.280107893511,88.0562608586354,189.998425746501,1635.37328777298,167.659009579797,287.968740054042,366.009620903391,353.745220091226,433.548020540206,189.097992783058,150.186952815131,534.446404640784,241.840229252027,317.186302830985,9.91385982356854,752.630044954332,202.742118909884,181.777580995801,762.169537116416,198.036984724005,171.445403339543,257.950090328276,173.22621580637,573.712631898178
301.291294459531,83.133484645564,99.7357028670751,111.159520160522,124.993431774638,87.2572165089472,112.36747897747,88.0562608586354,156.085727973423,667.070309161893,86.3783626229122,138.987663239522,140.574075841234,203.89881202814,147.073197617674,150.376201222606,118.450698314457,283.773884266165,109.739397879669,130.111079826788,9.91385982356854,223.64841723838,122.149057092618,118.796834286863,137.101242505802,149.378420913347,151.917894969735,121.13782947641,77.0387314770111,125.821708918748
50.3764116920491,45.3565316255774,73.0762860913013,64.5675683694081,77.0808303326435,54.5081085226949,45.527856494169,76.5919715585482,88.3862822304681,155.985322540638,35.3762892340931,80.4467804197985,79.5348437588697,74.8127053429643,74.7398992397361,78.6165766313603,74.2265885379074,83.7245202387336,81.9958488270835,88.0225722561538,9.91385982356854,89.0055021682394,88.4610249107467,50.8658566517308,90.2597399758727,83.1366281939,78.4122462298867,89.1373797787697,49.3496520623322,84.5113958683698
18.6683734657835,17.0263123210729,12.1016627374456,18.1418652853737,23.2812241334514,16.691747289992,1.72361883131862,64.3002059338613,66.5720776322736,64.1555366677298,13.377900114955,17.4465725185871,16.0071894896497,12.1325963848463,18.7862687981156,36.6224046301042,12.3958418392826,27.1431795599069,8.60992037876196,17.3632483053047,9.91385982356854,75.4942139498146,22.6862260708852,4.22516112177351,34.2954332659236,70.4473478697088,39.5827323855773,76.9174885565237,17.551603168546,12.3120538194112
6.52938460978351,9.41160262313059,0.409021321115461,9.54436978295934,9.46632241365836,9.54942896211162,0.387223093745604,1.67563795601575,0.416132851540908,0.635136360631066,9.43481762549919,0.336008353478235,0.182198388290374,0.376959379560276,4.33310232969598,10.3418943919272,0.206670038855407,6.70176288942667,0.20495653239135,0.4253619700645,5.17674298569466,0.576347225846348,4.18719779033637,0.142633988410864,0.627165122082545,5.788084951011,0.69512964728375,52.4358334988107,9.58498324575953,4.23624788571283
4.23898673850852,8.92910844577051,0.0336733196895125,8.9342910453787,8.92953234571911,8.93296640995482,0.0176099108700782,0.153863740491715,0.0148654433843944,0.0490910085300698,8.92986021406136,0.00173801311854049,0.0482329251861984,0.00289888584990194,4.04762952548265,8.94131291500969,0.021206451061289,4.58571580001933,0.00479648838000912,0.0144671718890663,4.10320937899979,0.00501739547183888,3.99270914264457,0.00298077109243877,0.0653682512417504,4.02790879876051,0.032130141651578,0.153181415980214,8.92378779652671,3.99079655204167
3.98662549585373,8.91615901238805,1.26575281456098e-06,8.91619026105741,8.91616058082565,8.91617211331265,1.04833577552199e-06,1.3105857078699e-05,2.10652189025495e-06,2.51132041739766e-06,8.91612596228669,3.15260081151791e-07,1.4492250670628e-06,1.45153666153419e-06,3.98658356246727,8.91618114236314,1.89974025488482e-06,3.9866167674864,5.62138382065314e-07,2.87321955738662e-06,3.98658477179276,1.51609316390022e-06,3.98657950383091,7.33235424377199e-07,1.14714566734619e-06,3.98658134279214,1.70118158848709e-06,1.10504130361733e-05,8.91614321278922,3.9865799599612
3.98657911259033,8.91610193997599,8.98126018000767e-12,8.91610193946548,8.91610193177092,8.91610194405177,1.49498191603925e-11,4.95106178277638e-11,2.26805241254624e-11,1.01863406598568e-10,8.9161019345002,3.63797880709171e-12,1.10844666778576e-11,1.55182533490006e-11,3.98657911236847,8.91610193988151,2.08046913030557e-11,3.98657911257698,2.1032064978499e-12,2.32489583140705e-11,3.98657911239752,8.07176547823474e-12,3.98657911235512,2.1600499167107e-12,1.21644916362129e-11,3.98657911237211,7.04858393874019e-12,1.18234311230481e-11,8.91610193323447,3.98657911235193
3.98657911234716,8.91610192778131,0,8.91610192778131,8.91610192778131,8.91610192778131,0,0,0,0,8.91610192778131,0,0,0,3.98657911234716,8.91610192778131,0,3.98657911234716,0,0,3.98657911234716,0,3.98657911234716,0,0,3.98657911234716,0,0,8.91610192778131,3.98657911234716
3.98657911234716,8.91610192778131,0,8.91610192778131,8.91610192778131,8.91610192778131,0,0,0,0,8.91610192778131,0,0,0,3.98657911234716,8.91610192778131,0,3.98657911234716,0,0,3.98657911234716,0,3.98657911234716,0,0,3.98657911234716,0,0,8.91610192778131,3.98657911234716
3.98657911234716,8.91610192778131,0,8.91610192778131,8.91610192778131,8.91610192778131,0,0,0,0,8.91610192778131,0,0,0,3.98657911234716,8.91610192778131,0,3.98657911234716,0,0,3.98657911234716,0,3.98657911234716,0,0,3.98657911234716,0,0,8.91610192778131,3.98657911234716
3.98657911234716,8.91610197603035,0,8.91610202134649,8.91610203632439,8.91610202915354,0,0,0,0,8.91610222595932,0,0,0,3.98657911234716,8.91610200452163,0,3.98657911234716,0,0,3.98657911234716,0,3.98657911234716,0,0,3.98657911234716,0,0,8.91610209799887,3.98657911234716
3.98657911234716,8.91610194432451,0,8.91610193062689,8.91610194943678,8.91610201473651,0,0,0,0,8.91610196356299,0,0,0,3.98657911234716,8.91610193844593,0,3.98657911234716,0,0,3.98657911234716,0,3.98657911234716,0,0,3.98657911234716,0,0,8.91610193018249,3.98657911234716
