108.422005923552,111.750516548239,83.7509228496442,79.4543166350172,126.014009366886,119.618838039759,110.20517444135,75.2455751892817,90.4780008255802,61.1618062138687,101.820711186056,115.391236155105,124.988969921681,111.147586922175,105.179843212184,121.370307108566,89.0669491236586,90.7797111461564,119.498111478801,160.463910606959,115.874463855519,126.277881657692,86.6755594829988,84.0460351968277,130.972100590707,94.8749362697172,110.164124350252,89.7887610492512,101.712446381701,88.6587257085689
90.1215651245516,78.9060313889727,83.7509228496442,79.4543166350172,93.0253767820268,71.3858892272024,71.5705351284623,75.2455751892817,83.4165588279398,61.1618062138687,63.7254460844083,71.8676926363337,85.9839897725806,104.011606626339,94.9971155999174,94.743425804365,86.828853609567,76.1219373904537,68.1437047334439,101.972692457976,89.7942874204946,90.5418803631705,65.2052589097384,50.8648425853585,104.262925502884,67.474870348572,61.0209817873392,64.0968202817717,80.4050912012112,64.7712736629505
57.2962784589445,61.9750090909279,70.5092681413935,65.1273194544169,53.3837617524678,65.907317686173,57.6228629115299,48.6737316719473,58.871362000164,60.6736030082202,63.7254460844083,41.2078619049248,65.7359403214814,71.7405478698556,72.952294770047,71.4460546001956,78.6433086423785,55.0688427934424,67.6698399601073,89.7601476963164,76.5798712117098,77.1962577252416,37.639082433391,50.8648425853585,95.1855258167598,57.8926875576403,61.0209817873392,44.1832991984077,78.4987392536254,59.3509149442443
52.5677998775595,55.6905445703555,51.5784694078347,52.6665760956066,53.3837617524678,39.0682081644275,49.7428357296603,29.5110597974638,45.0516634982732,43.700729683258,57.0925956300607,20.0464644699907,64.9877688250472,50.6644469642952,54.3863602764741,62.9439078347759,47.6081217783301,53.444101896549,41.0042106187236,40.6152565985176,47.6745409971045,42.9977744300504,27.4906339323798,31.558022712614,70.2333108710832,32.126272075707,61.0209817873392,18.8959294868289,63.5821248066895,46.0564471690579
7.82953716192742,16.4584235056393,11.6727054011085,16.3601818871143,27.9130125661648,27.5029588409686,12.7822132967513,4.76085247728383,19.2257706281773,23.5183087091532,37.16968923849,1.75225423398774,18.2311730167496,31.2694077010176,28.0852377871643,35.0058357645969,26.4384078008802,26.1337057842443,23.0893791509154,24.9591191046161,13.691952631681,25.0291839471256,22.6057071605549,21.7112142331857,33.8904769252561,22.2520669734515,41.4220068356465,2.83514401044545,25.1431840793291,24.7580035858098
0.00244175954890125,2.12881545530695,3.02568058892462,0.640007688706419,22.9111132774235,21.9005200102313,3.79065220539428,1.61969100005581,0.689307787552025,21.7847401875122,20.3603978201168,0.624099400198702,2.78068362480781,23.8371288030376,21.702312783179,4.75581530966792,23.2219692494853,1.89693534521007,20.5105018684624,20.2955598314504,0.632240974748129,21.0182514190019,21.8606084214196,21.0126379173466,22.1242321862319,21.1302269465643,0.454874568531977,0.994960026675471,20.7925105954189,21.6885142173876
1.29761224343383e-06,1.61918537603583,1.75429954928882,0.624102275119867,2.38246418470408,21.8473118379422,0.626448534088468,1.61905837874451,0.624128998099877,21.3717655854325,0.806213330614355,0.624099324680401,1.95096455176895,21.7878074867142,21.2294094423701,1.00287171019363,22.2892435049562,1.18229090089585,20.5105018684624,20.1292580466854,0.62410267307564,21.0182514190019,21.8400429248213,20.7027731274156,21.7953289223096,21.0612412867445,0.00011655608750516,0.994959059659095,20.7151677498728,21.5278686126665
2.40106601268053e-09,1.61905838882103,1.47124769430297,0.624099323632208,2.10809999619914,21.8473118379422,0.624099859310945,1.61905837789459,0.624099325742463,21.3717655854325,0.805859576899138,0.624099323619703,1.53473920581337,4.02588408925999,21.2294094423701,0.994961129875492,22.2892435049562,0.697228399037158,20.2140898765733,20.117593815623,0.62409932445803,21.0182514190019,21.5677184487074,20.7027731274156,21.7953289223096,21.0612412867445,2.34615527006099e-08,0.994959059659095,20.7151677498728,21.5278686126665
1.20212462206837e-09,1.61905838050643,1.47124769430297,0.624099321957601,2.10808240032793,21.8473118379422,0.624099324692452,1.61905837781023,0.624099324791359,20.6860943660324,0.805859495304276,0.624099323585142,1.53473920581337,1.78991200351493,20.6318254228593,0.994959060162273,22.2892435049562,0.524406303422211,20.1229377373097,20.0956000818071,0.624099322207485,20.9889285737347,21.5677184487074,20.7027731274156,21.7953289223096,21.0612412867445,4.56793713965453e-10,0.994959059659095,20.7055780442756,21.4442415339504
1.20212462206837e-09,1.61905838050643,1.28906361804047,0.624099320861205,2.10808239471248,21.5391493896234,0.624099324692452,18.8155029133463,0.624099321726817,27.7105777277075,0.805859495304276,12.700796732074,1.53473920581337,1.61907899304083,20.6318254228593,0.994959059346456,22.2892435049562,0.446492152293786,20.1229377373097,20.0956000818071,0.624099321653375,20.9889285737347,41.0687247578633,28.0330731056836,21.716145575821,28.3361066333523,4.56793713965453e-10,11.3055640679656,20.7055780442756,40.7145681573793
1.20212462206837e-09,1.61905838050643,1.28906361804047,0.624099320615414,2.10808239448056,21.5391493896234,0.624099324692452,18.8155029133463,0.624099321542872,27.7105777277075,0.805859495268351,12.700796732074,1.53473920581337,1.61905838484631,20.6318254228593,0.994959057594315,22.2892435049562,0.446492152293786,20.0867022736015,0.19652000101155,0.624099321653375,20.9889285737347,41.0687247578633,28.0330731056836,21.716145575821,28.3361066333523,4.56793713965453e-10,11.3055640679656,20.6929387607654,40.7145681573793
1.20212462206837e-09,1.61905838050643,1.28906361804047,0.624099320615414,2.1080823940456,21.5391493896234,0.62409932339915,18.8155029133463,0.624099321542872,27.7105777277075,0.805859495268351,12.700796732074,1.53473920581337,1.61905837872609,20.6318254228593,0.994959057556343,22.2892435049562,0.446492152293786,20.0381161259306,0.18176116754853,0.624099321231824,20.1843975126258,41.0687247578633,28.0330731056836,21.716145575821,28.3361066333523,4.56793713965453e-10,11.3055640679656,20.6929387607654,40.7145681573793
1.20212462206837e-09,1.61905838050643,1.28906361804047,0.624099320615414,2.1080823940456,21.5391493896234,0.62409932339915,18.8155029133463,0.624099321542872,27.7105777277075,0.805859495268351,12.700796732074,1.53473920581337,1.61905837791278,20.6318254228593,0.994959057381038,22.2892435049562,0.246898718079592,20.0381161259306,0.181760174853025,0.624099320841196,20.1710487199957,41.0687247578633,28.0330731056836,18.2823418774472,28.3361066333523,4.56793713965453e-10,11.3055640679656,20.6905605812103,40.7145681573793
0.0140807981179023,10.9314749504761,0.727199200930272,0.624153001932655,1.64569174121266,21.0064043471994,0.666352790374503,18.8155029133463,0.640884970407342,27.7105777277075,0.627248019915669,12.700796732074,0.997896377082725,1.64435584325474,19.9980480151819,1.00341356915487,21.6369973089377,0.998723904965345,20.0008685754342,0.0248288386412696,0.631197953424589,20.0128795623532,41.0687247578633,28.0330731056836,20.9933963880947,28.3361066333523,0.0219996369428372,11.3055640679656,20.6321510332559,40.7145681573793
