165.651810255893,168.671583663683,164.876463308706,158.599733884251,714.498546855579,154.405186294156,156.997267688829,151.835689833465,178.167585183061,160.232500415914,166.814539532767,159.933067827653,158.257562801994,159.617071235672,168.438051721515,162.29579516546,154.51864733611,154.922701899854,154.175585234372,648.067798842604,155.025104470526,160.2108857956,577.364386300952,505.375095035691,164.588218341855,154.46479823159,156.203888690881,569.556756738406,169.583689426463,156.564560277623
100.510900528537,52.7649716184278,48.6991826826343,85.7133296433599,355.917696297925,29.0132052126805,36.6125509691028,27.6897477637012,47.3745129868694,37.1358769689396,66.6785245187934,54.4854342495573,20.8563863787817,47.4353509729926,48.754975262269,73.5353867970348,41.106517195471,41.449171745016,71.5919997168044,341.617546668946,27.2334580049774,41.6347997809944,337.763228246586,345.142015236938,41.3353601996801,34.9748833473495,36.5209595801311,332.886647398859,97.7123115322956,21.377129016606
6.18237355630936,4.30408136437973,5.75232287547942,6.38934937603972,318.252931870119,5.86438554923598,3.97276779248341,4.23216514287878,5.46971421445687,4.05161842919142,4.83896858625303,5.10001118958826,4.54630479282741,4.57987219751385,8.44126623978536,5.86907456941753,4.88816432426574,4.97445476824896,8.19509195189767,311.057194762357,5.23197879850704,7.30014916402706,309.053764915642,308.155928325068,5.33044188095573,6.78672026680579,4.24376565050898,307.488746908377,5.19951088779999,4.17968158239546
0.327465179834235,0.224705023856586,0.213660139650528,0.235519243570252,300.4218019858,0.212910067562916,0.252090674153806,0.0966735793908811,0.146248801665479,0.128340529570323,0.280074167060775,0.202441890399768,0.187567532894263,0.212664872802179,0.260135242854631,0.177358916066623,0.273427282501416,0.154068149315208,0.227100262086424,300.307969225793,0.126460233651414,0.171222782073983,300.275076413508,300.193689461737,0.211112484642854,0.270408327881796,0.188068677719002,300.176615674966,0.28896909867035,0.242840746282582
9.29203888517804e-05,0.000140028429541417,0.000126843652651587,5.48434463780723e-05,300.000202139292,6.86407361172314e-05,5.26014132447017e-05,3.9550306610181e-05,8.58014072946389e-05,6.28316911388538e-05,5.11412085870688e-05,7.74389136495301e-05,0.000130963362607872,8.26938912723563e-05,0.000115619008283829,5.16389295626141e-05,0.000108976274532324,4.80287267237145e-05,4.90135062136687e-05,300.000083705767,2.76784116977069e-05,0.000114949123599217,300.00008112433,300.000079274936,9.77666259132093e-05,4.27360837420565e-05,7.1131770255306e-05,300.000076638287,3.93258019357745e-05,4.63305818811932e-05
5.91171556152403e-12,1.13686837721616e-11,9.09494701772928e-12,6.82121026329696e-12,300.000000000028,5.00222085975111e-12,1.00044417195022e-11,4.09272615797818e-12,5.00222085975111e-12,2.72848410531878e-12,5.91171556152403e-12,6.82121026329696e-12,8.64019966684282e-12,8.18545231595635e-12,1.68256519827992e-11,4.54747350886464e-12,1.54614099301398e-11,1.2732925824821e-11,7.27595761418343e-12,300.000000000009,6.3664629124105e-12,5.45696821063757e-12,300.000000000006,300.000000000006,9.09494701772928e-12,6.3664629124105e-12,7.73070496506989e-12,300.00000000001,7.27595761418343e-12,8.64019966684282e-12
4.54747350886464e-13,4.54747350886464e-13,4.54747350886464e-13,4.54747350886464e-13,300,4.54747350886464e-13,4.54747350886464e-13,4.54747350886464e-13,4.54747350886464e-13,4.54747350886464e-13,4.54747350886464e-13,4.54747350886464e-13,4.54747350886464e-13,4.54747350886464e-13,4.54747350886464e-13,4.54747350886464e-13,4.54747350886464e-13,4.54747350886464e-13,4.54747350886464e-13,300,4.54747350886464e-13,4.54747350886464e-13,300,300,4.54747350886464e-13,4.54747350886464e-13,4.54747350886464e-13,300,4.54747350886464e-13,4.54747350886464e-13
4.54747350886464e-13,4.54747350886464e-13,4.54747350886464e-13,4.54747350886464e-13,300,4.54747350886464e-13,4.54747350886464e-13,4.54747350886464e-13,4.54747350886464e-13,4.54747350886464e-13,4.54747350886464e-13,4.54747350886464e-13,4.54747350886464e-13,4.54747350886464e-13,4.54747350886464e-13,4.54747350886464e-13,4.54747350886464e-13,4.54747350886464e-13,4.54747350886464e-13,300,4.54747350886464e-13,4.54747350886464e-13,300,300,4.54747350886464e-13,4.54747350886464e-13,4.54747350886464e-13,300,4.54747350886464e-13,4.54747350886464e-13
4.54747350886464e-13,4.54747350886464e-13,4.54747350886464e-13,4.54747350886464e-13,300,4.54747350886464e-13,4.54747350886464e-13,4.54747350886464e-13,4.54747350886464e-13,4.54747350886464e-13,4.54747350886464e-13,4.54747350886464e-13,4.54747350886464e-13,4.54747350886464e-13,4.54747350886464e-13,4.54747350886464e-13,4.54747350886464e-13,4.54747350886464e-13,4.54747350886464e-13,300,4.54747350886464e-13,4.54747350886464e-13,300,300,4.54747350886464e-13,4.54747350886464e-13,4.54747350886464e-13,300,4.54747350886464e-13,4.54747350886464e-13
4.54747350886464e-13,4.54747350886464e-13,4.54747350886464e-13,4.54747350886464e-13,300,0,0,0,4.54747350886464e-13,0,4.54747350886464e-13,4.54747350886464e-13,0,0,0,0,4.54747350886464e-13,0,0,300,0,0,300,300,4.54747350886464e-13,0,4.54747350886464e-13,300,4.54747350886464e-13,4.54747350886464e-13
4.54747350886464e-13,0,0,0,300,0,0,0,0,0,0,0,0,0,0,0,0,0,0,300,0,0,300,300,4.54747350886464e-13,0,0,300,4.54747350886464e-13,0
0,0,0,0,300,0,0,0,0,0,0,0,0,0,0,0,0,0,0,300,0,0,300,300,4.54747350886464e-13,0,0,300,0,0
0,0,0,0,300,0,0,0,0,0,0,0,0,0,0,0,0,0,0,300,0,0,300,300,0,0,0,300,0,0
0,0,0,0,300,0,0,0,0,0,0,0,0,0,0,0,0,0,0,300,0,0,300,300,0,0,0,300,0,0
