1319.12709018522,1002.34945869453,1110.88872624267,1290.48852433316,863.011939550081,1215.55804496312,747.026728223103,1452.90652132318,1033.4856477438,2190.68715772495,775.514304863736,506.656723449227,1066.27654497045,1769.25531654472,1432.0879054987,1859.29160966444,902.052448157715,1061.46085523911,851.401834867682,709.185730133353,798.650169027609,726.137750738406,666.750115932927,889.408271629847,913.599604088673,1359.93137357651,1397.5937131811,389.756374879289,1238.7112777961,639.343405406185
829.935725511023,691.732846420742,737.398720123228,1290.48852433316,357.276515377992,774.810031536123,617.123370012888,671.085705891298,514.022771149788,1264.07371172159,775.514304863736,506.656723449227,1004.09697024172,1352.66359312029,857.09074317826,1489.91793073158,468.618519715989,1018.46888481927,480.35750360004,236.986304785215,798.650169027609,726.137750738406,181.543673410282,487.444797370345,913.599604088673,962.752133375021,984.323205118229,389.756374879289,1148.78180009328,639.343405406185
450.129859834157,472.206146003176,270.356703052981,779.65755408283,357.276515377992,525.441648216526,617.123370012888,271.477822300587,514.022771149788,703.478539627315,224.296555070961,506.656723449227,940.974632416488,482.43901568879,578.023445652041,1489.91793073158,363.453233118596,410.934138973953,279.594771166116,189.881618002411,346.644572485213,383.346507539654,181.543673410282,421.926333959802,491.673393448531,265.601125777933,615.755104860834,356.967689060992,386.758088096314,597.401638578678
450.129859834157,281.6848347195,156.527488197967,445.347517536263,357.276515377992,252.058952676677,210.225891230393,131.942499756611,120.153586795805,224.322316910166,193.179220901164,171.889656126941,533.358029950619,83.0962191013967,332.344327741914,1442.9309555033,363.453233118596,334.429856010039,94.0182599124619,189.881618002411,264.82417201847,343.657050132363,134.030504237165,421.926333959802,233.809532615329,190.884500335221,320.915090336392,280.706608314368,175.677965296604,552.473791746448
183.175530878243,105.977832089824,104.595500343238,95.1482088409355,64.3296060629098,64.721587439927,115.87022074083,79.8847402244518,120.153586795805,157.511027043474,102.217878401492,121.449657176584,121.211088366638,83.0962191013967,99.6800568869656,679.103240924793,145.132466606539,187.658792213844,94.0182599124619,91.5265959607576,156.452927106244,79.3430522431325,106.929862370857,163.336482261837,100.279586266861,155.733297520476,79.1556829224946,148.817541340546,157.780173332244,157.002495894182
95.5865847963951,55.9485449743259,73.1050727471836,67.4383445146094,62.4493175279904,64.721587439927,75.1877208508028,43.5969769349946,75.5427767146398,98.8742348589608,53.7361795205712,76.989467030032,90.3227818147474,45.8332327736985,65.4672187346288,108.68534428548,60.5218918839275,58.7896557296313,56.8037408149872,85.4715672456365,67.5566104479666,43.7792903325213,61.5260598330819,94.0252839467478,86.2288339135575,89.0952598471805,42.8914429189562,91.4078794259028,86.5013239022954,82.8399090649542
37.8147127917438,6.85275083667329,15.571612400284,2.45879411705397,21.077627645047,16.7569058479244,16.1314159798448,15.2146197394657,10.0938208334312,71.00244171425,6.32163256712431,61.3241394788992,43.7963073275508,13.8139515999134,10.0349843162523,30.9684775672521,16.4816340902354,18.1955490870571,13.5414910740078,21.0137223986496,46.0435407193805,14.3955501709637,29.2922012060152,29.6586589420752,20.5609589551039,9.7206355081214,6.32014035410759,18.4650119161388,18.8596879102853,22.7795805528622
1.4644352375505,0.510618756646693,9.48619481323516,0.15549943820406,9.95794354826853,0.587804019377302,9.28783374878265,9.43020335817067,4.36484132578624,0.867703962903306,0.178817386880155,5.51889218159499,0.697413992159341,0.549843712706945,0.330717100680658,0.860056625531797,0.236535623474936,0.537164229778739,9.2322603788345,0.296430780983314,2.69499953405381,9.37615957628424,7.37712243598293,6.97006607534826,0.58797803217368,5.19038639569561,0.141518951853698,0.35823545388655,0.468446792882787,1.08834004552426
0.306405063247212,0.0128522377721083,8.9283019177426,0.00399699966459366,8.93852310785906,0.0525202359221453,8.92329389298294,8.92847503298435,3.9983640592904,0.0228134032345793,0.00544699935056769,4.02130182976879,0.0437203810085975,0.0307837212562276,0.0226555315308588,0.0813837782141036,0.0146679633463123,0.0476224897094539,8.92904675515945,0.00899512372535582,0.1211801581847,8.9284872768585,4.48191699439235,4.23117024745198,0.0622422182867695,4.08822729579936,0.00395647965217449,0.0330457216820719,0.017850936309344,0.249179102736662
1.15219336294103e-05,1.40070090992594e-06,8.9161659666085,7.29741145732987e-07,8.91621957754393,2.78738770020936e-06,8.91612558988601,8.91615808475831,3.98658020331567,3.751970268695e-06,1.08830857925568e-06,3.98658278312939,1.48454790860342e-06,1.15820029122915e-06,1.55370003085409e-06,6.01475920802841e-06,8.74326588018448e-07,2.99576436191273e-06,8.91614565447935,1.30150937138751e-06,1.3279356323892e-05,8.91613701444106,3.98662539337613,3.98658446454158,7.77546443941901e-06,3.98658124194765,9.11656286461948e-07,1.32830052734789e-06,2.32554089052428e-06,6.18091530668607e-06
5.91171556152403e-11,1.19939613796305e-11,8.91610193373987,4.60431692772545e-12,8.91610195178725,1.97815097635612e-11,8.91610193142503,8.91610193806252,3.98657911236126,2.67732502834406e-11,4.20641299569979e-12,3.98657911237456,4.57021087640896e-11,2.1032064978499e-11,6.13908923696727e-12,4.56452653452288e-11,1.64277480507735e-11,4.63273863715585e-11,8.91610193797271,3.12638803734444e-12,3.92788024328183e-11,8.91610193174762,3.98657911247278,3.98657911239366,1.45519152283669e-11,3.9865791123554,1.125499693444e-11,2.44426701101474e-11,3.86535248253495e-12,7.06563696439844e-11
0,0,8.91610192778131,0,8.91610192778131,0,8.91610192778131,8.91610192778131,3.98657911234716,0,0,3.98657911234716,0,0,0,0,0,0,8.91610192778131,0,0,8.91610192778131,3.98657911234716,3.98657911234716,0,3.98657911234716,0,0,0,0
0,0,8.91610192778131,0,8.91610192778131,0,8.91610192778131,8.91610192778131,3.98657911234716,0,0,3.98657911234716,0,0,0,0,0,0,8.91610192778131,0,0,8.91610192778131,3.98657911234716,3.98657911234716,0,3.98657911234716,0,0,0,0
0,0,8.91610192778131,0,8.91610192778131,0,8.91610192778131,8.91610192778131,3.98657911234716,0,0,3.98657911234716,0,0,0,0,0,0,8.91610192778131,0,0,8.91610192778131,3.98657911234716,3.98657911234716,0,3.98657911234716,0,0,0,0
0,0,8.91610206831035,0,8.91610217412529,0,8.9161021241909,8.91610196232466,3.98657911234716,0,0,3.98657911234716,0,0,0,0,0,0,8.91610253998056,0,0,8.91610196562061,3.98657911234716,3.98657911234716,0,3.98657911234716,0,0,0,0
0,0,8.91610195076902,0,8.9161019355812,0,8.91610193313795,8.91610194602976,3.98657911234716,0,0,3.98657911234716,0,0,0,0,0,0,8.91610195955013,0,0,8.9161019495449,3.98657911234716,3.98657911234716,0,3.98657911234716,0,0,0,0
