1292.10071899913,1640.28375271972,530.495917673454,1288.34073796755,2181.19208871205,788.341537617797,2601.80284163579,2175.63613264742,982.031265293723,1278.28327115937,934.165198137996,913.467548233013,1980.09038967499,1724.77877312517,2251.97118908414,1251.75326694906,2470.7529337693,376.973915121073,1855.8298123306,1599.12110110486,1534.44730212688,1843.61203375901,993.834931723515,725.514977951359,1022.47091698001,1074.83796608122,1411.56623816686,1555.83529793406,964.035767766671,943.337569702994
721.519287411805,339.494557046806,296.540816174925,1288.34073796755,1972.50263448525,788.341537617797,2601.80284163579,1440.39694294655,982.031265293723,1278.28327115937,934.165198137996,452.115086945093,958.464006469253,1276.70695490363,1182.69852585687,553.234052846068,1303.11785769654,376.973915121073,1335.50603320892,884.733371281648,1070.85744829365,1101.46418378549,501.998006321711,548.034667400231,1022.47091698001,583.089923039194,1210.3936006931,1499.11761315765,964.035767766671,943.337569702994
721.519287411805,339.494557046806,296.540816174925,211.145127744068,1048.69223222283,616.702611899035,1287.23362806836,651.396316346385,825.092091726628,934.809093020016,327.808157927936,315.031730664758,777.714273703412,451.268571428656,1182.69852585687,316.070222087886,627.609529108813,332.677778842197,964.93993046869,593.146686246788,442.408117149984,800.014887268008,365.022037120208,417.397701018881,300.770554566452,201.739865382462,541.851283196853,460.026281680926,964.035767766671,489.245460934778
161.837771538549,135.51600798535,143.318515005019,129.90484844155,565.594429307203,367.8473470233,515.346550379765,467.550864197087,825.092091726628,653.710026887434,249.661881141287,178.851098329214,239.579122117321,377.935087633506,407.396026570096,247.802970446863,219.757488792847,288.740788976003,851.224511351873,252.704003789513,247.738871925019,221.596324623895,311.343294585137,143.009222353193,163.264191446968,181.471762191689,292.564130204934,253.744771083537,502.791131464748,92.289425800844
63.4169303498545,108.526491632433,63.2237366907357,109.272412221668,146.283789221088,93.9331158560992,269.165132326363,179.804287694267,132.06339499437,252.112620448703,111.583635038812,178.851098329214,66.4055764441197,262.319917679868,327.279875882088,141.168751636783,90.3022094746432,100.108887692811,278.393073054401,64.4874341197039,107.422992733755,152.989172407238,64.4289799669693,48.3567567871015,117.029900554708,131.666803920318,246.460975849945,141.87923771339,147.841803398165,92.289425800844
17.1331001286522,25.5990925896996,25.8979473513511,85.8568470098473,78.0691104247956,39.7166847915257,50.2701279271149,78.0160513867525,48.3960724273441,38.5359743055726,28.2038739388595,92.6804504141444,52.3270147778567,56.4884315900219,26.7400113438378,25.4238231407697,49.9166421088246,36.9493692681183,94.5270245092611,23.7572696534444,29.3456233933262,24.3818414435805,18.3949803790018,15.825075436037,29.7179626365445,21.0450669154559,29.4633283983466,58.303267459341,17.9321835594387,37.1866532671991
3.57140316060486,6.07546184642194,2.19999676120767,3.14646525507021,9.90553524447034,2.95459312485059,5.81309779853086,2.17115809527661,9.6036331441893,6.33205384090741,6.3012381076212,4.22133925327387,7.84090174032383,6.30520644123897,16.3591770064348,7.30082800116952,7.52593986099862,1.93623596246562,7.96504478833344,4.85517036375211,1.73432013209845,3.06012728757116,2.9037035075047,1.34246232051453,13.0613683585973,3.36539531055712,5.05371205651647,3.84850724110152,11.7764368268942,9.6534091669588
0.556346234954503,0.259546521159791,0.198132397140625,1.03387762118825,0.850515411711172,0.689596769851164,0.738801470808767,0.669920880023255,0.735465691019954,0.839116149173719,1.03005611383912,0.867716003765509,0.270786405383546,0.980928516832705,0.995366574377613,0.900724082971351,0.470037924118515,0.232712934414394,1.16597361562265,0.215453470074067,0.593563460810401,0.371372249258798,0.500575153068553,0.561051553433003,0.935691217628801,0.231277118222465,0.837149762299191,1.18599552930175,0.587102014476159,1.69127044380218
0.00937042880718764,0.00293037865230872,0.00875646138138109,0.0107274505930945,0.0232941426955904,0.0229534705259766,0.00654079960213494,0.0358078777579749,0.0310718756509232,0.0203253234456042,0.0139859765355368,0.0134866308317214,0.0236546420577497,0.00496534781814262,0.0140050050812306,0.0322494490690133,0.0139028495418643,0.00324998640383001,0.032596026505189,0.00894136481269925,0.00653497589257768,0.0105594615275777,0.00349767965508363,0.00950518773606746,0.0118291290862089,0.00206868520422177,0.0311841508090538,0.0171725102296705,0.00937880455524009,0.0261981232655444
2.93836876608111e-06,4.20272283463419e-06,1.60441936714051e-06,3.66280846719746e-06,6.62349555113906e-06,4.64924448806414e-06,3.59848854714073e-06,1.3261240724205e-05,1.19577465511611e-05,7.28614247691439e-06,2.02022238227073e-06,7.54100562971871e-06,1.01523487501254e-05,1.62803542025358e-06,4.8069603053591e-06,1.24582182934319e-05,4.30868703915621e-06,1.04722164451232e-06,2.46108356805053e-06,1.96762755422242e-06,3.73975626644096e-06,4.55682788924605e-06,4.69878364128817e-06,6.85661655097647e-06,2.76478851901629e-06,6.5215556332987e-07,1.30060574292656e-05,3.22601022162416e-06,4.08201947266207e-06,8.81057360402338e-06
5.63886715099216e-11,3.5242919693701e-11,3.41060513164848e-11,4.71800376544707e-11,3.64934749086387e-11,5.10453901370056e-11,3.21733750752173e-11,4.69526639790274e-11,8.77662387210876e-11,3.99040800402872e-11,1.63709046319127e-11,4.29736246587709e-11,1.27215571410488e-10,1.46656020660885e-11,4.68389771413058e-11,1.3926637620898e-10,2.29647412197664e-11,1.58024704433046e-11,1.09139364212751e-11,6.87805368215777e-11,3.8198777474463e-11,4.6497916628141e-11,2.77395884040743e-11,9.85664883046411e-11,2.78532752417959e-11,1.72803993336856e-11,5.99129634792916e-11,3.27418092638254e-11,5.45696821063757e-12,4.08135747420602e-11
0,0,0,0,0,0,0,0,0,0,0,0,0,0,0,0,0,0,0,0,0,0,0,0,0,0,0,0,0,0
0,0,0,0,0,0,0,0,0,0,0,0,0,0,0,0,0,0,0,0,0,0,0,0,0,0,0,0,0,0
0,0,0,0,0,0,0,0,0,0,0,0,0,0,0,0,0,0,0,0,0,0,0,0,0,0,0,0,0,0
0,0,0,0,0,0,0,0,0,0,0,0,0,0,0,0,0,0,0,0,0,0,0,0,0,0,0,0,0,0
0,0,0,0,0,0,0,0,0,0,0,0,0,0,0,0,0,0,0,0,0,0,0,0,0,0,0,0,0,0
