295261592.689352,202621727.790811,753831568.306244,571537519.065197,275547616.149004,1417147025.7223,503275730.542394,834790857.854408,749082124.384165,700502542.011059,449954787.388144,1303831154.49613,1399253083.16557,75523093.6643422,893633760.17007,610700095.378042,197726266.966944,818431945.190853,370385442.448142,1664336891.05937,232156434.181868,557489880.235322,428297185.482458,22745440.2343512,153422482.090928,412992684.046039,1277851154.17116,223372159.790245,446733343.593341,826125588.787186
38004710.5381711,202621727.790811,5220887.23239916,571537519.065197,47259727.1667581,481809132.586329,144662975.883752,834790857.854408,610453308.070621,131524722.984498,449954787.388144,308953847.39214,1042906505.57967,75523093.6643422,893633760.17007,610700095.378042,197726266.966944,94241398.6232695,88238998.1115433,223234746.818253,232156434.181868,244596201.891604,415847614.477607,22745440.2343512,153422482.090928,412992684.046039,1250463890.27506,223372159.790245,446733343.593341,826125588.787186
38004710.5381711,202621727.790811,5220887.23239916,349169395.530564,47259727.1667581,481809132.586329,132019687.516356,461427379.198425,231321924.948723,131524722.984498,232834907.96103,293367243.716898,1042906505.57967,75523093.6643422,54118518.8873515,103304461.603484,143759004.358244,94241398.6232695,88238998.1115433,223234746.818253,232156434.181868,138979898.249097,80102770.3483078,22745440.2343512,128977295.677755,56702264.8808617,111479282.590307,86391967.0425963,166470670.890428,39003513.3568686
30040256.2244036,202621727.790811,5220887.23239916,45542313.6183871,44817633.2125236,376314011.896737,41346694.0540751,151397154.869807,231321924.948723,25459976.6240618,23161397.7443028,49382331.8576308,119628321.371671,75523093.6643422,54118518.8873515,103304461.603484,66962987.6979875,70766270.9865713,88238998.1115433,44148000.622164,232156434.181868,85806398.2518275,47822373.5495971,22745440.2343512,61455616.3258229,56702264.8808617,18733513.1608047,86391967.0425963,145511364.256179,39003513.3568686
30040256.2244036,42613438.3020727,5220887.23239916,23337209.0624525,19088543.6945268,41846271.3156123,14469113.9078705,67657830.9398652,13026830.7471711,25459976.6240618,23161397.7443028,22141998.5917193,20692969.7900091,75523093.6643422,35000616.5380771,17896803.4521594,30730961.9973935,70766270.9865713,88238998.1115433,38924900.519037,76716638.6215019,62446548.0751582,39403483.683939,13917223.4144291,27870829.0287093,56702264.8808617,4804619.65686446,69008203.5451918,14817883.1259039,39003513.3568686
9217805.92096786,28801299.1842202,5220887.23239916,23337209.0624525,19088543.6945268,7175864.4651165,4167965.01042142,9487486.78134603,13026830.7471711,7301732.58477331,19885859.4741115,7888862.07643194,9667262.78680793,75523093.6643422,35000616.5380771,17896803.4521594,7355754.13596317,9716657.71005055,8528664.51174331,20387445.9161979,41346851.2491182,5471108.43917558,11492082.1565876,4667742.66180121,1027094.62701998,2720314.8930909,4804619.65686446,18261278.7455368,8936755.84646846,6494776.85461721
1413914.26074304,653403.832195328,692449.260227795,3141581.41121674,1542369.59394217,517054.498910795,201229.772915794,1401761.35146708,2149028.42589346,635771.119002357,208193.638309052,542245.11008162,508777.292154673,7683378.43338696,303990.370445892,2497004.87908638,569578.31234166,899092.435833831,2965669.99444141,265118.911060037,34857.0727843824,1080325.55752244,90752.3158171877,376716.093259075,369648.313374769,593946.854648153,173061.156907087,231531.677024359,2448045.24539316,513438.108228866
22246.0305242703,280626.633797414,30404.5422920685,134570.760954483,26550.0461044537,244814.523682332,10181.2870172525,143393.809438383,136911.281347108,6078.42794086964,56193.6023370338,47047.8180745545,170952.236161334,478188.269688669,50020.5077607809,27235.2264846734,13372.5064630464,46945.707081995,37822.0009401843,16822.5304526979,34857.0727843824,33447.347215517,15907.4068516679,7088.53908129603,47646.0263504841,3633.14296345628,20513.9597995263,14698.9469800193,103000.733632786,88024.2314312563
153.694819525889,2834.39278352043,314.881513030356,2963.61057203809,211.511397621399,2174.32911683588,1160.55515013931,835.712346104248,3179.25937269285,338.454479001631,82.792736321333,242.630859581614,713.477622286019,3702.23808322448,774.341617583032,121.825976665575,157.800811549001,339.76038464411,516.240436867524,195.330772579581,876.950972540774,1373.86894054992,243.541833579572,159.38616084066,309.361178158322,495.553571499125,299.306776039599,396.808114005743,507.694716146279,565.560320799768
27.5142958101294,119.914701543054,6.83053662841121,97.8325782011625,21.6596619863785,87.3237159439855,39.8528750412813,75.74998103089,153.108494191147,29.9982374665142,20.2721300412375,19.331988500219,26.7668287783069,187.747313224735,26.5017879815446,14.2385901754308,11.8065849192601,24.7757135793777,129.838151080957,3.41502228319723,79.1862352172045,34.6963687609873,53.5780937258821,27.2064016887857,27.4029793963603,12.3362633925867,36.3841902155027,22.0579429994623,67.6763539217122,64.4745619324472
2.27901663389275,34.5689573918771,4.09322166803554,69.310849569827,2.14508711665644,23.3953214473208,5.2069617206123,2.35070482437482,21.8917387433244,10.1669156092964,8.22346797354953,2.12311243222007,5.23442915475857,53.977029005039,10.0464961747025,2.1721585770938,5.08164044285763,19.9902282657592,9.52460698991626,2.32237656034272,9.09201936928707,1.24090236326992,26.0969265641388,5.35616891982068,1.78201894062954,1.15411994672309,9.10259284984932,2.42762205813915,10.0940639051182,5.11418487081119
2.21982677991218,31.817124060449,4.06215198102745,67.7175469416156,2.09643825051512,22.4948276381795,5.08734304133372,2.08996413605178,21.5679555594954,10.1035184373541,8.15969999463505,2.02364772641204,5.11656434817837,30.5911055252591,10.0124736971409,2.09589684663842,5.01616864126845,19.9756067942849,2.48997350635136,2.28695213888136,9.04766103321617,1.12865807163826,25.9286789768089,5.25389294253409,1.22366651541461,1.05017671498331,9.04774642743087,2.34902067456369,9.99293397945235,5.00399988246613
2.21770474928599,31.8170923620446,4.06161061268176,67.7175027691458,2.09526333161512,22.4947934801889,5.08429740510928,2.08842365349483,21.5679268985618,10.1011103715832,8.15777225495208,2.02129341200111,5.11448909826026,30.5905670461893,10.0105665793517,2.09509733647496,5.01552218252232,19.9749570183608,2.489918114396,2.28635726598304,9.04341926939992,1.1228616329056,25.9241003959662,5.25160198658932,1.21694339372971,1.04875871376657,9.04508806102126,2.34542202325269,9.99134924808823,5.00185053671498
2.21769099278345,31.8170923619618,4.06160752631149,67.7175027690989,2.09525848048474,22.4947934800794,5.08426397063636,2.08841417910958,21.5679268985245,10.1010999972555,8.15776041646359,2.02127790853547,5.1144762151157,30.5905670447764,10.0105523177485,2.09508892910867,5.01551822042234,19.9749535200631,2.48991811418659,2.28635619732881,9.04340104493144,1.12284393223172,25.924066113841,5.25159572620373,1.21691057343355,1.04875211303693,9.04507034666199,2.34541111876479,9.99131812430119,5.00183410592604
2.21769089517943,31.8170923619618,4.06160750598701,67.7175027690989,2.09525843304027,22.4947934800794,5.08426389978854,2.08841415436973,21.5679268985245,10.1010998089973,8.1577603781177,2.02127790146778,5.11447613525456,30.5905670447764,10.0105522774631,2.09508883909757,5.01551821427847,19.9749535075687,2.48991811418659,2.28635589135911,9.04340101030652,1.12284387032628,25.9240661035215,5.25159557457528,1.21691027310681,1.04875208479052,9.04507032059632,2.34541104929372,9.99131811421898,5.00183410579143
2.20036224492992,31.8358899893822,4.03260883930534,67.7893835114999,2.06098754309915,22.4973236169237,5.11348286924954,1.09749245185003,10.034796099975,10.0651674239539,8.21774474709673,2.03810717433885,5.10402162738546,30.6261272057948,10.1271836438975,2.01284288044894,5.01036350762161,19.9614213142763,2.50477006978622,2.22602976079543,9.05997249500638,1.09568817412764,25.9684749851604,5.25429996033995,1.21130396020772,1.06024589544222,9.07399123810524,2.28819711106848,9.9999638666236,4.99425986163214
