1981.03580408143,6359.41958730499,7802.51264584285,5134.56852824732,10147.2029077908,6297.33933145214,10378.1028773103,10575.5004853972,5241.35254215579,12836.2744122568,14203.308054354,17591.7401764389,11688.9356635815,7745.60999340207,14860.1865058569,7146.55836676126,12445.2127877999,5110.52445555062,16593.3225088612,1726.24651616644,11058.4797759081,10452.1481608906,7541.95478234603,12492.3271747169,5335.04893061631,18441.3842669744,4434.90695605396,2992.56608624358,14360.0254282012,18301.369673581
27.0609352279224,2506.87721829197,12.5403954840219,5134.56852824732,5212.06206101404,2919.39872062692,1332.00077621065,1354.93546377419,3687.23712457668,1413.77710926631,906.927939054168,10801.0086717352,5494.4380020197,2424.42320045562,1957.96586477752,1096.88590739489,1953.18008278978,4550.90906726388,6328.03209721293,17.1816012375565,3850.27372663678,4710.75987658334,51.3747189368337,576.260947416507,1954.9171935494,4400.04750211695,1067.76481915502,37.9248559939642,1266.59398051298,14455.0649824537
0.279695723603254,292.712584639106,0.851260997539327,304.975013234103,267.360596844324,46.2286485283273,51.8482181763719,144.207063509143,112.024851191716,138.55465768876,93.5862373691016,402.812057095455,612.544301275876,346.796084011486,228.379970824544,100.415621873914,73.3840529485574,215.968791103351,191.835150784662,1.50550120360202,188.490037705044,475.138526023452,0.753431918107481,67.3826513358238,59.8577779351006,169.750034761338,58.376477197305,0.70899258191838,216.521587400349,575.994598801684
0.000770765539868989,2.84885952686216,0.000648680050176154,2.91699187979498,4.79303810543769,8.65192310927495,0.98165750309505,3.30604957820827,2.22573301841135,5.47532257351139,2.69035759896781,3.88491610808489,6.94340912059999,5.30115405124076,3.75086319058033,4.33189326009233,1.78661110869047,3.3419524437241,2.7048297739758,0.00113489131570077,3.38320986606294,2.90479951387795,0.00069354363444063,2.45074013556632,4.5720309664859,7.74345273921426,2.49222594766587,0.0011271488415332,3.25750102847206,17.6448661780791
6.64499566482846e-11,0.000384762804571892,2.34706476476276e-10,0.00107958241767392,0.000380772756216174,0.00356912674868681,0.00123679526353726,0.000493421512260284,0.000913602285152137,0.00114259137723138,0.000826814406593712,0.0039886427489364,0.00170628808973561,0.0028178182207057,0.000367692488850935,0.000731768575519709,0.0011992216325325,0.00142291442870146,0.00112713609252069,5.90489435126074e-10,0.00331391824875027,0.00119772545565411,8.13429323898163e-11,0.000355363168068834,0.00148648214701552,0.00137621666124232,0.00059179981832358,1.9628032532637e-10,0.000290036651733772,0.00388741050250019
0,5.30917532159947e-11,0,2.19301909964997e-10,7.34985405870248e-11,3.51576545654098e-10,4.26894075644668e-11,9.87370185612235e-11,7.05426828062627e-11,1.31763044919353e-10,3.40548922395101e-10,2.25384155783104e-10,7.04289959685411e-11,4.93457719130674e-10,6.14477357885335e-11,9.97033566818573e-11,2.70802047452889e-10,1.60923718794947e-10,4.79303707834333e-10,0,1.27840849017957e-10,1.18518528324785e-10,0,9.66338120633736e-11,7.11111169948708e-11,1.58877355715958e-10,1.04421360447304e-10,0,8.78230821399484e-11,2.53407961281482e-10
0,0,0,0,0,0,0,0,0,0,0,0,0,0,0,0,0,0,0,0,0,0,0,0,0,0,0,0,0,0
0,0,0,0,0,0,0,0,0,0,0,0,0,0,0,0,0,0,0,0,0,0,0,0,0,0,0,0,0,0
0,0,0,0,0,0,0,0,0,0,0,0,0,0,0,0,0,0,0,0,0,0,0,0,0,0,0,0,0,0
0,0,0,0,0,0,0,0,0,0,0,0,0,0,0,0,0,0,0,0,0,0,0,0,0,0,0,0,0,0
0,0,0,0,0,0,0,0,0,0,0,0,0,0,0,0,0,0,0,0,0,0,0,0,0,0,0,0,0,0
0,0,0,0,0,0,0,0,0,0,0,0,0,0,0,0,0,0,0,0,0,0,0,0,0,0,0,0,0,0
0,0,0,0,0,0,0,0,0,0,0,0,0,0,0,0,0,0,0,0,0,0,0,0,0,0,0,0,0,0
0,0,0,0,0,0,0,0,0,0,0,0,0,0,0,0,0,0,0,0,0,0,0,0,0,0,0,0,0,0
