215.698019107637,239.756890355941,211.296306049278,196.901790863863,216.579551171845,204.807266019944,208.564479391416,258.885272318111,262.2410881528,271.129135625361,321.957834494206,283.644147841676,240.702964820041,207.76233876575,226.713638343411,233.798937274997,248.069726142395,304.774224633045,264.338013923109,267.180010227938,265.513279142988,205.873596061076,272.287387794591,210.331382841289,239.59601980205,214.301748440441,214.650509665907,254.909822268526,228.691500707795,252.766647111384
189.489695482546,188.394924843005,175.247999013547,184.250123518344,181.179368793675,181.968878745544,179.977215602166,185.523568409372,190.215552860394,181.65275752544,194.013980051465,237.810362345536,193.299999561993,193.442071889117,181.790683606862,191.85456234601,208.273641185373,208.545450121372,192.97151232485,215.953082194185,213.738555602547,185.508615086713,193.969556309736,176.966770993547,189.231714496241,183.469293793264,183.196487301227,187.402364625249,182.748394247351,233.020758193642
173.740880261326,178.331153570358,172.399223377909,171.81915929972,171.951144692684,174.391733360596,171.076964959896,173.569263962137,174.835024398768,171.939057212082,173.096728918322,189.139480817347,175.092202985468,173.510354854283,174.204082606834,174.457756309804,185.409848642739,174.285211089106,177.851002159807,175.636839705866,176.260394542756,171.443559680995,173.643957440815,172.265577215208,176.652539416317,174.307824882298,173.319639283351,176.282538934656,170.347779283658,175.327230780322
165.499865318366,165.822414185614,165.812212129554,165.192061867716,165.434632100687,166.048707445839,165.734941468375,165.484817224705,169.18651840807,165.333341382005,166.453520227454,177.883015675463,167.60000284562,165.354863459014,165.739747911464,166.522703888139,171.4952119042,166.8564566289,167.55634870944,165.559320846792,165.485668220746,166.377862151856,165.794812264992,165.445489513387,166.217102017475,165.625927724351,165.436735092514,165.969708081841,165.868580239077,166.442891272054
164.932374999821,164.922961962546,165.215862206126,164.922191983924,164.932045445734,165.214541968399,165.214762202798,164.93168000263,165.217368577367,164.93144685967,164.923427836474,176.285157570931,164.932629585333,164.931609397074,164.922521163245,164.922465752859,168.224866968101,165.216592103898,164.923023245047,164.932245967122,164.931799816587,164.931465432215,164.922899543152,164.931418843153,164.931906404142,164.931751043618,164.922328838219,164.932357724227,165.21523131363,165.216950393952
164.931007904338,164.921941568908,165.212605710326,164.921941568404,164.931007904175,165.212605701568,165.212605673377,164.931007903931,165.212605845168,164.931007903343,164.921941569678,176.284399645885,164.931007907376,164.931007904515,164.921941569044,164.921941568826,168.220621641159,165.212605717429,164.92194157007,164.931007904742,164.931007904411,164.931007903333,164.921941569116,164.931007904045,164.931007903804,164.931007903948,164.921941568862,164.931007905745,165.212605692322,165.21260575748
164.931007902907,164.921941568,165.212605597667,164.921941568,164.931007902907,165.212605597664,165.212605597665,164.931007902907,165.212605597679,164.931007902907,164.921941568,176.284399645121,164.931007902907,164.931007902907,164.921941568,164.921941568,168.220621506409,165.212605597668,164.921941568,164.931007902907,164.931007902907,164.931007902907,164.921941568,164.931007902907,164.931007902907,164.931007902907,164.921941568,164.931007902907,165.212605597666,165.212605597668
164.931007902907,164.921941568,165.212605597661,164.921941568,164.931007902907,165.212605597661,165.212605597661,164.931007902907,165.212605597661,164.931007902907,164.921941568,176.284399645121,164.931007902907,164.931007902907,164.921941568,164.921941568,168.220621506402,165.212605597661,164.921941568,164.931007902907,164.931007902907,164.931007902907,164.921941568,164.931007902907,164.931007902907,164.931007902907,164.921941568,164.931007902907,165.212605597661,165.212605597661
164.931007902907,164.921941568,165.212605597661,164.921941568,164.931007902907,165.212605597661,165.212605597661,164.931007902907,165.212605597661,164.931007902907,164.921941568,176.284399645121,164.931007902907,164.931007902907,164.921941568,164.921941568,168.220621506402,165.212605597661,164.921941568,164.931007902907,164.931007902907,164.931007902907,164.921941568,164.931007902907,164.931007902907,164.931007902907,164.921941568,164.931007902907,165.212605597661,165.212605597661
164.931007902907,164.921941568,165.212605597661,164.921941568,164.931007902907,165.212605597661,165.212605597661,164.931007902907,165.212605597661,164.931007902907,164.921941568,176.284399645121,164.931007902907,164.931007902907,164.921941568,164.921941568,168.220621506402,165.212605597661,164.921941568,164.931007902907,164.931007902907,164.931007902907,164.921941568,164.931007902907,164.931007902907,164.931007902907,164.921941568,164.931007902907,165.212605597661,165.212605597661
164.931007902907,164.921941568,165.212605597661,164.921941568,164.931007902907,165.212605597661,165.212605597661,164.931007902907,165.212605597661,164.931007902907,164.921941568,176.284399645121,164.931007902907,164.931007902907,164.921941568,164.921941568,168.220621506402,165.212605597661,164.921941568,164.931007902907,164.931007902907,164.931007902907,164.921941568,164.931007902907,164.931007902907,164.931007902907,164.921941568,164.931007902907,165.212605597661,165.212605597661
164.931007902907,164.921941568,165.212605597661,164.921941568,164.931007902907,165.212605597661,165.212605597661,164.931007902907,165.212605597661,164.931007902907,164.921941568,176.284399645121,164.931007902907,164.931007902907,164.921941568,164.921941568,168.220621506402,165.212605597661,164.921941568,164.931007902907,164.931007902907,164.931007902907,164.921941568,164.931007902907,164.931007902907,164.931007902907,164.921941568,164.931007902907,165.212605597661,165.212605597661
164.931007902907,164.921941568,165.212605597661,164.921941568,164.931007902907,165.212605597661,165.212605597661,164.931007902907,165.212605597661,164.931007902907,164.921941568,176.284399645121,164.931007902907,164.931007902907,164.921941568,164.921941568,168.220621506402,165.212605597661,164.921941568,164.931007902907,164.931007902907,164.931007902907,164.921941568,164.931007902907,164.931007902907,164.931007902907,164.921941568,164.931007902907,165.212605597661,165.212605597661
164.931007902907,164.921941568,165.212605597661,164.921941568,164.931007902907,165.212605597661,165.212605597661,164.931007902907,165.212605597661,164.931007902907,164.921941568,176.284399645121,164.931007902907,164.931007902907,164.921941568,164.921941568,168.220621506402,165.212605597661,164.921941568,164.931007902907,164.931007902907,164.931007902907,164.921941568,164.931007902907,164.931007902907,164.931007902907,164.921941568,164.931007902907,165.212605597661,165.212605597661
