38048.5870395164,47917.4831516962,39243.4603981171,14280.1840484229,18738.2257237143,34391.9431152032,25247.7582060261,36682.7667707776,21364.9480114465,5549.75782311373,49459.1502168904,33536.5848215578,20851.4310275599,24157.4705227684,11597.3052352412,19036.7676327787,25636.2641912236,16173.4989279243,17929.3870289371,31930.5690250004,17775.3562033914,66897.974922199,15175.2680136204,19852.9583314061,10729.462202946,21699.4177510625,34971.0538099877,115575.835597474,27262.5594433317,28328.803050966
15179.2189009628,31006.8980008329,31655.2719960083,14280.1840484229,18738.2257237143,34391.9431152032,13359.4795823623,18627.2799395083,18715.6288554071,5549.75782311373,27094.2154269311,14092.5892063223,20851.4310275599,10758.0872159854,11597.3052352412,19036.7676327787,8231.39734310505,14001.5791352581,15737.9966404412,31930.5690250004,16627.015236453,27396.6255490186,10923.1388104228,19852.9583314061,10729.462202946,21699.4177510625,34971.0538099877,31796.8561640777,13070.7655180111,28328.803050966
15179.2189009628,25255.334066003,31655.2719960083,14280.1840484229,10534.8385377075,12614.2628669107,13359.4795823623,16818.6983308501,12976.8933183898,5549.75782311373,24496.2262157983,14092.5892063223,5356.03949903999,10758.0872159854,11597.3052352412,11042.6936496976,8231.39734310505,8196.19068537928,8126.77477636808,30810.461865703,16627.015236453,27396.6255490186,10923.1388104228,8157.05229276986,10729.462202946,16230.7019319081,12671.350957747,24630.3123845489,13070.7655180111,12803.4379051409
15179.2189009628,10392.2568451996,21970.499406373,14280.1840484229,10534.8385377075,12614.2628669107,13359.4795823623,6254.36928877857,11679.851059165,5549.75782311373,12307.0422911282,8511.15590698728,5356.03949903999,10758.0872159854,11597.3052352412,11042.6936496976,8231.39734310505,8196.19068537928,8126.77477636808,23455.5765704009,13534.8143605964,26030.596540031,10923.1388104228,8157.05229276986,10729.462202946,16230.7019319081,12671.350957747,17956.8419166338,8505.9329135033,12803.4379051409
8053.5337824853,6309.95879686229,12274.960260076,8870.96522680929,10534.8385377075,9424.68059359464,5793.60125913765,6254.36928877857,6897.14811612186,4046.18615649873,12307.0422911282,8511.15590698728,2389.38221907341,8820.09504091348,11597.3052352412,5493.1503190881,8231.39734310505,8196.19068537928,8126.77477636808,18753.4709790284,7552.16240751714,14084.3794385612,7487.68930705085,6545.81428514967,6343.85390152785,11960.7272128678,6810.82084045963,17956.8419166338,8505.9329135033,12076.6949594308
3066.72185152443,2153.88449195382,12274.960260076,1110.2843865871,6579.99841975078,1034.32022848525,1338.7445575818,1975.43634609447,1796.14947357518,2012.06307411009,6645.72798067514,1380.46137991804,571.850345544051,1035.34410812219,5026.6475565536,3396.87489405027,2287.81770460939,5501.67619008808,1808.22302237086,8007.26042080686,3601.02791593241,12283.816681287,2792.58595740398,1190.38139502921,976.136178781037,1164.70848143021,3259.8266101592,12519.2140948131,4312.04055151482,8756.88735073753
49.4994717386393,56.1411107452272,86.0184467159547,41.3104615636796,153.229643736247,42.3495916730869,48.4896874184865,148.605089480152,104.040064275594,48.2585241225995,105.491211289404,35.5632375421404,27.4269994925069,44.0019151332823,128.055685113675,186.668634321543,105.72598702285,166.034112567546,97.6814711478843,196.870026198659,57.4401234365695,791.368076491688,256.955556409784,83.8452744787024,67.3756714393318,104.66437322937,177.561606699283,1639.69550390655,265.716568600141,149.805999863444
2.8458491453863,0.605496016187544,3.66125656205764,2.28812957561843,0.579592858413093,2.44285415064832,1.51489102142438,5.30905141617518,5.00492456556719,2.8687790758546,5.60932712333056,2.44923983842153,2.21540561200834,2.4271232365042,3.55593479382549,10.7801542745612,3.79698642170598,4.22936616928615,5.51722292076238,3.39317249369401,3.08281139190461,5.58089589510274,6.41649288529948,1.80829598805997,2.74954184374297,1.99873292001843,3.25243565672457,3.44068221685745,4.97611981331346,7.99658172064295
0.0441624441049271,0.026341153581086,0.0317253248876455,0.032973742215006,0.0236945810170255,0.010487107979543,0.00643799106507004,0.0154940983825895,0.035673686327641,0.0340153012378437,0.0280117415702534,0.0123996424595703,0.0154113218376324,0.0164000664269679,0.0114500953350785,0.0858610271390603,0.0299078521624665,0.033747540024649,0.035301655806677,0.0370243022020986,0.026000479054062,0.0406381494368588,0.0930683770163796,0.0163616430598381,0.0103032764699833,0.015848516594076,0.0297732274877944,0.0450989888991558,0.0744851632678092,0.0321601818831709
7.74481782173098e-06,1.99595612002668e-05,3.08682390937065e-05,3.07075047771832e-05,7.89869869777249e-06,5.30418486732742e-06,2.92081699626578e-06,1.76494145875949e-05,1.57075762672321e-05,2.03757639383184e-05,2.83711058841618e-05,1.52604852701188e-05,9.49815239437157e-06,1.20221439487977e-05,3.35733699330376e-06,2.79667839322428e-05,1.42094652915148e-05,2.21491420688835e-05,1.03553154531255e-05,2.2288037484941e-05,6.99139059179288e-06,5.98298083787085e-06,1.12699043484099e-05,2.78510896123407e-05,6.18444892097614e-06,2.64930417870346e-06,2.26378361389834e-05,2.55980536962852e-05,1.78610650323208e-05,2.19742209992546e-05
2.90469870378729e-11,1.24316557048587e-10,1.78602022060659e-10,1.77180936589139e-10,2.60911292571109e-11,4.97948349220678e-11,4.501998773776e-11,1.99861460714601e-10,1.31194610730745e-10,3.85000475944253e-10,2.08274286706001e-10,6.24140739091672e-11,4.51336745754816e-11,9.25979293242563e-11,8.69704308570363e-11,7.23048287909478e-11,8.13429323898163e-11,8.15703060652595e-11,1.1607426131377e-10,1.04762420960469e-10,3.87103682442103e-11,2.37037056649569e-11,1.19882770377444e-10,1.43700162880123e-10,5.05906427861191e-11,6.28688212600537e-11,4.23654000769602e-10,1.083435563487e-10,2.99621660815319e-10,5.77529135625809e-11
0,0,0,0,0,0,0,0,0,0,0,0,0,0,0,0,0,0,0,0,0,0,0,0,0,0,0,0,0,0
0,0,0,0,0,0,0,0,0,0,0,0,0,0,0,0,0,0,0,0,0,0,0,0,0,0,0,0,0,0
0,0,0,0,0,0,0,0,0,0,0,0,0,0,0,0,0,0,0,0,0,0,0,0,0,0,0,0,0,0
0,0,0,0,0,0,0,0,0,0,0,0,0,0,0,0,0,0,0,0,0,0,0,0,0,0,0,0,0,0
0,0,0,0,0,0,0,0,0,0,0,0,0,0,0,0,0,0,0,0,0,0,0,0,0,0,0,0,0,0
