550.026684145947,160.461121109363,163.93721850618,168.855767313566,604.56920227418,153.277725502115,154.51718680452,157.42992878287,158.148053326849,169.235362509257,638.459588547062,164.329849136511,157.910416204213,159.035036442505,508.836263911731,569.25649237133,164.794506767092,161.987646699326,163.322804133085,158.934485699931,156.616771839336,159.820630498523,149.367766308387,161.207147600142,181.110691763862,682.47080471421,526.691194308698,160.427377457117,595.305439073015,160.240202590289
359.089548414483,63.4057621943648,51.109178478685,30.6961342781578,343.266470516129,62.231879577831,21.7281278362639,89.6872169637222,67.0186578762423,65.4138799294819,359.960936018177,56.3149392385089,64.8608528219311,32.0646069834479,347.893331895242,342.31425489403,61.9688641154403,34.1560394320081,35.3219491441801,99.4515583229118,125.347385015387,39.4997509849959,61.0278399533499,58.3185629744858,94.7566719868996,351.567565839489,335.157747148431,44.4889568750605,347.899911449495,22.5514731033268
311.63314109338,4.64629270077376,5.18173595457301,5.15859247995331,309.603253438398,8.78285753694217,6.49657248673202,5.78427215881038,7.24898136427691,8.7615679264386,314.904042804209,9.66509131143766,7.26486841386668,6.10211748282745,312.508386019561,313.797177204847,6.98847544941736,5.46281739525602,7.33628662886758,5.1047086429835,7.28642801662772,5.45562849312046,6.56284045662323,4.83560371654085,9.31043784068743,305.850090310636,304.633589095132,7.82989605558805,315.890969279193,5.19081586098764
300.291937674755,0.113632220640739,0.201533552321052,0.132019429760931,300.190193428286,0.218978702508593,0.204861976933444,0.450475203920632,0.252427601010368,0.366179458284023,300.429944139455,0.261560603117687,0.263808947916459,0.214574088354311,300.27681080074,300.189035535416,0.287420098215989,0.201676039197537,0.176305516384673,0.227437482529695,0.262217160035107,0.195015196452914,0.174392687808449,0.194264878123704,0.404772911783766,300.378689001631,300.262986958569,0.276984684366198,300.278026728394,0.217108656883283
300.000057883442,6.70784306748828e-05,5.15685178470449e-05,3.73490761376161e-05,300.000100766932,4.50935572189337e-05,5.40535756954341e-05,0.000158312305757136,6.91146301505796e-05,7.34943537281652e-05,300.000170722393,6.85521436025738e-05,6.5780102431745e-05,5.37189562237472e-05,300.000103664308,300.000022256454,8.52851794661547e-05,9.57329070843116e-05,7.16514655323408e-05,5.25557393302734e-05,6.29125556770305e-05,9.07736161934736e-05,4.97590581289842e-05,5.13574964315922e-05,0.000140806688705197,300.000098445211,300.000082674458,9.0847186584142e-05,300.000105262971,6.90843753545778e-05
300.000000000004,4.54747350886464e-12,5.00222085975111e-12,5.00222085975111e-12,300.000000000006,2.72848410531878e-12,1.22781784739345e-11,1.09139364212751e-11,8.64019966684282e-12,4.54747350886464e-12,300.000000000011,1.50066625792533e-11,6.3664629124105e-12,5.91171556152403e-12,300.000000000005,300.000000000003,5.91171556152403e-12,3.18323145620525e-12,1.09139364212751e-11,1.36424205265939e-11,1.04591890703887e-11,1.40971678774804e-11,4.09272615797818e-12,2.27373675443232e-12,8.18545231595635e-12,300.000000000019,300.000000000005,5.00222085975111e-12,300.00000000001,4.54747350886464e-12
300,4.54747350886464e-13,4.54747350886464e-13,4.54747350886464e-13,300,4.54747350886464e-13,4.54747350886464e-13,4.54747350886464e-13,4.54747350886464e-13,4.54747350886464e-13,300,4.54747350886464e-13,4.54747350886464e-13,4.54747350886464e-13,300,300,4.54747350886464e-13,4.54747350886464e-13,4.54747350886464e-13,4.54747350886464e-13,4.54747350886464e-13,4.54747350886464e-13,4.54747350886464e-13,4.54747350886464e-13,4.54747350886464e-13,300,300,4.54747350886464e-13,300,4.54747350886464e-13
300,4.54747350886464e-13,4.54747350886464e-13,4.54747350886464e-13,300,4.54747350886464e-13,4.54747350886464e-13,4.54747350886464e-13,4.54747350886464e-13,4.54747350886464e-13,300,4.54747350886464e-13,4.54747350886464e-13,4.54747350886464e-13,300,300,4.54747350886464e-13,4.54747350886464e-13,4.54747350886464e-13,4.54747350886464e-13,4.54747350886464e-13,4.54747350886464e-13,4.54747350886464e-13,4.54747350886464e-13,4.54747350886464e-13,300,300,4.54747350886464e-13,300,4.54747350886464e-13
301.567521904045,1.18704686810725,1.18746789213947,0.704474106145426,301.166508592764,1.07025458734324,1.09506820463866,0.93759438670395,1.3226138489681,0.867913736631635,301.245274500873,0.914380390650422,1.11480881915804,1.31928559811286,302.130525741643,301.365708841719,0.815425539414719,1.13306886154214,0.666059005015086,1.49194572477745,1.15255514610362,0.570871586657177,1.26895377029086,1.0828246177407,0.759923867749421,302.218044430039,300.898661308753,0.857325284678609,300.671478344726,1.00188779231848
300,4.54747350886464e-13,4.54747350886464e-13,4.54747350886464e-13,300,4.54747350886464e-13,0,4.54747350886464e-13,4.54747350886464e-13,4.54747350886464e-13,300,0,4.54747350886464e-13,4.54747350886464e-13,300,300,4.54747350886464e-13,4.54747350886464e-13,4.54747350886464e-13,4.54747350886464e-13,4.54747350886464e-13,4.54747350886464e-13,4.54747350886464e-13,4.54747350886464e-13,4.54747350886464e-13,300,300,4.54747350886464e-13,300,4.54747350886464e-13
300,4.54747350886464e-13,4.54747350886464e-13,4.54747350886464e-13,300,4.54747350886464e-13,0,4.54747350886464e-13,4.54747350886464e-13,4.54747350886464e-13,300,0,4.54747350886464e-13,4.54747350886464e-13,300,300,4.54747350886464e-13,4.54747350886464e-13,4.54747350886464e-13,0,4.54747350886464e-13,4.54747350886464e-13,4.54747350886464e-13,4.54747350886464e-13,4.54747350886464e-13,300,300,4.54747350886464e-13,300,4.54747350886464e-13
300,4.54747350886464e-13,4.54747350886464e-13,4.54747350886464e-13,300,0,0,4.54747350886464e-13,4.54747350886464e-13,4.54747350886464e-13,300,0,4.54747350886464e-13,4.54747350886464e-13,300,300,4.54747350886464e-13,4.54747350886464e-13,4.54747350886464e-13,0,4.54747350886464e-13,4.54747350886464e-13,4.54747350886464e-13,4.54747350886464e-13,0,300,300,4.54747350886464e-13,300,4.54747350886464e-13
300,4.54747350886464e-13,4.54747350886464e-13,0,300,0,0,4.54747350886464e-13,4.54747350886464e-13,4.54747350886464e-13,300,0,4.54747350886464e-13,4.54747350886464e-13,300,300,4.54747350886464e-13,4.54747350886464e-13,4.54747350886464e-13,0,4.54747350886464e-13,4.54747350886464e-13,4.54747350886464e-13,4.54747350886464e-13,0,300,300,0,300,4.54747350886464e-13
300,4.54747350886464e-13,4.54747350886464e-13,0,300,0,0,0,4.54747350886464e-13,4.54747350886464e-13,300,0,4.54747350886464e-13,4.54747350886464e-13,300,300,4.54747350886464e-13,4.54747350886464e-13,4.54747350886464e-13,0,4.54747350886464e-13,4.54747350886464e-13,4.54747350886464e-13,4.54747350886464e-13,0,300,300,0,300,4.54747350886464e-13
