3016.87842792456,576.300611404916,2636.60455599339,1128.31628786189,965.443690708783,1118.51060560772,1062.23995823175,1179.58082666925,1189.20794376822,611.656176658594,528.487254303874,1381.30398695638,584.556347762479,742.913806808876,3010.36176256243,1565.96759688727,1959.17138294024,708.668396412194,1199.83223164115,644.047711786668,1124.18713766884,1512.97603367376,943.184808551023,692.66795308223,761.597182466727,1618.20012589378,875.408637136542,2880.62808200881,930.345562535505,707.894403270636
1471.22572111434,434.380080951259,984.523989978577,743.277473947549,228.73037348728,1038.64136911497,1062.23995823175,1179.58082666925,1189.20794376822,611.656176658594,206.135388236098,1126.91187563808,584.556347762479,573.033637684941,560.621120629624,1371.0494281412,1708.39193343168,325.939706108337,1088.88281663248,644.047711786668,812.121586665517,1512.97603367376,943.184808551023,692.66795308223,672.999380277348,1618.20012589378,366.239485969099,1668.69378289231,303.288456734508,707.894403270636
1322.58088061246,207.293081053734,852.894514451442,296.024534103745,228.419872362202,387.723630833695,497.145052056818,1179.58082666925,764.371035553365,486.451595599894,206.135388236098,373.114730758657,569.60752117668,489.142168634691,560.621120629624,1246.11297627252,921.414015511923,325.939706108337,966.986393202197,490.394658951056,516.500804563405,1177.63345538656,943.184808551023,302.017693502101,293.456835315581,481.620830988611,231.435560223982,704.628138492933,296.021873704055,412.538512270725
1113.97718235665,163.972744122936,852.894514451442,149.231557444302,195.56421580265,344.290278664314,217.241861819138,180.30746109524,525.979566495595,74.9801361647735,206.135388236098,272.628123269028,485.074794369121,257.194489175006,186.989495912846,1205.94835290716,486.674700311512,205.006609250399,299.669400497883,358.487586916925,516.500804563405,584.481512621673,485.369247946135,250.296613150475,150.798956792337,448.562563981582,170.101048882198,254.069729880118,260.230070142574,292.191588793832
487.840970216487,131.606183432018,188.775891456277,82.5720539556563,98.7571406021478,221.304558295875,217.241861819138,126.073754848069,176.189368747822,74.9801361647735,110.087922806425,118.792973280809,171.224927794249,182.624562646923,154.351874616444,352.541080202571,185.809293621054,119.661900980943,145.290733661108,211.204178460541,167.08342750491,221.847524555164,137.448517809343,130.20241570798,84.3785987890565,148.414808518335,118.884012772973,254.069729880118,125.316428495578,121.401200436487
103.060193892356,54.2239386931594,75.1739704807915,57.5086351882533,51.9779462414756,95.9642842115027,34.6274281633182,81.8203625871632,72.1621725393909,74.9801361647735,90.5421446032092,74.6529510478878,69.0951434612941,60.3334558355958,82.6647065060747,96.297638725074,42.3509940359656,61.5036536606176,53.2897758052346,82.3215804609389,90.5965527435165,90.8667833474432,83.0115304112925,86.9230271681002,38.1692897965877,84.5162469988597,76.9545403585785,70.1402864045972,86.4854280133991,76.7374068210058
73.3280048402179,20.5499897426873,53.5517770745226,12.1463402964907,8.54833689561366,50.4577610804621,23.3690873805669,21.1887982112049,26.4415218528919,16.6712416330826,54.086718063255,8.99578224590277,13.5737820343413,18.0794699789228,70.2137585255189,13.5256184287795,26.265639739622,39.9777708937724,8.57523208374499,10.8201888247358,18.2760071233886,50.4942986349484,66.4231893639905,11.4201302724854,16.5087320393419,43.0305935287129,60.9024554377677,17.323928094028,21.6131956539703,17.7849466707358
4.86504948230146,0.531596108396911,1.06537495226115,9.41256089682787,0.339021313218211,5.19714603366367,9.80027974015627,0.616180442578866,0.358067750277542,0.530424344618609,0.113597472522372,0.260459857059629,9.50359696269749,9.34561438255957,0.479435207050074,6.7352294907061,0.0781769853407468,0.268586941328863,4.47513562752266,0.594781273788442,0.253742842250631,0.332972595475894,0.356000836637861,0.450190219633669,0.612510638797971,0.483339600357738,0.248487230291857,0.541468509415722,1.23653739833298,4.10472966813654
3.9926107559312,0.0359206053196317,0.0590809588354659,8.92417497338641,0.0221560020563629,4.14644364618522,8.93094081532166,0.0208070822822606,0.0170193189872521,0.00829352745614642,0.00141805523992389,0.0291583178640167,8.92431981541012,8.93733818957378,0.0148494439232536,4.12419632516827,0.00341833614493225,0.00406348066303508,3.99658314140868,0.0287401669136216,0.0123736703303052,0.0163254602408074,0.0206959328563698,0.0192494798312168,0.0425902600287031,0.0263232497653689,0.00392337226116979,0.0601780226575102,0.333076334956388,3.98973465859291
3.98658100763271,8.20649574961863e-07,4.52653961247051e-06,8.91615606397227,1.32994108525963e-06,3.98658253481807,8.91614465171369,1.6760196785981e-06,9.33910428102536e-07,5.15887677465798e-07,1.78241367621013e-06,1.2742934814014e-06,8.91613237097522,8.91616592544023,3.67417561619732e-06,3.98658436402133,1.87123458772476e-06,9.61586010816973e-07,3.98658012930554,2.79010851045314e-06,1.17981642233644e-06,1.58313372367047e-06,2.26760136001758e-06,1.05981769138452e-06,2.13511032143288e-06,8.57367751905258e-07,1.03498399539603e-06,2.34515528063639e-06,9.58009792384473e-06,3.98657967881388
3.9865791123558,1.2732925824821e-11,5.51381162949838e-11,8.91610193485542,9.54969436861575e-12,3.98657911241986,8.91610193045472,5.74118530494161e-12,1.37561073643155e-11,1.08002495835535e-12,3.24007487506606e-12,5.40012479177676e-12,8.91610193171022,8.91610193295742,4.16093826061115e-11,3.98657911238763,7.105427357601e-12,6.59383658785373e-12,3.98657911235244,5.79802872380242e-12,3.06954461848363e-12,4.67252903035842e-11,3.97335497837048e-11,2.67164068645798e-12,2.06910044653341e-11,1.04023456515279e-11,1.3017142919125e-11,1.13686837721616e-11,1.25282895169221e-10,3.98657911235136
3.98657911234716,0,0,8.91610192778131,0,3.98657911234716,8.91610192778131,0,0,0,0,0,8.91610192778131,8.91610192778131,0,3.98657911234716,0,0,3.98657911234716,0,0,0,0,0,0,0,0,0,0,3.98657911234716
3.98657911234716,0,0,8.91610192778131,0,3.98657911234716,8.91610192778131,0,0,0,0,0,8.91610192778131,8.91610192778131,0,3.98657911234716,0,0,3.98657911234716,0,0,0,0,0,0,0,0,0,0,3.98657911234716
3.98657911234716,0,0,8.91610192778131,0,3.98657911234716,8.91610192778131,0,0,0,0,0,8.91610192778131,8.91610192778131,0,3.98657911234716,0,0,3.98657911234716,0,0,0,0,0,0,0,0,0,0,3.98657911234716
3.98657911234716,0,0,8.91610192778131,0,3.98657911234716,8.91610192778131,0,0,0,0,0,8.91610192778131,8.91610192778131,0,3.98657911234716,0,0,3.98657911234716,0,0,0,0,0,0,0,0,0,0,3.98657911234716
3.98657911234716,0,0,8.91610192778131,0,3.98657911234716,8.91610192778131,0,0,0,0,0,8.91610192778131,8.91610192778131,0,3.98657911234716,0,0,3.98657911234716,0,0,0,0,0,0,0,0,0,0,3.98657911234716
