42.8868542269738,52.5593535403337,49.7436936001523,45.3833319901786,53.5175308731548,48.080256387765,44.9093697405864,42.5635629824229,48.2529222823074,38.1699347589863,50.606649312326,49.1999301357196,45.0842793558719,41.2808017254214,50.8985748141429,34.5769228284794,48.8857824201882,38.0124341302118,50.5587566418811,48.743538745808,44.9999981554358,38.2964585461093,41.6275098750903,46.9640830218407,48.6314487210552,38.2006257017161,49.9901128054553,47.483539688816,50.8409130240061,46.2179415654961
42.8155523952446,39.5381717446513,31.1350766591327,37.4564494329521,32.6710395433888,38.5443901982491,42.3816535290784,35.7587256318179,38.7861505378027,38.1699347589863,50.606649312326,35.8509225476234,36.7039333509812,35.0868325487965,38.5611012163405,34.5769228284794,44.7426331771605,33.0237720733326,38.0632335603672,32.7356691318398,39.2918749551004,37.2127811919386,36.4271133858042,40.1213659292901,39.831762938612,28.3742842770459,27.162905898635,39.0305856288858,37.3988550642912,28.4697993996701
40.4433157220302,39.5381717446513,31.1350766591327,31.4999859108536,32.6710395433888,34.6844271056121,42.3816535290784,35.7587256318179,38.7861505378027,38.1699347589863,31.2477793432897,31.4021408144978,36.7039333509812,35.0868325487965,36.1286021978418,33.3035266062021,31.0637401110621,32.7566941931065,38.0632335603672,32.7356691318398,34.1441650615727,35.1021975568793,36.4271133858042,30.1407274406779,30.8914710631506,28.3742842770459,27.162905898635,29.2904070856276,28.9110265477444,28.4697993996701
29.325784927085,39.5381717446513,24.030739370534,25.2017076313152,25.9230494865366,24.5320789410288,26.9054116822138,32.9830753766012,26.6745095510745,32.1319411109755,31.2477793432897,25.3563897817016,36.7039333509812,35.0868325487965,33.1287864035849,22.5785509771202,25.7394388324909,25.7076822410323,36.8051220154256,32.7356691318398,34.1441650615727,26.889766418086,36.4271133858042,28.5211759006731,30.8914710631506,28.3742842770459,27.162905898635,25.4949513681776,28.9110265477444,22.459713635521
6.96529942534278,3.01246592690507,2.98488310408516,6.10087650829701,1.06573271370655,4.00935056909657,7.29342201745135,2.98518375931212,3.98012557975642,14.7326939121408,3.62155180697926,21.3678608493411,4.97626017533264,3.99782405554424,7.965697506624,4.12985569017485,6.26789095188974,3.97984006471586,1.10736150210676,1.996287426604,0.995171585669709,4.97498548885289,25.0514830124753,4.97529744402505,0.340263306766246,1.99437610305017,5.96977655397097,2.14204926772459,2.99131441824534,1.99003954791795
6.96471339965308,2.98487717127989,2.98487717127989,5.96975434255978,0.994959057093297,3.97983622837319,2.98487717127989,2.98487717127989,3.97983622837319,1.98991811418659,2.98487717127989,1.98991811418682,4.97479528546648,3.97983622837319,7.95966741892721,3.97983622837319,4.97479528546648,3.97983622837319,0,1.98991811418659,0.994959057093297,4.97479528546648,4.9747952854666,4.97479528546648,0,1.98991811418659,5.96975434255978,1.98991811418659,2.98487717127989,1.98991811418659
6.96471339965308,2.98487717127989,2.98487717127989,5.96975434255978,0.994959057093297,3.97983622837319,2.98487717127989,2.98487717127989,3.97983622837319,1.98991811418659,2.98487717127989,1.98991811418659,4.97479528546648,3.97983622837319,7.95966741892721,3.97983622837319,4.97479528546648,3.97983622837319,0,1.98991811418659,0.994959057093297,4.97479528546648,4.97479528546648,4.97479528546648,0,1.98991811418659,5.96975434255978,1.98991811418659,2.98487717127989,1.98991811418659
6.96471339965308,2.98487717127989,2.98487717127989,5.96975434255978,0.994959057093297,3.97983622837319,2.98487717127989,2.98487717127989,3.97983622837319,1.98991811418659,2.98487717127989,1.98991811418659,4.97479528546648,3.97983622837319,7.95966741892721,3.97983622837319,4.97479528546648,3.97983622837319,0,1.98991811418659,0.994959057093297,4.97479528546648,4.97479528546648,4.97479528546648,0,1.98991811418659,5.96975434255978,1.98991811418659,2.98487717127989,1.98991811418659
6.96661971700507,2.989628409435,2.98773115815004,5.9786612599321,0.997067642256752,3.9844103645072,2.98784151638029,2.99059044528394,3.981303255699,1.99334071155408,2.98722333020714,1.99764178415955,4.97690854986911,3.98036678458345,7.96091520447408,3.98300921157977,4.97795877541944,3.9805496095812,0.00083014388292213,1.9923699495622,0.99945405023459,4.97622212743113,4.9784658720987,4.97622978934874,0.0016049317400757,1.99245063962678,5.97019735813137,1.99344412946289,2.98556868717969,1.9951190092363
6.96471339965308,2.98487717127989,2.98487717127989,5.96975434255978,0.994959057093297,3.97983622837319,2.98487717127989,2.98487717127989,3.97983622837319,1.98991811418659,2.98487717127989,1.98991811418659,4.97479528546648,3.97983622837319,7.95966741892732,3.97983622837319,4.97479528546648,3.97983622837319,0,1.98991811418659,0.994959057093297,4.97479528546648,4.97479528546648,4.97479528546648,0,1.98991811418659,5.96975434255978,1.98991811418659,2.98487717127989,1.98991811418659
6.96471339965308,2.98487717127989,2.98487717127989,5.96975434255978,0.994959057093297,3.97983622837319,2.98487717127989,2.98487717127989,3.97983622837319,1.98991811418659,2.98487717127989,1.98991811418659,4.97479528546648,3.97983622837319,7.95966741892721,3.97983622837319,4.97479528546648,3.97983622837319,0,1.98991811418659,0.994959057093297,4.97479528546648,4.97479528546648,4.97479528546648,0,1.98991811418659,5.96975434255978,1.98991811418659,2.98487717127989,1.98991811418659
6.96471339965308,2.98487717127989,2.98487717127989,5.96975434255978,0.994959057093297,3.97983622837319,2.98487717127989,2.98487717127989,3.97983622837319,1.98991811418659,2.98487717127989,1.98991811418659,4.97479528546648,3.97983622837319,7.95966741892721,3.97983622837319,4.97479528546648,3.97983622837319,0,1.98991811418659,0.994959057093297,4.97479528546648,4.97479528546648,4.97479528546648,0,1.98991811418659,5.96975434255978,1.98991811418659,2.98487717127989,1.98991811418659
6.96471339965308,2.98487717127989,2.98487717127989,5.96975434255978,0.994959057093297,3.97983622837319,2.98487717127989,2.98487717127989,3.97983622837319,1.98991811418659,2.98487717127989,1.98991811418659,4.97479528546648,3.97983622837319,7.95966741892721,3.97983622837319,4.97479528546648,3.97983622837319,0,1.98991811418659,0.994959057093297,4.97479528546648,4.97479528546648,4.97479528546648,0,1.98991811418659,5.96975434255978,1.98991811418659,2.98487717127989,1.98991811418659
6.96471339965308,2.98487717127989,2.98487717127989,5.96975434255978,0.994959057093297,3.97983622837319,2.98487717127989,2.98487717127989,3.97983622837319,1.98991811418659,2.98487717127989,1.98991811418659,4.97479528546648,3.97983622837319,7.95966741892721,3.97983622837319,4.97479528546648,3.97983622837319,0,1.98991811418659,0.994959057093297,4.97479528546648,4.97479528546648,4.97479528546648,0,1.98991811418659,5.96975434255978,1.98991811418659,2.98487717127989,1.98991811418659
