565.357295627034,543.867575067741,466.402738940841,592.013276432418,417.990502587741,503.511060878473,560.69294356899,432.880148063777,622.138897259439,845.566081932918,531.378231786619,519.124841663644,843.269897632112,627.209364659046,595.568967464581,758.391961900259,719.441416296897,428.294230999424,619.396259187841,849.862830313995,519.134089608756,652.297553166874,702.002897708534,543.242120435148,554.235717712053,802.270469835205,675.152519212334,537.074252476381,855.759583669163,555.211605229758
565.357295627034,543.867575067741,466.402738940841,592.013276432418,417.990502587741,503.511060878473,560.69294356899,432.880148063777,579.527996873516,601.565901301949,531.378231786619,519.124841663644,843.269897632112,453.500217353259,428.855310913129,742.386468243447,615.839851717235,428.294230999424,571.43258237177,513.417267357938,519.134089608756,652.297553166874,599.156608611218,491.609982351224,554.235717712053,616.825377959418,576.246130724381,537.074252476381,448.125264482399,515.188858021062
530.923423262508,543.867575067741,466.402738940841,592.013276432418,417.990502587741,503.511060878473,504.78444619836,432.880148063777,579.527996873516,557.591159069797,531.378231786619,512.124965980745,483.029118260877,449.53312831133,390.640809407701,564.51726377601,481.127120755719,428.294230999424,435.607655896066,476.971901827495,438.914341604335,626.193090915808,551.714871009418,491.609982351224,554.235717712053,588.264600014906,576.246130724381,537.074252476381,448.125264482399,515.188858021062
530.923423262508,483.924972303158,434.623585266072,434.137765304215,417.990502587741,489.665882421971,504.78444619836,432.880148063777,579.527996873516,557.591159069797,429.149595628257,425.460484428245,483.029118260877,410.905116860496,378.951885708647,543.59100275776,481.127120755719,400.575827216868,435.607655896066,432.356933355087,438.914341604335,505.576032817751,482.793386582454,491.609982351224,526.284803357497,428.898388463199,504.850041531036,537.074252476381,448.125264482399,490.9481135931
439.974156478258,421.220731488645,434.623585266072,434.137765304215,387.030096276065,472.808637967304,463.572922719318,432.880148063777,440.311171081138,514.658687701584,396.0936451782,380.718219628732,464.074377724832,410.058500268732,357.23711604737,451.097759120505,412.440662403966,382.33910963927,435.607655896066,414.169850271339,387.483155582737,404.97612867401,404.309785907475,399.390087203826,488.887654706146,428.898388463199,504.850041531036,454.973123071663,417.772781466555,468.88888172708
388.621651770703,333.539255108669,372.327191806425,333.824385693934,370.306798337222,433.440170510979,411.752876653241,379.287801307122,424.988820613214,397.246907669692,367.37596780412,380.718219628732,429.014611904422,356.806715148021,345.757802146441,425.134121530593,374.313399787106,359.656338019169,421.199736363183,381.774221076474,350.810656677975,372.281447892703,397.166233598571,368.425423497853,400.015105668007,386.325214382743,431.189089386491,446.177176150254,390.794121565657,403.2709861076
314.826550425267,315.534515842402,274.366902422384,278.92443193526,341.90577353986,325.665150098235,374.729838560825,312.434400906854,347.242647723609,365.363101116297,314.385393369653,305.887156452633,328.874039267983,270.004509193612,288.762889619936,318.597816162519,305.025570295799,329.94119868937,338.995720581263,331.501616894663,305.290001664403,312.751068614489,364.060758800488,285.9220818697,329.315953038488,340.258557547563,344.596829858584,337.287634939353,360.550227792347,281.062088897693
239.167827296207,238.92573048562,240.254662056957,237.312238972777,281.638408567911,246.066692805827,298.584996887391,254.833700460464,296.219953636517,261.073299946476,248.656059351019,253.764323329149,255.640019452128,235.361933156469,256.760590633562,243.591060142924,247.772137169416,272.117680906293,239.987055116005,257.561523938375,252.309011896195,246.290845459581,285.591628597804,239.699001594948,251.998064789014,245.61517537184,267.122723909642,246.364289317697,254.212225695113,256.024958347985
231.121011288698,231.666716666741,232.852039579479,231.496033925034,230.798760981625,233.072751492534,236.495643281754,233.461225569032,234.726648304148,233.805224693761,230.676900141795,231.482704601629,232.042440385472,230.879203082096,232.474732047539,232.149788906234,231.258069546599,232.20020572048,232.054792735589,232.177493403188,232.221424857598,231.408423134092,232.699945307574,230.915343728833,233.576064559073,232.825282031915,232.596987222539,232.797562737078,232.697432880737,231.06906924465
229.39926757764,229.534462579394,229.462565274907,229.596699072322,229.50441633192,229.740463284052,229.743223276627,229.718904703916,229.585632119906,229.54160323285,229.752717764478,229.446615039669,229.646818761501,229.463675778582,229.549957757283,229.498035646406,229.455606340606,229.552040776375,229.522347093712,229.542628694297,229.501298835006,229.514275474605,229.945215671607,229.424495241651,229.444951166281,229.595892706923,229.599318538795,229.627585309212,229.686328513434,229.506203059392
229.290096008021,229.292562101482,229.289084156361,229.294195500208,229.290305923297,229.293643795267,229.296728494338,229.292559755897,229.299308257306,229.296622131567,229.296722460588,229.290761075874,229.289616421304,229.289422128255,229.29229015077,229.291530378831,229.294280390619,229.294739308363,229.289783150924,229.288370113588,229.29126508958,229.292385009933,229.296250385266,229.289732121474,229.294956162556,229.294252770936,229.292723716416,229.291701889806,229.303091731958,229.293310427559
229.284399064212,229.284423646076,229.284415055683,229.284424605265,229.284422184755,229.284474247826,229.284430298608,229.284446318357,229.284425560723,229.284418948353,229.284408839927,229.284413092111,229.28442569379,229.284402322758,229.284433959166,229.284408227272,229.284429908642,229.284412292793,229.284405487614,229.284416463192,229.284439511022,229.284417093833,229.284434088905,229.284410513935,229.284435291765,229.284423614051,229.284414490833,229.284425943039,229.284449372225,229.284407870884
229.284382712256,229.284382715201,229.284382713951,229.284382717312,229.284382721098,229.28438271592,229.284382718501,229.284382720203,229.284382716735,229.284382713219,229.28438271277,229.284382713877,229.284382717019,229.28438271439,229.284382716239,229.284382714037,229.284382719401,229.284382713501,229.284382713227,229.284382712217,229.284382719134,229.28438271236,229.284382717309,229.284382715995,229.284382717225,229.284382716112,229.284382717058,229.284382714257,229.284382718765,229.284382714057
229.284382708487,229.284382708487,229.284382708487,229.284382708487,229.284382708487,229.284382708487,229.284382708487,229.284382708487,229.284382708487,229.284382708487,229.284382708487,229.284382708487,229.284382708487,229.284382708487,229.284382708487,229.284382708487,229.284382708487,229.284382708487,229.284382708487,229.284382708487,229.284382708487,229.284382708487,229.284382708487,229.284382708487,229.284382708487,229.284382708487,229.284382708487,229.284382708487,229.284382708487,229.284382708487
229.284382708487,229.284382708487,229.284382708487,229.284382708487,229.284382708487,229.284382708487,229.284382708487,229.284382708487,229.284382708487,229.284382708487,229.284382708487,229.284382708487,229.284382708487,229.284382708487,229.284382708487,229.284382708487,229.284382708487,229.284382708487,229.284382708487,229.284382708487,229.284382708487,229.284382708487,229.284382708487,229.284382708487,229.284382708487,229.284382708487,229.284382708487,229.284382708487,229.284382708487,229.284382708487
229.284382708487,229.284382708487,229.284382708487,229.284382708487,229.284382708487,229.284382708488,229.284382708487,229.284382708487,229.284382708487,229.284382708487,229.284382708487,229.284382708487,229.284382708487,229.284382708487,229.284382708487,229.284382708487,229.284382708487,229.284382708487,229.284382708487,229.284382708487,229.284382708488,229.284382708487,229.284382708487,229.284382708487,229.284382708487,229.284382708487,229.284382708487,229.284382708487,229.284382708487,229.284382708487
