1.28579813463148e-09
0.628699773556036
1.98991811540532
0.648509724069299
2.02135157736507
20.7049571058787
20.6431766542655
1.08302357836669
1.619058377805
0.624099320569258
0.624099321705444
0.624099320736605
0.624099320820505
1.25965016195551e-10
20.6241345499329
0.624099321020367
4.04770617024042e-09
1.22486198961269e-09
2.04782331196998
1.98991811620135
0.624302836427205
20.9952257910538
1.61905837791755
1.20153300591846
9.39053279580548e-11
21.1719982012426
0.00395118348660617
7.5556272349786e-10
0.994959057751203
0.995903666430195
