1.05718425745204
15.4843342462054
4.07909345420762
1.08265531326856
8.03874296413164
1.19524869031602
17.2677786740728
10.0099128914624
1.11152301451875
0.0970054434615122
1.45267469207033
4.10635533027948
0.132587757356077
10.1921312175041
5.58779982222268
5.10105963395722
1.49225229540616
5.17264248162633
0.312607117750986
9.98302412047929
9.1201635080281
18.2218694702217
5.12066224440878
5.05727078631344
9.05504784221307
4.10915335790219
8.02492859300696
1.31412657108535
1.24307042939768
5.02733499542092
