1.20212462206837e-09
1.61905838050643
0.727199200930272
0.624099320615414
1.64569174121266
21.0064043471994
0.624099322391203
1.61905837781023
0.624099321542872
20.6860943660324
0.627248019915669
0.624099323585142
0.997896377082725
1.61905837791278
19.9980480151819
0.994959057381038
21.6369973089377
0.246898718079592
20.0008685754342
0.0248288386412696
0.624099320841196
20.0128795623532
21.5677184487074
20.7027731274156
18.2823418774472
21.0612412867445
4.56793713965453e-10
0.994959059659095
20.6321510332559
17.3704977201576
