251.798006490182
240.465096850759
235.658853320283
245.758906756582
241.272642567015
249.149109041101
253.674544906231
245.141518855099
242.280721979408
246.924417426017
241.576601516269
254.52651404301
249.04658255531
249.379284484794
241.52297890215
251.878386390554
243.274089695687
236.477455796707
252.157839953994
260.575560196861
278.201200592503
259.699373342413
245.468213411154
296.839114908471
240.385281430358
238.353062241135
247.492691854146
241.274981118523
239.658333120938
242.469344855295
