20.9138757254716
43.4372788658407
60.9725261020094
13.1041448799617
29.1614506666788
43.0651303868469
63.1177542861287
55.0479581529919
34.0200788528462
33.9811151405979
36.0728910593025
101.688235639013
7.52805170755869
54.1160952369921
50.827801907471
41.9575725944233
43.0778585054991
24.1105138994687
23.8501850525211
83.4517901316499
138.373150614239
93.6780710252342
43.0325689422448
26.9793475350036
35.2211900142599
42.5295594674408
70.0025647286175
50.3514058644323
18.2006906587392
26.0224769673703
