20.9817287117039
21.0738711628605
20.8240855275958
20.7781373778735
20.85068525115
20.4510562023966
21.4043663331063
21.2558080250105
20.7220482847479
21.8370080018303
21.3107306636139
0.94476736287379
20.2601756794561
20.4100557062429
20.4228866195081
20.2750523202667
20.8795775671251
21.0763453078071
21.306821437598
20.6276561911868
21.0542233141286
20.9747247129417
20.6984010097126
20.7484651986019
0.519026437768844
21.2061092812087
20.9289261370259
20.8686135170447
20.7922015943036
21.3350340604779
