1.61905837765244
0.99495905749518
2.42230271396693e-07
20.0596443279881
0.932650340196915
1.61905837799941
0.624099321927815
2.30361627750312
1.61905837992708
1.91740875782921
5.59888956992609
21.6693730749896
21.1576327684033
0.624099320520145
2.61401743492343
21.3020205908467
21.0800509124253
1.61905837793483
1.61905837790232
1.17324816528708e-10
1.06332622765035
0.489024016434996
0.000447275980377526
1.46544645686777
0.624099322325947
1.28693500300869e-09
0.624099320621781
19.4758692195155
21.3868495382717
0.92998115190403
