156.382221679828,157.556555478063,189.869278548787,164.782786946102,161.919448414999,550.913791725199,161.874415145328,163.829618952707,158.222011978584,154.671087873883,506.093858023065,157.500774949105,161.990020154959,160.096838104346,158.404734589613,154.042315306522,163.739156041938,160.707621327873,169.661350448313,160.281297693929,569.764829130597,568.720688015729,163.322705459845,328.828339219649,158.178499578894,169.199608434198,497.262676525736,153.106971523719,153.202022800671,159.43216741148
44.1694267345142,27.0339076181681,65.2927971054096,151.118912136525,35.8135201742798,342.489415978948,40.2489930863562,33.9990946988582,33.9359299317862,100.860819394823,340.296010996203,25.202327002336,43.5062320086927,23.1952679512847,71.9931599354277,44.6436786626568,32.4342546384587,109.195938885984,47.1117837925585,62.5247566823218,406.32293446187,347.857099525655,36.9878374669734,161.609526187312,52.1643195560055,40.8411899513212,333.860327837546,60.740464816226,40.2588363968039,57.6027452032217
7.72966821940963,5.06362523885764,8.68490795146363,8.12253910478603,5.48896368224177,304.583791880234,6.72450302638526,4.40325216931888,5.25791937049962,5.23226345154944,314.069926383475,5.59873327948389,4.46986157076981,5.76062544640672,5.94095342942728,4.26313655429021,6.52910319912462,6.78485585006183,5.32965411463147,6.7203330811144,401.179290144993,306.032030061203,4.3858625816174,153.089939328203,4.80924034397094,6.14140989143243,310.049045137325,6.40221856777816,6.30500858934056,4.45231921439517
0.27127157261657,0.220517922517502,0.230034193265965,0.330493244505305,0.265432536035405,300.261196101758,0.217322887664068,0.116890170135321,0.212516033693646,0.19934954675864,300.215435831539,0.110587117873365,0.226100503640282,0.0433633644388465,0.232969217505797,0.180444784103656,0.222199318824551,0.205499613987286,0.284483631498006,0.218892046589644,400.057194145567,300.248687612507,0.207425675820105,150.89266276286,0.145761299664173,0.306327492566652,300.224456232387,0.330213898452257,0.203172540942887,0.189442630718531
6.558763789144e-05,4.89099543301563e-05,7.55221963117947e-05,0.000117479215532512,6.74352013447788e-05,300.00008245194,7.56499466660898e-05,3.10334125970257e-05,2.75719589808432e-05,7.9459379776381e-05,300.000101231148,3.40211468028428e-05,4.49729118372488e-05,4.14263445236429e-05,8.80599495758361e-05,6.15672965977865e-05,4.2691148337326e-05,6.76499457767932e-05,6.93624824634753e-05,5.82324532842904e-05,400.00001431261,300.000058604069,9.55843688643654e-05,150.428100317615,3.63948238373268e-05,0.000113898170184257,300.000084137082,0.000125691952234774,7.89036589594616e-05,8.44045816847938e-05
8.64019966684282e-12,4.54747350886464e-12,6.3664629124105e-12,1.04591890703887e-11,3.18323145620525e-12,300.000000000006,4.09272615797818e-12,2.72848410531878e-12,3.63797880709171e-12,1.04591890703887e-11,300.00000000001,2.72848410531878e-12,5.45696821063757e-12,3.18323145620525e-12,5.00222085975111e-12,3.63797880709171e-12,5.91171556152403e-12,7.73070496506989e-12,7.27595761418343e-12,1.13686837721616e-11,400.000000000001,300.000000000004,1.40971678774804e-11,150.427163814881,2.27373675443232e-12,5.45696821063757e-12,300.000000000008,1.2732925824821e-11,1.18234311230481e-11,6.3664629124105e-12
4.54747350886464e-13,4.54747350886464e-13,4.54747350886464e-13,4.54747350886464e-13,4.54747350886464e-13,300,4.54747350886464e-13,4.54747350886464e-13,4.54747350886464e-13,4.54747350886464e-13,300,4.54747350886464e-13,4.54747350886464e-13,4.54747350886464e-13,4.54747350886464e-13,4.54747350886464e-13,4.54747350886464e-13,4.54747350886464e-13,4.54747350886464e-13,4.54747350886464e-13,400,300,4.54747350886464e-13,150.427163809589,4.54747350886464e-13,4.54747350886464e-13,300,4.54747350886464e-13,4.54747350886464e-13,4.54747350886464e-13
4.54747350886464e-13,4.54747350886464e-13,4.54747350886464e-13,4.54747350886464e-13,4.54747350886464e-13,300,4.54747350886464e-13,4.54747350886464e-13,4.54747350886464e-13,4.54747350886464e-13,300,4.54747350886464e-13,4.54747350886464e-13,4.54747350886464e-13,4.54747350886464e-13,4.54747350886464e-13,4.54747350886464e-13,4.54747350886464e-13,4.54747350886464e-13,4.54747350886464e-13,400,300,4.54747350886464e-13,150.427163809589,4.54747350886464e-13,4.54747350886464e-13,300,4.54747350886464e-13,4.54747350886464e-13,4.54747350886464e-13
4.54747350886464e-13,4.54747350886464e-13,4.54747350886464e-13,4.54747350886464e-13,4.54747350886464e-13,300,4.54747350886464e-13,4.54747350886464e-13,4.54747350886464e-13,4.54747350886464e-13,300,4.54747350886464e-13,4.54747350886464e-13,4.54747350886464e-13,4.54747350886464e-13,4.54747350886464e-13,4.54747350886464e-13,4.54747350886464e-13,4.54747350886464e-13,4.54747350886464e-13,400,300,4.54747350886464e-13,150.427163809589,4.54747350886464e-13,4.54747350886464e-13,300,4.54747350886464e-13,4.54747350886464e-13,4.54747350886464e-13
4.54747350886464e-13,4.54747350886464e-13,4.54747350886464e-13,4.54747350886464e-13,4.54747350886464e-13,300,4.54747350886464e-13,4.54747350886464e-13,4.54747350886464e-13,4.54747350886464e-13,300,4.54747350886464e-13,4.54747350886464e-13,4.54747350886464e-13,4.54747350886464e-13,4.54747350886464e-13,4.54747350886464e-13,4.54747350886464e-13,4.54747350886464e-13,4.54747350886464e-13,400,300,4.54747350886464e-13,150.427163809589,4.54747350886464e-13,4.54747350886464e-13,300,4.54747350886464e-13,4.54747350886464e-13,4.54747350886464e-13
4.54747350886464e-13,4.54747350886464e-13,4.54747350886464e-13,4.54747350886464e-13,4.54747350886464e-13,300,4.54747350886464e-13,4.54747350886464e-13,0,4.54747350886464e-13,300,4.54747350886464e-13,4.54747350886464e-13,4.54747350886464e-13,4.54747350886464e-13,4.54747350886464e-13,4.54747350886464e-13,4.54747350886464e-13,4.54747350886464e-13,4.54747350886464e-13,400,300,4.54747350886464e-13,150.427163809589,4.54747350886464e-13,0,300,0,4.54747350886464e-13,4.54747350886464e-13
0,4.54747350886464e-13,4.54747350886464e-13,4.54747350886464e-13,4.54747350886464e-13,300,4.54747350886464e-13,4.54747350886464e-13,0,4.54747350886464e-13,300,4.54747350886464e-13,4.54747350886464e-13,4.54747350886464e-13,4.54747350886464e-13,4.54747350886464e-13,4.54747350886464e-13,4.54747350886464e-13,4.54747350886464e-13,4.54747350886464e-13,400,300,4.54747350886464e-13,150.427163809589,4.54747350886464e-13,0,300,0,4.54747350886464e-13,0
0,4.54747350886464e-13,4.54747350886464e-13,4.54747350886464e-13,4.54747350886464e-13,300,0,4.54747350886464e-13,0,4.54747350886464e-13,300,4.54747350886464e-13,0,4.54747350886464e-13,0,4.54747350886464e-13,4.54747350886464e-13,4.54747350886464e-13,4.54747350886464e-13,4.54747350886464e-13,400,300,4.54747350886464e-13,150.427163809589,4.54747350886464e-13,0,300,0,4.54747350886464e-13,0
0,4.54747350886464e-13,0,4.54747350886464e-13,0,300,0,4.54747350886464e-13,0,4.54747350886464e-13,300,4.54747350886464e-13,0,4.54747350886464e-13,0,4.54747350886464e-13,4.54747350886464e-13,4.54747350886464e-13,4.54747350886464e-13,4.54747350886464e-13,400,300,4.54747350886464e-13,150.427163809589,4.54747350886464e-13,0,300,0,4.54747350886464e-13,0
