942.029495966267,1458.57535851236,1337.35575056131,926.159891995106,1502.32053466653,1731.13814022116,1185.03466661296,1418.06262292786,822.045403157509,748.544625946327,2073.59455105179,364.545603161754,984.230880030121,704.50616803408,600.081299577123,1680.49284299984,556.297150670475,1273.67197871042,528.101532006897,1869.04079436251,1306.71920627327,1569.22977969141,468.422234734931,2438.56296059179,1814.15852392559,1170.58040989381,1602.49111362249,1610.26303193195,341.369020687565,1290.05350975691
942.029495966267,662.033482429119,1337.35575056131,926.159891995106,694.343585255933,1731.13814022116,1185.03466661296,1309.2689324419,803.964268176619,748.544625946327,1318.26172348016,364.545603161754,984.230880030121,704.50616803408,600.081299577123,939.259905359471,406.76655079916,1196.11484033122,528.101532006897,1275.09136796631,648.135051961761,1294.40516952344,468.422234734931,2323.53819506584,1120.53503663829,981.350422673459,1557.88217647918,1610.26303193195,341.369020687565,958.29711601471
942.029495966267,441.202490205105,1337.35575056131,926.159891995106,587.279212895611,1285.09467216031,1185.03466661296,571.008475589324,412.58761551898,613.354142818045,1021.16405141573,290.037761729496,886.800531498683,704.50616803408,296.727014998659,654.410076620045,406.76655079916,1172.39970659432,528.101532006897,986.764738180969,648.135051961761,1089.88041359321,352.679930219235,2005.24110767908,388.629566142731,495.344409779995,1183.81613642641,648.06776656764,189.3557402922,958.29711601471
237.684316741193,244.319979889688,858.345106707281,926.159891995106,248.099968275124,829.459003760459,882.518840898289,519.456415521439,268.463582491474,416.118777388787,1021.16405141573,229.825718562246,365.262704202148,652.572501303009,296.727014998659,242.377643779186,319.472651003813,946.774200279667,528.101532006897,353.192562946776,648.135051961761,774.773676415199,259.748464681243,1954.40885221061,175.639035730326,495.344409779995,916.946657384918,265.595406622539,172.694081184075,675.380851946544
158.139101691555,183.33471817872,219.175947615725,552.229843490792,190.687216700047,829.459003760459,288.834758407369,249.843883181681,192.193333041676,180.119519479851,583.477203649008,164.895221644497,247.629428581317,191.754611005519,212.241808239391,180.178342480254,258.30916521484,508.149333813632,293.317345825167,211.44182121936,648.135051961761,774.773676415199,201.48197208719,593.957086153711,167.282359938436,277.010520669432,794.93231607004,163.452602313733,172.694081184075,220.448234159721
156.382221679828,157.556555478063,189.869278548787,164.782786946102,161.919448414999,550.913791725199,161.874415145328,163.829618952707,158.222011978584,154.671087873883,506.093858023065,157.500774949105,161.990020154959,160.096838104346,158.404734589613,154.042315306522,163.739156041938,160.707621327873,169.661350448313,160.281297693929,569.764829130597,568.720688015729,163.322705459845,328.828339219649,158.178499578894,169.199608434198,497.262676525736,153.106971523719,153.202022800671,159.43216741148
152.758346574927,117.540689063894,153.774337163798,153.705728649735,145.860265088435,392.348462882986,150.256640725468,135.863033115929,136.573559820338,151.697493101317,390.463481737531,110.162179372132,146.762146904107,136.67757870017,152.373856115398,149.455611573431,148.94424499114,152.450837312068,137.600562788691,152.091679263109,413.355421891335,391.033001356723,147.191974644295,166.537461796606,149.696700727105,142.674011945871,386.997455837365,152.226562001529,134.574755571557,152.254064591034
16.6063878412028,12.1739967902727,18.7020922683382,26.9320912072062,17.7916644656962,318.719741436106,16.8939493675712,14.7611786887296,12.1857660629867,17.9980077285186,327.111032039861,11.262367722903,14.5387753186214,15.0062589170402,18.5855626736179,10.4100034422668,13.5961306185541,16.8728054894354,11.8418835982111,18.4966238459206,402.002323373193,322.252577610125,13.0360707174518,155.522940890384,11.1485670915713,13.888121642547,321.3904187289,14.4610068977918,10.8282465214115,19.2730025836868
1.61533779661067,0.9801419340547,1.78726208592934,1.75571729792455,0.997645536909658,301.376025709964,0.842607397906249,1.06470358692422,0.534739249442737,1.16482310990432,301.211126178878,0.833850872182666,1.14045545003546,1.02436127299461,2.09018115665913,0.801769665016764,0.739687771676927,1.3509708423594,0.903610483891043,1.54190908039709,400.240358614536,301.651148837181,1.07294389236995,151.272624874082,1.23593961999404,1.00896667100142,300.923423763405,1.44270997368039,1.29349439587577,1.00495595621624
0.0259765558134859,0.0341971170037141,0.0341601365939823,0.0524889254888876,0.0252495666109098,300.023645871637,0.0344334430442359,0.0187311063777997,0.0167155509666372,0.0335623953897084,300.022190915774,0.0151571477549624,0.020317704188983,0.0113573338862807,0.0345467200172607,0.0210782356139134,0.0315406632039412,0.0385902608245487,0.0227175646709838,0.0283482387299046,400.005229112717,300.023928468076,0.0286721599750308,150.568111032067,0.0309023776044342,0.0412100159724105,300.01412722693,0.0342577923165663,0.030198292255136,0.0316465674927713
6.558763789144e-05,4.89099543301563e-05,7.55221963117947e-05,0.000117479215532512,6.74352013447788e-05,300.00008245194,7.56499466660898e-05,3.10334125970257e-05,2.75719589808432e-05,7.9459379776381e-05,300.000101231148,3.40211468028428e-05,4.49729118372488e-05,4.14263445236429e-05,8.80599495758361e-05,6.15672965977865e-05,4.2691148337326e-05,6.76499457767932e-05,6.93624824634753e-05,5.82324532842904e-05,400.00001431261,300.000058604069,9.55843688643654e-05,150.428100317615,3.63948238373268e-05,0.000113898170184257,300.000084137082,0.000125691952234774,7.89036589594616e-05,8.44045816847938e-05
8.20227796793915e-09,3.86580722988583e-09,4.1322891775053e-09,8.60745785757899e-09,6.17365003563464e-09,300.000000005731,5.70480551687069e-09,3.53929863194935e-09,2.76122591458261e-09,8.5969986685086e-09,300.00000000738,2.08683559321798e-09,4.68344296677969e-09,2.16232365346514e-09,8.68703864398412e-09,4.39013092545792e-09,4.24370227847248e-09,4.99312591273338e-09,1.08088897832204e-08,4.33283275924623e-09,400.00000000097,300.000000003212,9.7493284556549e-09,150.427164492545,3.76667230739258e-09,4.68253347207792e-09,300.000000007121,1.41844793688506e-08,8.12542566563934e-09,7.98627297626808e-09
4.54747350886464e-13,4.54747350886464e-13,4.54747350886464e-13,4.54747350886464e-13,4.54747350886464e-13,300,4.54747350886464e-13,4.54747350886464e-13,4.54747350886464e-13,4.54747350886464e-13,300,4.54747350886464e-13,4.54747350886464e-13,4.54747350886464e-13,4.54747350886464e-13,4.54747350886464e-13,4.54747350886464e-13,4.54747350886464e-13,4.54747350886464e-13,4.54747350886464e-13,400,300,4.54747350886464e-13,150.427163809604,4.54747350886464e-13,4.54747350886464e-13,300,4.54747350886464e-13,4.54747350886464e-13,4.54747350886464e-13
4.54747350886464e-13,4.54747350886464e-13,4.54747350886464e-13,4.54747350886464e-13,4.54747350886464e-13,300,4.54747350886464e-13,4.54747350886464e-13,4.54747350886464e-13,4.54747350886464e-13,300,4.54747350886464e-13,4.54747350886464e-13,4.54747350886464e-13,4.54747350886464e-13,4.54747350886464e-13,4.54747350886464e-13,4.54747350886464e-13,4.54747350886464e-13,4.54747350886464e-13,400,300,4.54747350886464e-13,150.427163809589,4.54747350886464e-13,4.54747350886464e-13,300,4.54747350886464e-13,4.54747350886464e-13,4.54747350886464e-13
4.54747350886464e-13,4.54747350886464e-13,4.54747350886464e-13,4.54747350886464e-13,4.54747350886464e-13,300,4.54747350886464e-13,4.54747350886464e-13,4.54747350886464e-13,4.54747350886464e-13,300,4.54747350886464e-13,4.54747350886464e-13,4.54747350886464e-13,4.54747350886464e-13,4.54747350886464e-13,4.54747350886464e-13,4.54747350886464e-13,4.54747350886464e-13,4.54747350886464e-13,400,300,4.54747350886464e-13,150.427163809589,4.54747350886464e-13,4.54747350886464e-13,300,4.54747350886464e-13,4.54747350886464e-13,4.54747350886464e-13
0,4.54747350886464e-13,0,4.54747350886464e-13,0,300,0,4.54747350886464e-13,0,4.54747350886464e-13,300,4.54747350886464e-13,0,4.54747350886464e-13,0,4.54747350886464e-13,4.54747350886464e-13,4.54747350886464e-13,4.54747350886464e-13,4.54747350886464e-13,400,300,4.54747350886464e-13,150.427163809589,4.54747350886464e-13,0,300,0,4.54747350886464e-13,0
