540.663190184928,584.684911379656,575.637162725372,493.458837635981,486.703946106917,493.832378999335,455.739608613983,448.824135434123,410.954956403014,453.299284646243,486.116015172525,516.942308396187,591.413778423899,568.693279292639,540.442012865588,435.951838256633,457.587229726391,484.991846758633,566.892482476714,614.806341261804,489.967849088383,582.080164453652,539.85683095595,427.628832008888,476.418464260404,538.210154050033,494.222315242756,576.875714904475,515.879092212819,526.255217377298
360.291788130264,374.121756233601,350.304147150358,342.002777116122,298.093271257118,346.718400424492,314.559623098204,309.8522153132,318.188478826553,333.67407398076,332.089710288991,355.848473964446,372.505152003576,321.132052904817,341.951221907855,287.978415183062,323.927322201785,303.820840307001,351.310970989425,333.505438918982,337.476694224162,338.442375883176,359.94082516912,331.792544872204,357.131908890047,318.29159460757,340.400616229727,348.34390603943,346.766918505142,350.503977986251
294.232496413408,296.522080627418,293.624043122787,274.815801714124,255.224084632376,280.23089396449,268.307832424276,262.93923547567,263.887308708873,276.866043906664,268.936110148774,294.752764688069,308.550626433337,271.528130736691,275.970730498239,256.442687343237,272.105176085931,261.79686461565,285.021160270934,285.651748049665,283.636294589529,275.55658276809,294.979453218308,281.664873289195,297.192947095064,262.503075438706,261.272764246949,298.501319424382,278.280261891351,299.198975523273
248.354393419922,263.899937873064,252.364663598734,251.526890728579,243.557393555177,245.646092815237,243.676777916956,245.550773499971,255.442219007523,242.464378193597,237.9571385172,244.723230564807,254.721749699845,240.940736245874,233.40080217288,241.798953101451,251.258305127451,244.637069517451,242.322641521922,261.997972143232,241.88127336432,244.058563127386,254.113888030914,243.694798976589,276.31801158152,233.993843016548,235.292675219286,241.917951104541,256.917590535435,246.709491014163
244.312983682843,262.834554503386,250.05321604234,250.804930075577,243.013842455315,244.116662410938,243.235321434589,245.323948603494,255.287123427295,239.785383580761,237.046526306899,242.921254486724,253.769434260875,240.243355970495,232.182957346793,241.471639136178,250.903827217114,244.330036538964,241.614166807174,261.574697005311,240.837070281748,242.818365180502,252.720653704493,242.741599736541,276.033744921619,232.877187348464,234.42908035146,239.338008551242,255.227608100183,241.967186992681
244.312761735832,262.834472965319,250.052653687053,250.804749863078,243.013797827345,244.116604686862,243.235289780055,245.323947051794,255.287119235599,239.779274365719,237.046497458757,242.921106564665,253.769401166474,240.243229190387,232.182819326609,241.471633384399,250.903811984162,244.330023843156,241.614163333674,261.574674690821,240.837041984504,242.818276937703,252.720432329242,242.741461840179,276.033742582789,232.876838423211,234.429032976316,239.337864299715,255.227517206842,241.96355273025
244.312761735832,262.834472965319,250.052653687041,250.80474986306,243.013797827345,244.116604686862,243.235289780055,245.323947051794,255.287119235599,239.779274336071,237.046497458757,242.921106564664,253.769401166474,240.243229190379,232.182819326603,241.471633384399,250.903811984162,244.330023843155,241.614163333674,261.574674690821,240.837041984504,242.818276937703,252.720432329239,242.741461840175,276.033742582789,232.876838423133,234.429032976316,239.337864299714,255.227517206842,241.96355272776
244.312761735831,262.834472965319,250.052653687041,250.80474986306,243.013797827345,244.116604686862,243.235289780055,245.323947051794,255.287119235599,239.779274336071,237.046497458757,242.921106564664,253.769401166474,240.243229190379,232.182819326603,241.471633384399,250.903811984162,244.330023843155,241.614163333674,261.574674690821,240.837041984504,242.818276937703,252.720432329239,242.741461840175,276.033742582789,232.876838423133,234.429032976316,239.337864299714,255.227517206842,241.96355272776
244.312761735831,262.834472965319,250.052653687041,250.80474986306,243.013797827344,244.116604686862,243.235289780055,245.323947051794,255.287119235599,239.779274336071,237.046497458757,242.921106564664,253.769401166474,240.243229190379,232.182819326603,241.471633384399,250.903811984162,244.330023843155,241.614163333674,261.574674690821,240.837041984504,242.818276937703,252.720432329239,242.741461840175,276.033742582789,232.876838423133,234.429032976316,239.337864299714,255.227517206842,241.96355272776
244.312761735831,262.834472965319,250.052653687041,250.80474986306,243.013797827344,244.116604686862,243.235289780055,245.323947051794,255.287119235599,239.779274336071,237.046497458757,242.921106564664,253.769401166474,240.243229190379,232.182819326603,241.471633384399,250.903811984162,244.330023843155,241.614163333674,261.574674690821,240.837041984504,242.818276937703,252.720432329239,242.741461840175,276.033742582789,232.876838423133,234.429032976316,239.337864299714,255.227517206842,241.96355272776
244.312761735831,262.834472965319,250.052653687041,250.80474986306,243.013797827344,244.116604686862,243.235289780055,245.323947051794,255.287119235599,239.779274336071,237.046497458757,242.921106564664,253.769401166474,240.243229190379,232.182819326603,241.471633384399,250.903811984162,244.330023843155,241.614163333674,261.574674690821,240.837041984504,242.818276937703,252.720432329239,242.741461840175,276.033742582789,232.876838423133,234.429032976316,239.337864299714,255.227517206842,241.96355272776
244.312761735831,262.834472965319,250.052653687041,250.80474986306,243.013797827344,244.116604686862,243.235289780055,245.323947051794,255.287119235599,239.779274336071,237.046497458757,242.921106564664,253.769401166474,240.243229190379,232.182819326603,241.471633384399,250.903811984162,244.330023843155,241.614163333674,261.574674690821,240.837041984504,242.818276937703,252.720432329239,242.741461840175,276.033742582789,232.876838423133,234.429032976316,239.337864299714,255.227517206842,241.96355272776
244.312761735831,262.834472965319,250.052653687041,250.80474986306,243.013797827344,244.116604686862,243.235289780055,245.323947051794,255.287119235599,239.779274336071,237.046497458757,242.921106564664,253.769401166474,240.243229190379,232.182819326603,241.471633384399,250.903811984162,244.330023843155,241.614163333674,261.574674690821,240.837041984504,242.818276937703,252.720432329239,242.741461840175,276.033742582789,232.876838423133,234.429032976316,239.337864299714,255.227517206842,241.96355272776
244.312761735831,262.834472965319,250.052653687041,250.80474986306,243.013797827344,244.116604686862,243.235289780055,245.323947051794,255.287119235599,239.779274336071,237.046497458757,242.921106564664,253.769401166474,240.243229190379,232.182819326603,241.471633384399,250.903811984162,244.330023843155,241.614163333674,261.574674690821,240.837041984504,242.818276937703,252.720432329239,242.741461840175,276.033742582789,232.876838423132,234.429032976316,239.337864299714,255.227517206842,241.96355272776
