1972.30051154708,1785.07672638765,2724.1273035779,920.806977803521,1534.89654128194,1339.73158452932,642.716426440362,892.870033096255,2872.40311237237,2286.69459501406,1397.85763145235,1261.82226726613,1538.96303617449,458.253164145875,912.185217305186,1395.79686463155,715.619471669368,1618.50217630104,960.416716669382,3670.39122032071,3377.57191503112,1087.73303688014,950.642109845512,320.608304426645,1522.00813542367,2572.78704719703,1200.49805605571,1157.9548051355,596.625969046099,367.572911828045
1127.89972311595,1785.07672638765,618.011149306035,920.806977803521,1534.89654128194,1339.73158452932,642.716426440362,892.870033096255,2872.40311237237,1064.99270442296,1397.85763145235,1261.82226726613,1538.96303617449,458.253164145875,912.185217305186,970.641938732113,715.619471669368,1618.50217630104,802.385091179441,2036.73694024023,2716.81256671186,1087.73303688014,950.642109845512,277.499096725756,1120.92370268369,1879.58085651059,1200.49805605571,1157.9548051355,596.625969046099,367.572911828045
1127.89972311595,597.034083983664,618.011149306035,920.806977803521,813.739044302102,658.103047282717,642.716426440362,562.252696687159,801.404692111535,1064.99270442296,1117.95346261917,878.832420368037,678.604626028587,458.253164145875,752.642370121701,613.624360383506,369.979044012915,1127.51438637124,438.181169695629,2000.62677334388,1174.51111262153,398.252838000788,539.038044654805,277.499096725756,980.228613047074,1237.13276162768,494.039496369532,797.474617353982,596.625969046099,367.572911828045
1127.89972311595,571.552721294359,380.087089577954,577.826291282024,259.283147957012,658.103047282717,365.151197448211,562.252696687159,430.797899702424,671.531770839801,656.398219384309,306.099529077972,678.604626028587,398.265339264692,752.642370121701,613.624360383506,369.979044012915,315.594605803404,438.181169695629,595.054129863982,577.475457192743,398.252838000788,483.740186023773,277.499096725756,912.516457086718,1237.13276162768,276.551061116915,546.756969861626,525.561998008153,367.572911828045
1127.89972311595,300.599157453023,206.717555212739,435.727972422063,209.899536925082,658.103047282717,97.7257200276903,309.828822066526,408.298172840477,306.084192957792,493.55186172603,201.763774839814,467.917402733733,345.9959689605,453.660109679034,194.910484340528,258.434804738699,151.695739316123,329.155388730308,373.529006973899,577.475457192743,302.615755822184,312.029807085079,195.622038176391,636.935934570952,1060.33015078408,192.445287229407,297.646313765409,105.85785919378,204.938185839169
300.273809945757,196.753702214845,193.184275527557,174.666320574861,150.97865246719,256.636183113462,97.7257200276903,203.033274109268,408.298172840477,177.771887938171,412.219310438236,119.275925793153,389.851557267002,201.76838794579,223.622218584642,194.910484340528,92.2953577843806,150.017157401912,280.522524092441,247.500334951463,154.136615977261,159.17470485349,138.249510696037,136.010506728024,208.798297925006,231.105090139521,140.155522797852,297.646313765409,105.85785919378,204.938185839169
149.331965180884,77.0856770761859,86.6529819789424,82.3021795903127,108.163809521719,89.2345890055669,88.9443515218414,138.473273886859,79.4465949733359,105.228601322057,103.125421259955,68.5314192760908,150.661725479288,97.7762190474509,130.04826371058,117.691530337478,92.2953577843806,79.2667313835581,110.573361722021,73.4796453385117,64.1278247612577,94.8309258599509,58.2696183722003,47.1115063306767,66.7894078668178,77.4125642127161,108.577407095035,100.906340470278,99.3790011842623,69.1482533135845
75.9496823909498,36.5305784192736,35.3854730549392,72.8116149049722,80.5813692215086,70.2411214538758,71.5160748431821,47.7754220857181,77.7451636410825,25.2366588044605,61.3280228273107,17.3994544873615,82.7229657571928,78.0580408124994,69.5686555262283,30.2716820124531,33.6990100492684,30.9073431177302,66.0048774623263,68.0057354671836,55.2587941645659,45.3526477236656,30.8147294287008,14.8048656004733,16.6584326844854,16.5704021675026,34.1514084423729,64.6636707939985,49.41284600124,52.4145888543308
15.3420455147572,4.94600905052062,5.07191688797701,16.1381031778079,1.39441431029155,5.50938897229292,8.03845271843562,2.54223578753619,2.49995835363688,1.51896650517602,8.99437232947429,9.56685956675727,6.64267207792415,2.9693817010446,11.1191220582629,2.41494064717523,1.24728605246423,6.79651188945627,5.76333007831784,1.48930206626699,5.17948320016666,2.63161390246603,3.40845689233976,9.1884036714834,9.96434887151747,0.843179996467768,10.1420547226817,3.7161611579541,1.42749574817816,2.4327989967781
4.24239235501716,4.16598239209725,0.312262021524873,4.25669438965906,0.279938662333109,4.29978428849455,4.12654990658865,0.221984382849598,0.0310996068303098,0.124165362757651,0.333690059726223,8.93273029067905,0.193502375783055,0.190662802299244,0.272967723221143,0.313404036432416,0.224572245502713,4.72243982201343,4.14285665412604,0.228401151600735,4.15595329982585,0.254280338752949,0.431176768107036,8.95170680256672,8.94430238338134,0.0634921048186925,8.94987721568748,0.41940283762807,0.0978110248688608,0.322652985804098
3.98894255101118,3.9866707897371,0.000476198648470927,3.98678246507575,6.09337188848258e-05,3.98668611383948,3.98671238656419,0.000255115582547205,0.000101987126242875,2.76477899205929e-05,0.000364993066568786,8.91614752018791,0.000150440559536946,0.000282581943395144,9.04228796798634e-05,0.000398362908185845,5.6095763511621e-05,3.98678749784068,3.98697272876728,7.0491174540166e-05,3.98664978947022,0.00019088752259222,0.00074565196354115,8.91634297230434,8.9163172157368,3.35084815219489e-05,8.91647749189707,0.00140805999143367,7.89844905284554e-05,0.000489965001122528
3.98657915872406,3.98657911717817,1.64907874022902e-08,3.98657913818653,7.94392462921678e-09,3.98657912551471,3.986579116749,1.1660915788525e-08,6.18825879428186e-09,5.42405587111716e-09,2.2060362425691e-08,8.91610193942262,4.0715235627431e-09,6.93989932187833e-09,1.20600702757656e-08,1.76647176886036e-08,6.43046860204777e-09,3.98657912985522,3.98657912930224,2.45788100983191e-08,3.98657912570872,6.58116050544777e-09,2.37812400882831e-08,8.91610202710427,8.91610199185158,1.83899828698486e-09,8.91610199531743,2.13453859032597e-08,4.00518729293253e-09,1.0902567737503e-08
3.98657911234716,3.98657911234716,0,3.98657911234716,0,3.98657911234716,3.98657911234716,0,0,0,0,8.91610192778131,0,0,0,0,0,3.98657911234716,3.98657911234716,0,3.98657911234716,0,0,8.9161019277816,8.91610192778148,0,8.91610192778148,0,0,0
3.98657911234716,3.98657911234716,0,3.98657911234716,0,3.98657911234716,3.98657911234716,0,0,0,0,8.91610192778131,0,0,0,0,0,3.98657911234716,3.98657911234716,0,3.98657911234716,0,0,8.91610192778131,8.91610192778131,0,8.91610192778131,0,0,0
3.98657911234716,3.98657911234716,0,3.98657911234716,0,3.98657911234716,3.98657911234716,0,0,0,0,8.91610192778131,0,0,0,0,0,3.98657911234716,3.98657911234716,0,3.98657911234716,0,0,8.91610192778131,8.91610192778131,0,8.91610192778131,0,0,0
3.98657911234716,3.98657911234716,0,3.98657911234716,0,3.98657911234716,3.98657911234716,0,0,0,0,8.91610192778131,0,0,0,0,0,3.98657911234716,3.98657911234716,0,3.98657911234716,0,0,8.91610192778131,8.91610192778131,0,8.91610192778131,0,0,0
