629281426.32654,660961640.296697,722772249.101144,618963048.546107,1475990308.47476,1161624157.03136,45075868.0358147,453313190.404004,762923742.462337,162759063.605022,724988601.064276,2321151518.65077,1427993668.31938,374933388.487734,1272180381.63745,730673793.960888,472566436.671229,445575709.513064,552955863.973175,531756164.086422,287994937.455855,877412532.717706,324504572.637757,812977894.622335,354055126.629197,276045775.958611,173095039.621829,213311605.792948,293219318.774114,603281699.99343
629281426.32654,660961640.296697,605360663.254479,417947597.547919,1323572991.05793,596228460.534646,45075868.0358147,127882611.217382,762923742.462337,162759063.605022,724988601.064276,2105226776.60399,341832594.394546,374933388.487734,1272180381.63745,730673793.960888,472566436.671229,445575709.513064,552955863.973175,463735888.008161,287994937.455855,762685313.490219,99697412.8134479,812977894.622335,354055126.629197,276045775.958611,173095039.621829,213311605.792948,196056083.581315,603281699.99343
116999367.507102,222245919.810026,143865299.8018,380183484.956619,1202263052.16462,393358469.852028,45075868.0358147,127882611.217382,70445579.1015819,13716131.1621195,38285660.2547014,354871769.563536,331264348.820693,254227524.773825,585053174.849586,121778309.759363,472566436.671229,299297390.843857,718297.099026286,331448201.215623,287994937.455855,116110526.979678,42754753.6550865,602749876.12846,174086081.840907,276045775.958611,44513841.7173087,184642662.516543,196056083.581315,603281699.99343
104984702.10677,173535141.638262,41570337.633918,57029188.6403687,563382271.153683,393358469.852028,45075868.0358147,127882611.217382,47089597.8436908,13716131.1621195,38285660.2547014,354871769.563536,236430693.499298,70503155.2839732,585053174.849586,121778309.759363,22561280.7500567,299297390.843857,718297.099026286,241799781.126217,287994937.455855,116110526.979678,42754753.6550865,172374039.29882,52044835.3680543,118708983.587698,44513841.7173087,184642662.516543,196056083.581315,33984406.5597167
35184361.3259748,52255436.8648117,41570337.633918,5596417.37565845,156890878.618659,26177321.8713911,45075868.0358147,127882611.217382,23492139.7354572,13716131.1621195,35815652.127995,354871769.563536,22310369.5580619,56478468.9918162,91606125.5496956,40481433.7275511,22561280.7500567,167986831.784939,718297.099026286,95287253.5385724,39337862.4134205,57256879.995263,42754753.6550865,59289261.8990764,52044835.3680543,118708983.587698,38137504.3645949,184642662.516543,135684364.817119,33984406.5597167
9794613.17162398,14365725.8983364,12883881.3580367,5596417.37565845,12775040.5611402,26177321.8713911,45075868.0358147,17509187.6698731,13552931.6726678,9040209.93037063,13704901.5833481,46858803.4846302,13881564.7987548,9147574.35420093,7562851.45839792,1757853.07429952,22561280.7500567,74480494.8682967,718297.099026286,95287253.5385724,17160514.9536436,4743283.71263908,6850190.43057998,33980858.5222723,20190749.2257227,30592820.582246,17576562.9572579,20451577.1872189,29040680.4732436,32972789.9977142
7029003.27325118,26997.2797033636,1879253.27363579,1444607.36528688,1233334.23176428,22883568.487301,4166312.86585191,4756418.64459019,1582991.78159562,4869209.43952422,2689789.0349872,5492000.22268843,5461991.61050717,1237472.9131479,2769797.67048458,1724939.06895988,14651740.2521576,4929686.89415613,718297.099026286,2702968.64453948,1767012.6804181,963115.288643266,1507336.29588103,2752959.5175428,3199704.92502554,2992129.57346295,54989.3956274743,5873420.33209746,1183227.46458173,111779.760341663
504553.777313462,26997.2797033636,477092.921372117,239408.045336781,626224.453007209,909658.770887492,1734363.01512406,294737.08897368,36493.9370332769,198247.511920854,142844.528649542,311853.490794343,523343.147009494,498619.490771169,345865.729764945,379594.001658049,160600.081817672,307561.517053786,129411.682732195,150695.857293418,261843.058162698,301029.348253025,1432658.04280892,201096.469440728,498204.589493414,397187.209330296,54989.3956274743,391498.783782661,40653.8839908493,111779.760341663
5662.54800797299,22115.9298433759,3685.04908411169,2851.6203847567,7777.63894084707,1255.31227459547,14155.0780906494,21363.4818913636,4070.42702905891,12736.1254093889,6556.89178751388,17175.8188496674,2546.45369597608,5639.49507299619,2483.2403296289,1584.09622746593,4465.37290242828,4026.57900476163,2451.05472186268,8249.22594871243,10238.9391371452,2635.00011043769,1109.49232380368,11319.649056955,7106.98117111068,6412.70945883066,10377.5048835083,12028.2280081645,2775.80205045524,6089.01368232209
154.483348850195,145.920624147207,196.879547551728,78.9384055021521,114.038600940842,142.630827175881,114.513444153241,115.269384063154,90.072618915093,88.7485313134634,193.879774624906,63.7145378996197,186.154446587902,174.251160719337,81.5714743623998,94.964687458672,68.6315429858469,108.568907969701,169.524308188718,122.747988616088,47.9052821659432,145.539692247624,111.847835474436,164.993706084849,160.046906668553,210.667800129708,98.2028547981649,105.102288447724,330.140029594929,86.8033674374535
10.5591721199169,28.776272614462,13.0435914988082,3.4893473100974,4.91108082121582,25.2039548328482,23.8421584842197,7.44363407908645,8.21811254384897,20.1051671182668,13.2797884774925,8.27157519901039,40.9139746892442,16.4747599937152,10.8308146427946,3.09395131676456,12.691766066459,20.5224406126276,3.01286302447261,6.29366675116262,21.9193644764159,49.1640342883084,18.7215092801518,6.04830414402522,9.30932643270307,12.4682353020278,7.77210275386165,38.4460259631137,21.6142745266002,19.1567705733314
2.15283968424137,10.0380897764164,2.55693066534445,1.26339293580008,4.22013118023756,10.0728085751412,5.26661284967759,4.18249000085484,5.23962778170289,16.0181096917902,9.11570151603723,2.32088769601137,16.1132978360297,2.36745304265924,1.18964184215179,2.3616594208072,4.35377350608974,2.17623833360176,1.44851915847676,5.14135660875104,5.03433461722852,48.137585994006,17.0025378631265,5.12206033628718,1.23444375339091,5.37597902662333,1.06992261397454,8.09795190804653,5.47534026699441,2.32380214381942
2.11076425494366,10.0052042465713,2.48456078742015,1.23362410176105,4.19817717823798,10.0355568182888,5.22694080346992,4.13155707070382,5.20365890232392,15.9947427132493,9.08165831343649,2.27778980499102,16.0619498261658,2.32820564453436,1.15509366860397,2.34948319999307,4.3075753101275,2.13416247338841,1.29866370396053,5.11754880165813,5.00381733873314,48.1373891993987,16.9914748513793,5.10449507696899,1.17039496531902,5.36452301592703,1.04805452190044,8.05847344285417,5.47479024534437,2.28654621949249
2.10993556289577,10.0046449076822,2.48433328379042,1.23319312451463,4.19794544182173,10.0339150529542,5.22640465628228,4.13092226395474,5.20314929295932,15.9945107226897,9.08111550890749,2.27693077433742,16.0613141833378,2.32734526740091,1.15453288101753,2.34921383410142,4.30724518974216,2.13307888829218,1.29569884531929,5.11714870860442,5.00339453531024,48.1373891986295,16.991277742371,5.10429083497866,1.16939687338368,5.36414832092942,1.04773573604712,8.05767515329785,5.47479024534437,2.28611206402297
2.10993329795588,10.004643544308,2.48433299406815,1.23319251117709,4.1979446021096,10.0339127330471,5.22640348120422,4.13091980496097,5.2031481933227,15.9945089170187,9.08111453702031,2.27692944960745,16.0613108107298,2.32734365566307,1.15453152350346,2.34921331569876,4.30724379550998,2.13307619165766,1.29569474724849,5.11714740258503,5.00339272628321,48.1373891986295,16.9912772207822,5.10429040217878,1.16939451570715,5.36414807030769,1.04773467070322,8.0576723592244,5.47479024534437,2.28611112111571
2.10993319552426,10.0046435296306,2.48433283570193,1.23319223135809,4.19794450263112,10.0339127169866,5.22640343304874,4.1309196643133,5.20314791883584,15.9945088448121,9.08111442016116,2.2769294297666,16.0613104083236,2.3273435558915,1.15453145418564,2.3492132004028,4.3072436483933,2.13307612089125,1.29569440324371,5.11714737036323,5.00339271359212,48.1373891986295,16.9912772138191,5.10429027710961,1.16939448766561,5.36414795762266,1.04773466841084,8.0576723352151,5.47479024437621,2.28611105600294
