106.510850568972,120.081299891561,124.823803994643,114.53352159798,123.929813519321,97.2229917454461,87.9616136615109,112.227064390624,91.5625519152063,108.303381739913,117.158708422631,156.173422014871,107.9024132346,106.39071393087,61.0268166083911,100.75094890117,112.311208391881,57.7211962500146,116.634283384182,122.267264097026,89.0598280308159,110.310293767811,86.1022246625021,106.603651048938,104.517860487831,94.7722281317929,111.168556333216,128.699848625811,85.2392488106557,94.3938994950049
63.116717726467,86.5674583668206,87.9839535090023,81.6168469794588,117.888028881594,92.9534355346641,78.2828445765294,79.2114600596433,86.2787967837817,74.2530308517194,88.8855733094756,123.959664317151,98.5305899441946,96.1929999668982,61.0268166083911,82.1418922371067,75.8853243131052,57.7211962500146,77.5101307771852,63.5814804472675,71.2365940450859,95.9855302736587,77.5269203943776,87.867883388918,92.0163379133414,86.1620177680147,72.0266391451564,85.3507569881681,65.334014611416,94.3938994950049
62.3370568111313,67.1236869420622,51.0402473644513,81.6168469794588,78.9284396933053,63.0589634101784,66.1572571896918,79.2114600596433,70.9309984194533,74.2530308517194,56.6207768916001,64.6596014158231,59.9066762855441,94.0334060540763,51.1186168919317,73.1398220690098,75.8853243131052,57.7211962500146,57.2399187195088,63.5814804472675,71.2365940450859,91.3869281644616,71.397356250307,81.8588852652606,75.2648897461454,65.1931836138624,72.0266391451564,79.6918433469423,55.3476326986056,57.1256389028858
60.9900038822252,50.931687276252,46.43170831115,62.4033050556741,67.198438185661,44.0553722994739,62.201372119835,54.8509440737544,41.2132386486812,63.6302379157696,56.6207768916001,64.6596014158231,58.4744885825912,75.7283355632217,51.1186168919317,60.2443305156521,39.3333160342145,54.2309829039527,57.2399187195088,63.5814804472675,63.1026791554427,66.669600901937,54.7359249135307,59.356702198922,71.905163192846,65.1931836138624,25.5824141233243,65.8341237328177,55.3476326986056,54.1046804096636
40.1155298926776,26.811871448921,22.3860538622623,40.7833913759137,29.2336343093459,27.8977555323645,52.7620501830729,28.0592775478856,26.9092638413076,39.8834149146733,30.8867242082438,48.4669905278943,52.8630944275583,36.699324213107,41.0862896098199,30.1603180264726,31.6480665769257,27.1832946439622,29.7183294430702,26.3518157479855,38.5598969668692,29.8911695094471,30.7047056974905,28.0924570641071,33.7411735422347,30.3072155127131,24.8561976141589,31.3521313871897,26.9122422521086,29.8894919258428
5.30891776871044,22.4898743737469,2.05078533322649,6.98571077455767,21.5205142605644,5.16377602501962,23.2344109288524,22.0855723282179,21.5605759387654,25.3283572456005,22.2879889152346,13.4460998725835,23.9217256834709,1.03317018089547,5.20866307252527,3.07743826779574,23.4866212154686,21.8228938486566,2.72334549643506,22.2197403714724,22.978110971874,2.65300834228765,22.2021515601057,22.7487534352031,2.34722586993348,21.8013307160477,0.635302037520205,3.76709549458769,3.82832575716725,2.94315489388873
0.00182835462169351,21.8829371370825,1.98995092386645,2.07747183739207,21.5205142605644,3.67931790939042,20.9944950182512,20.9545820344147,21.5605759387654,21.8040410563251,21.5244518904803,1.62060074034775,23.6650864523242,0.994974211837643,2.61445404140727,1.63747687179784,21.9368613623797,21.2012706120015,1.99014456211989,20.3408122720357,21.4286510977608,0.000596339597450424,21.8002614764346,22.7487534352031,0.624346339887552,20.6262113826863,0.624105947613089,0.625104970166376,2.73478122523215,1.81074788659203
8.09601488072076e-07,20.980157010378,1.98991812088252,1.53414502927149,21.5205142605644,2.61489975570248,20.2793304926422,20.9545820344147,21.5605759387654,20.1141722149516,21.5244518904803,1.61905907052028,22.9008369901117,0.994959066012598,2.61401761995535,1.02792035566949,4.13049852072186,20.5012847068156,1.98991817803608,20.102933175566,21.4034286274248,2.02958517547813e-07,20.9593035464572,22.7487534352031,0.624099390249512,20.6262113826863,0.624099324021699,0.624099632307662,1.61969238819552,0.000135450210336785
3.18891579809133e-09,20.7548400753101,1.98991811826772,1.21452864935054,21.5205142605644,2.61401808812184,20.1686425110033,6.26822381073634,21.2360154971996,20.1141722149516,21.5244518904803,1.61905838147118,22.9008369901117,0.99495905819208,2.61401743653164,0.768812073995605,2.03830122339696,20.106958919848,1.98991811793485,20.1002345179279,20.7881907384831,3.24280335917138e-09,20.9593035464572,22.7487534352031,0.624099323982591,20.6262113826863,0.624099321222275,0.624099322708389,1.61905872985494,1.01750401881873e-07
3.18891579809133e-09,20.7145828465912,1.98991811622273,1.21452864935054,21.5205142605644,2.61401743879378,20.1627576677624,0.312599394119161,21.2360154971996,20.1015733160446,21.4573102367469,1.61905837836116,22.9008369901117,0.99495905819208,2.61401743653164,0.656887649032342,1.26620552934128,20.0855874619822,1.98991811793485,20.0809109252382,20.7282620969956,2.52543941314798e-09,20.9593035464572,22.7487534352031,0.624099323982591,20.363767437221,0.62409932078549,0.624099322708389,1.61905837993959,1.64436642080545e-09
3.18891579809133e-09,0.75793407101628,1.98991811438373,1.21452864935054,21.5205142605644,2.61401743879378,20.0886715108941,7.59805725465412e-05,21.1862778776958,20.0905937803225,21.2680961813924,1.61905837784525,22.5601485092909,0.99495905819208,2.61401743653164,0.471898489324531,0.62490232236064,20.0509870519809,1.98991811493784,20.0705275469243,20.7282620969956,2.52543941314798e-09,20.9593035464572,3.80385881350594,0.624099323982591,20.363767437221,0.62409932078549,0.624099322159964,1.61905837993959,1.26169652503449e-09
3.18891579809133e-09,0.757077313184709,1.98991811421411,1.0805851227401,21.3435570855825,2.61401743867441,20.0886715108941,2.90997377305757e-08,21.1862778776958,20.0755833875594,21.2680961813924,1.61905837784525,22.5601485092909,0.99495905819208,2.61401743653164,0.471898489324531,0.624099713424584,20.0509870519809,1.98991811432347,20.0705275469243,20.7282620969956,2.52543941314798e-09,20.9593035464572,1.61912900947459,0.624099323982591,20.363767437221,0.62409932078549,0.6240993217491,1.61905837993959,1.09503162093461e-09
3.18891579809133e-09,0.757077266508304,1.98991811420592,1.04439411192129,21.3435570855825,2.61401743704846,20.0872578780366,4.0870418160921e-09,21.1862778776958,20.0755833875594,21.2680961813924,1.61905837771405,22.5601485092909,0.994959058120003,2.61401743653164,0.471898489324531,0.624099322950087,20.0509870519809,1.98991811428459,20.0555962534972,20.7282620969956,2.52543941314798e-09,20.9593035464572,1.619058413017,0.624099323982591,20.363767437221,0.624099320687492,0.6240993217491,1.61905837993959,9.98397808871232e-10
1.5404566511279e-09,0.757077722223357,1.9899332865084,5.81484712724659,23.8826237960966,2.61401743545889,20.3993917721791,2.0258994481992e-09,24.1526972509064,20.3779399376983,25.9289378500071,1.6190583776372,26.3944178775137,0.994959057952428,2.61401743605256,1.64485260294737,0.624099322528991,20.5938208204329,1.98991811424958,20.3860094856034,20.8222367446051,2.20529727812391e-09,21.9751376781348,1.61905837995687,0.624099322769098,22.8227116145151,0.62412449380372,0.624099320844607,1.61905837889094,8.61291482578963e-10
