221.000055293278,183.158058014928,97.5224608187686,228.205276373102,361.678504752009,178.616519723496,180.262315865195,65.5405857812061,256.44807426248,260.24186184876,337.028082452782,207.978113707977,477.84959859141,185.255645364756,188.589180622563,89.3619816420146,462.577930723115,622.633637026554,342.080726809353,203.532157840044,144.18026768581,158.242939178542,58.2681724462718,363.716284880655,270.37620848471,215.787167694448,189.428642125588,141.532889394193,448.622308548743,392.249761134069
221.000055293278,183.158058014928,97.5224608187686,228.205276373102,361.678504752009,178.616519723496,180.262315865195,65.5405857812061,157.001945577607,223.336307514828,337.028082452782,207.978113707977,299.676849083356,181.998301170767,179.176961096008,89.3619816420146,295.736530930356,622.633637026554,342.080726809353,78.5987564957381,144.18026768581,120.231295847949,58.2681724462718,160.146723698629,270.37620848471,215.787167694448,189.428642125588,141.532889394193,350.172619051576,392.249761134069
128.452104648288,150.036274426448,97.5224608187686,228.205276373102,76.7661991662885,79.7310987916549,180.262315865195,65.5405857812061,92.6629740816675,93.5371175466757,49.6919179815691,121.666165167258,299.676849083356,181.998301170767,179.176961096008,89.3619816420146,167.119309172107,186.456705484612,273.779082988451,78.5987564957381,122.002668662126,115.269709920065,58.2681724462718,132.365924033198,270.37620848471,93.6185504029327,189.428642125588,96.3863031988717,275.901557085937,210.682587151943
53.6519077427652,150.036274426448,77.7187863913714,153.092408245299,65.6030274202258,42.6950201824134,68.6554285572965,65.5405857812061,65.0658459500332,66.4496641986129,49.6919179815691,95.9311925712732,83.4238180390257,67.740522485708,179.176961096008,89.3619816420146,70.0518588874029,186.456705484612,273.779082988451,56.2227204147657,122.002668662126,115.269709920065,58.2681724462718,132.365924033198,237.431655971229,93.6185504029327,132.989726491611,96.3863031988717,275.901557085937,210.682587151943
53.6519077427652,60.2290567324558,42.883417975565,47.5344665894222,65.6030274202258,42.6950201824134,42.4312386132424,65.5405857812061,49.537269950637,57.23345598081,49.6919179815691,95.9311925712732,64.7634462070992,67.740522485708,66.7590411638535,85.9698246036119,70.0518588874029,186.456705484612,80.3257130592701,56.2227204147657,56.6843263380301,115.269709920065,58.2681724462718,79.543708070807,211.544928816242,74.835818917883,80.6723501032038,96.3863031988717,81.339420275724,118.917755241858
53.6519077427652,60.2290567324558,42.883417975565,36.4228795980039,57.3535879882052,42.6950201824134,42.4312386132424,65.5405857812061,49.537269950637,52.0367969131053,35.6539126420921,63.8111107173004,64.7634462070992,67.740522485708,66.7590411638535,42.38494732352,58.8811505165058,88.2816992756143,37.1600792708705,42.4536977342686,56.6843263380301,60.5605650779244,35.4365696287209,54.3229142120799,190.563467190447,41.0538807302783,56.2134359725387,40.132335954655,69.4346932022618,65.5074900788741
45.2549466085993,45.3157107247457,40.5392222567657,34.5237528899056,37.799188606913,39.9221974203319,42.4312386132424,46.6361320503356,41.1389313216309,52.0367969131053,35.0305796204102,41.393409948419,41.5774668668,39.2358850585797,59.8743275144025,40.6304816811189,38.7862334392385,37.0233490549449,37.1600792708705,42.4536977342686,48.0819731222091,52.2172233895294,35.4365696287209,43.4210619005271,46.3540796427724,36.4581435132477,56.2134359725387,40.132335954655,46.1017565379298,38.4045343944413
38.4586907413004,36.3934454094501,33.2402647630061,34.5237528899056,34.6618196383752,34.0628547620208,32.4193726891936,38.462689348622,35.8420878051129,32.6598721431906,35.0305796204102,35.2395230885468,35.6759393814095,39.2358850585797,34.0088343392149,33.701491765401,36.4234154242249,34.659645904128,31.536901559698,36.1749517856788,35.2014285071414,42.0538423282519,31.7222819511517,33.8710199324919,38.3992399574981,35.617344955213,38.3308982689846,36.618391633855,33.6444343870485,38.4045343944413
30.3365420070108,33.7277478601859,32.3467271732375,31.9899672222509,34.6618196383752,32.9904593382912,27.3336141931372,32.1426160741435,29.8623381556072,32.4157268728604,32.8256608296588,35.2395230885468,31.258039801291,34.0483083374525,33.0122841446405,33.1706681121268,31.5350219496786,32.3877185084521,31.536901559698,29.0192772428272,30.8136017154425,30.3876645953765,28.4045788052968,32.0886927055558,32.2198757900401,32.1175654998333,33.8781342158263,32.0426254842864,33.6444343870485,37.0631620486743
30.3365420070108,24.530477070065,29.3229639396982,26.798363134782,30.8181157581394,22.3551104823237,27.3336141931372,28.2418653765308,12.668025248463,30.512191031939,31.9359659922934,28.5737548880948,31.258039801291,30.8424043430859,33.0122841446405,28.941845243543,22.3334681992692,32.3877185084521,27.3218094780714,29.0192772428272,29.2774693755273,27.9789558982447,23.9773577320661,30.4334691168383,28.813923432383,32.1175654998333,31.0442387078238,32.0426254842864,23.4506647619282,21.3311443478892
25.1710045658724,24.530477070065,22.019833211556,23.6758539743237,30.8181157581394,22.3551104823237,15.0305739091414,28.2418653765308,9.38691246827193,24.735283506734,31.9359659922934,26.1134902639669,27.2512041011933,28.1817305307741,25.5493801901762,23.4107445298901,22.3334681992692,32.3877185084521,25.5263210754124,12.2742131166638,29.2774693755273,25.847476959701,14.3980196453922,29.6578767158721,25.7309538771437,28.6778666144114,30.0526362632545,25.9023299665041,15.0605009659353,8.35762378510344
15.2108037741132,24.530477070065,9.2268424381009,15.0750279262415,27.4455244926289,17.940466923339,6.97186481222616,22.0625745127454,5.28825946370898,24.735283506734,23.166273591939,23.1601375565024,23.0756943585875,24.2697644498057,24.676215854789,23.4107445298901,12.6582427574203,13.8757090013032,25.3522319076092,10.5724626153865,25.7827748139953,24.9632292417459,8.90869291009312,11.8520878885661,19.7726368500298,28.6778666144114,16.3711294127907,25.2568826152774,8.19238785166817,7.63225300458453
8.53790715283139,11.4945784721349,6.49768194906937,7.08070486533234,6.13458613037392,5.8828836848279,5.14742153785255,6.9832216012519,5.28825946370898,24.242252337815,22.8486454580429,23.1601375565024,23.0756943585875,24.2697644498057,22.0268712778411,23.4107445298901,9.45854445790383,8.16084729738486,23.9788563279294,7.43125302633052,25.6710645613593,24.9632292417459,6.53521739432063,5.86385600317362,7.14811525587493,25.8845458845908,6.01811665209925,25.1960660665432,6.92369868539208,6.09379667126314
7.61654355391283,5.23129507464228,5.95383036795556,5.97787029103574,5.47573909094717,5.8828836848279,5.14742153785255,2.57852609157362,5.28825946370898,24.242252337815,22.8486454580429,18.3809931341207,23.0756943585875,24.2697644498057,22.0268712778411,23.4107445298901,5.53814936981189,6.15238568775658,23.9788563279294,5.61454639547446,24.6980269806768,24.9632292417459,5.54146563277391,5.86385600317362,5.14100656418987,24.1346623110926,5.67944389604372,24.1297960215147,3.60821438794528,6.09379667126314
5.75671349222512,4.49382986451201,4.64764027350338,3.99522052118846,4.74687150802811,4.76946039829681,5.14742153785255,2.16401320422119,4.98388374368733,24.1456312979922,22.8486454580429,8.96511403617251,23.0756943585875,23.1126971641884,22.0268712778411,23.3791285024699,5.53814936981189,0.307247587527854,23.9788563279294,5.36826119120906,24.3805969374134,24.4635810816953,4.24065192724947,3.5444723520236,4.78453400651961,23.7370858529007,5.61215046920688,23.1742859850042,1.87297922048856,5.59920380846825
4.57769749071713,3.84784821167705,0.393636730809703,3.61513365089604,4.74687150802811,4.56459956742083,2.745493217893,1.30783906010583,4.03976388013734,23.1443444410379,22.8486454580429,6.18623608174767,23.0756943585875,23.1126971641884,22.0268712778411,23.2876215612837,3.90966439541307,0.285506258947407,23.5180392289294,1.48407375267061,24.3805969374134,23.714030700919,0.0260319641979549,3.44064013919433,4.78453400651961,23.0504296373228,3.46566619174473,23.0044567890332,1.74213925539698,0.329974927238254
