4.97479528546648
3.97983622837319
1.98991811418659
3.97983622837319
1.98991811418659
1.98991811418659
3.97983622837319
3.97983622837319
2.98487717127989
1.98991811418659
3.97983622837319
6.96470836183391
2.98487717127989
5.96974930474062
0.994959057093297
3.97983622837319
4.97479024764743
2.98487717127989
3.97983622837319
3.97983622837319
1.98991811418659
2.98487717127989
3.97983622837319
2.98487717127989
0.994959057093297
1.98991811418659
9.9495855331138
2.98487717127989
1.98991811418659
1.98991811418659
