39569.4811460094,59680.6901873667,30568.5697886508,224401.966633217,33312.6870062615,16263.5650982494,15305.016980479,18273.0673267129,11352.7836513111,40382.3271372032,36015.6307465935,224946.555992783,35210.6464652275,13936.4235007118,10060.4528438677,37981.2537754028,16562267.2572078,62412.0610335122,16545.2272255226,38403.3453853917,37934.8630208229,17848.5884466756,39407.0554975247,40724.1416336666,25766.9483464147,20814.4771359571,142858.791634615,55673.6098066951,15025.0380020389,24244.7170353094
39569.4811460094,59680.6901873667,30568.5697886508,224401.966633217,22829.4208616669,16263.5650982494,15305.016980479,18273.0673267129,11352.7836513111,40382.3271372032,15939.8156046219,55649.1207300203,35210.6464652275,13936.4235007118,10060.4528438677,28819.6582626558,1817792.17899064,54895.8370498512,16545.2272255226,38403.3453853917,34911.4137433083,17848.5884466756,32658.2476956118,40724.1416336666,19899.9398978482,20814.4771359571,33521.5757857511,9148.95986787297,15025.0380020389,18172.7986767814
39569.4811460094,20911.9018467455,30568.5697886508,51164.8272205378,22829.4208616669,16263.5650982494,6359.63874796814,18273.0673267129,11352.7836513111,12916.5366700805,15939.8156046219,14904.7957068469,29568.9353630172,13936.4235007118,10060.4528438677,24780.8341606126,25710.8638102926,47574.6829712077,16545.2272255226,23222.6217504718,34911.4137433083,12885.9089392969,17324.3814971047,40724.1416336666,10101.8719779967,20814.4771359571,22127.6611936479,9148.95986787297,15025.0380020389,18172.7986767814
11279.6775620998,18619.2078171967,22472.4791018035,15895.4649241381,16915.7360961604,16263.5650982494,6359.63874796814,17938.5088907871,11352.7836513111,12916.5366700805,15939.8156046219,14904.7957068469,23867.9041841863,13936.4235007118,10060.4528438677,5900.60926070992,15233.4384786016,27008.534948322,9547.22075442279,20553.2063356678,27478.8598027041,12885.9089392969,17324.3814971047,19554.3447445001,10101.8719779967,11874.2704228718,16834.5660839329,9148.95986787297,15025.0380020389,11537.5573256988
11279.6775620998,18619.2078171967,6702.30722705377,11369.7808070972,15759.2402303327,16263.5650982494,6359.63874796814,14620.7820366688,11352.7836513111,8855.97611886082,12407.6570516291,8021.35453993717,20891.3617454839,7272.46464887648,9088.90830786499,5900.60926070992,15233.4384786016,17417.8570684325,8104.43401156815,20553.2063356678,27478.8598027041,8542.69651878019,15811.2547953838,19554.3447445001,9857.68794163816,7860.12563168237,9635.82709495635,9148.95986787297,13545.2361895584,8493.45186797454
11279.6775620998,8597.05603397171,6702.30722705377,11369.7808070972,15759.2402303327,7761.13031436984,6359.63874796814,4800.67627207354,8358.72380103122,7363.98987066963,9942.39197036338,8021.35453993717,11436.5680232266,853.638604498444,9088.90830786499,5785.18245150739,7468.80341887929,12224.2129499203,1376.01522361241,11402.6004430719,8729.77128839557,2733.97935345478,10363.4406740841,12038.4532238976,9237.9230034906,7691.34922038872,9635.82709495635,4785.09148101172,13545.2361895584,6439.1245899979
11279.6775620998,8593.42294853086,3690.22625313393,2852.74556404072,4736.33149474737,153.818982972502,2803.35632791069,121.061024270851,1597.25133733384,6199.0039416009,5780.13317062762,5507.47429518757,5033.53001277471,63.0638176326455,3562.76088264732,5785.18245150739,7468.80341887929,7334.39306754229,71.4449093966502,6793.14035016644,4700.87430841126,83.5775896862344,8262.7511188105,11352.1438338172,6901.83550441032,7219.35720365499,7585.34937655809,1999.01640534037,8187.03757175832,357.485417202391
289.761935054152,931.082084843102,642.363333008754,516.868967686683,600.462461734018,2.17121962882709,254.427740347278,2.50367941916545,582.057461577461,148.312696119535,379.498863159362,818.569929193297,546.977384895664,1.54628036443847,394.304205109725,607.572356788273,1795.91357151863,1449.30982829568,2.27403906805637,1705.7502147776,319.41497313124,3.53622429761765,913.277481599512,706.242933808723,558.639302880317,517.475712037205,510.856782085702,126.322240959739,249.60792069785,3.85694211565283
33.6165932889098,43.0672942950961,22.556494261711,7.95436684739411,19.7935374779758,0.0323967182071101,13.519712305223,0.0278204169346736,12.3694928794181,7.94156026503089,14.3956297485013,17.4843899233463,31.679475170625,0.0225577503060208,7.91429489709424,20.3171798783633,26.1531098267804,34.7845186978536,0.0110021486840424,35.2380676766538,6.11307699572399,0.0225725098345038,7.25679458931012,14.5535814879545,19.2846850504247,26.6491438605069,24.448829682316,24.6180071372366,13.1630789311354,0.0260596299863778
0.892283016777697,0.699755685251034,0.332762617266724,0.35925683925592,0.15748430246191,7.87529887702476e-06,0.157151091057585,2.58255720950729e-05,0.824604634754849,0.270510418559979,0.582130554704008,0.0340610678542816,0.522595639725751,8.56339005395057e-06,0.279311227618393,0.30748519517681,0.927688797689314,0.509155901577628,5.09933778403138e-06,0.506729374371673,0.223514221189532,2.02527434680633e-05,0.237414627445048,0.139233055936813,0.764040270729538,0.402110079594024,0.884859333457996,0.218887732886287,0.564097740617058,2.29159197715489e-05
0.00142305008932908,0.00315073530799737,0.000728936131167757,0.000981140019007398,0.00109917763222711,9.14610609470401e-11,0.000206307607697909,1.14710019261111e-10,0.000900493166568594,0.000763924981811215,0.000678351400893007,0.000388876655790682,0.00054303206439954,5.01927388540935e-11,0.00110736366031006,0.0014956397906758,0.00140456374941778,0.00218272143752074,3.53566065314226e-11,0.00127752519472324,0.000592098273500596,1.12038378574653e-10,0.000610042322819027,0.000647505008487315,0.0012228981038902,0.00163835922359112,0.00268917394919299,0.000427295131032679,0.00190163262760734,1.70416569744702e-10
1.3060258652331e-07,2.24663097014854e-07,7.68489485380996e-08,3.73772763850866e-08,6.10121446698031e-08,0,2.65769131146953e-08,0,1.15246280074643e-07,6.61543708702084e-08,4.274363618606e-08,4.82843915960984e-08,4.76076138511417e-08,0,9.23818106457475e-08,4.23056008003186e-08,5.30950501342886e-08,3.37610003953159e-07,0,1.03124364159157e-07,5.50766117157764e-08,0,4.31129478783987e-08,8.6317527348001e-08,3.37614835643762e-07,7.79767219682981e-08,1.97663041490159e-07,6.66436221763433e-08,5.25899395142915e-08,0
0,1.13686837721616e-13,0,0,0,0,0,0,1.13686837721616e-13,0,0,0,0,0,0,5.6843418860808e-14,5.6843418860808e-14,1.13686837721616e-13,0,5.6843418860808e-14,5.6843418860808e-14,0,0,5.6843418860808e-14,5.6843418860808e-14,5.6843418860808e-14,1.13686837721616e-13,0,5.6843418860808e-14,0
0,0,0,0,0,0,0,0,0,0,0,0,0,0,0,0,0,0,0,0,0,0,0,0,0,0,0,0,0,0
0,0,0,0,0,0,0,0,0,0,0,0,0,0,0,0,0,0,0,0,0,0,0,0,0,0,0,0,0,0
0,0,0,0,0,0,0,0,0,0,0,0,0,0,0,0,0,0,0,0,0,0,0,0,0,0,0,0,0,0
