2076.87970125507,3676.96916428307,2646.62914819106,1758.61162792078,2844.85659991753,2594.3618458598,5055.36055057172,4371.68918909639,1039.1694688298,5509.4162323238,2882.23285984548,1921.29990190975,3271.85422641449,4026.83804835519,5026.48583139637,2013.98034067099,3208.8687690163,4866.41452773875,1696.00412334476,2412.50429839999,1008.11459050808,4732.95790045762,2010.52687691762,2974.44737706963,4282.6267557433,5217.80240174046,3275.54911894838,5380.41421753298,4701.24398709839,2606.63687208599
2076.87970125507,2515.6223814555,2646.62914819106,1758.61162792078,2844.85659991753,2525.71863918346,1955.40224526953,2528.8622138615,1039.1694688298,2806.21043155816,2882.23285984548,1921.29990190975,2256.13847493239,3948.7330536318,3491.44534381744,2013.98034067099,2803.0729127492,4866.41452773875,1696.00412334476,2412.50429839999,1008.11459050808,1319.31207795687,1691.30984763584,2974.44737706963,4282.6267557433,4776.51620285016,3275.54911894838,1292.60360330596,4592.88907050055,2606.63687208599
2055.1360172815,1881.41043635431,2569.88228190913,1758.61162792078,2336.85168940709,1487.44031748722,1955.40224526953,1662.54200004671,1039.1694688298,2751.77196014704,2759.64096146252,1921.29990190975,2256.13847493239,3616.7476230737,1502.49760619377,2013.98034067099,2167.36031545229,2670.07327595587,1691.26914997632,2412.50429839999,1008.11459050808,1087.9075693787,1249.71042888082,934.547944550358,3762.80262409103,2576.6976498984,2170.98516407562,1292.60360330596,4592.88907050055,2606.63687208599
1635.87774155919,1881.41043635431,2192.96003149442,1758.61162792078,2336.85168940709,1487.44031748722,1082.96024609942,1662.54200004671,1039.1694688298,2751.77196014704,1762.79542663479,1921.29990190975,1552.40794156658,2687.60625009586,1502.49760619377,2013.98034067099,1789.46044080464,2448.17076693567,876.243492760008,2412.50429839999,1008.11459050808,1087.9075693787,1249.71042888082,934.547944550358,1446.37059525909,2098.25728225197,2170.98516407562,1292.60360330596,2203.16644773942,1858.08109000813
1014.86923355744,1584.9412502432,1571.79674649023,1224.65321182576,1395.2248244919,1204.75939228,800.565190535108,1099.36679403425,489.806135740275,2083.98546862927,1335.39253651357,1921.29990190975,1068.66953238356,529.569640029137,985.790342377014,1598.17104719354,981.199002491888,1270.66222073282,768.447101446594,2233.90719519174,1008.11459050808,1087.9075693787,660.312617962312,934.547944550358,1446.37059525909,2098.25728225197,1202.48144553137,1292.60360330596,1691.24584941443,1465.44666550236
735.71869528508,650.909698162488,856.731651866545,928.061083310863,728.284340938261,1204.75939228,669.079306640111,548.55534994387,489.806135740275,1098.53436070039,864.893355705013,859.060469052445,680.878657648428,529.569640029137,774.106891621103,1189.88068099534,473.988453868029,807.75237005703,764.474033394199,948.612434622499,1008.11459050808,637.932816208568,396.467669030173,934.547944550358,589.977081760979,1251.00446429793,657.747124437421,739.8539046397,936.595111274062,774.62848293663
266.916614955992,314.50815526344,322.395358268629,549.202641226918,270.563075405924,503.013499650194,252.416332906972,340.346060653815,196.440261151938,469.278712965772,289.537159781795,376.45531469259,250.424222960999,282.083187196439,426.838239505064,388.344337939025,273.144247215985,220.424359936767,340.780467668418,446.00150807541,532.842296768958,336.915977214305,279.08766474889,322.904117984241,218.462029035664,355.010223275443,316.824057479049,263.646880413179,768.900789175198,242.866189578514
96.7505389284925,128.977170835391,116.831564575631,166.536667062436,130.904768847551,200.029163510545,127.720106629375,132.829868716721,120.194320228855,172.039150914236,111.651277833062,130.931666206558,90.9201429951231,113.247671482627,141.234632302667,159.064207916541,164.605786099283,99.6395020212664,142.002721516646,144.074077382493,131.29591116106,125.977971862803,125.179689964449,147.445163522771,103.575857140008,150.069110714826,155.036703355504,139.788886329778,357.623585547645,158.057197370819
55.4279518091839,59.1284769030601,55.6934506381425,58.3952172074189,55.3298121233459,63.6185235016548,57.2567662576976,54.8431972777378,57.1691608783381,62.6285393691055,57.6712060481512,60.1418550949722,57.1310807728106,57.1974392409774,59.1932918681607,57.7952505246229,62.0265685585341,55.4929727616635,59.6105239772065,58.5587391088436,54.3768710348616,57.2190290288413,54.61941209509,57.8928180960748,54.889641477585,59.2359701016338,57.5129542339639,56.2399057848789,96.6782744229933,57.1222672029583
49.2494070010683,46.2225648363018,49.2894243880432,49.3828660390043,45.2526229511082,49.3190266992961,49.3662205261228,49.2988296377171,49.2188528513005,49.2735540110585,49.3509845163239,49.3375608707935,49.1224122758814,49.2530429843678,49.300128919109,45.5165619131956,49.3804552616388,49.2807189956316,45.8499761519093,49.3148867261149,49.3493946818236,49.2431105815211,45.170581997866,45.2553641955517,49.2394193265744,49.3330750301637,45.3711931178569,49.3131512130349,74.0777907144318,46.1575581618156
49.0848725286917,44.8967028178249,49.08483607977,49.0851602976686,44.8961387598328,49.0848915348507,49.0851142568836,49.0848537575121,49.0847674287547,49.0848836012146,49.0848535795363,49.0849551298803,44.8971806703851,49.0848201337229,49.0848762442746,44.8961076432675,49.0850501449251,49.0847065686117,44.8966491718626,49.0850399731916,49.0849217232414,49.0846958781792,44.8961506142784,44.8963120974203,49.0847398826459,49.0850283741223,44.896356546588,49.085021073762,67.9587100445682,44.89686291655
49.0844789854214,44.8954693288483,49.0844789834993,49.0844789861381,44.8954693255291,49.0844789833821,49.0844789874208,49.0844789849186,49.0844789820479,49.0844789830388,49.0844789852373,49.0844789841734,44.8954693364238,49.0844789829708,49.0844789823998,44.8954693270829,49.0844789860622,49.0844789818512,44.8954693318723,49.0844789882565,49.0844789850723,49.0844789835127,44.8954693228945,44.8954693275563,49.0844789847889,49.0844789844642,44.8954693218321,49.0844789844787,0.0144823336250397,44.8954693319725
49.0844789794813,44.8954693174513,49.0844789794812,49.0844789794813,44.8954693174513,49.0844789794813,49.0844789794813,49.0844789794813,49.0844789794812,49.0844789794812,49.0844789794812,49.0844789794812,44.8954693174514,49.0844789794812,49.0844789794812,44.8954693174514,49.0844789794813,49.0844789794813,44.8954693174514,49.0844789794813,49.0844789794812,49.0844789794813,44.8954693174513,44.8954693174513,49.0844789794813,49.0844789794813,44.8954693174513,49.0844789794813,2.24531504500192e-11,44.8954693174513
49.0844789794812,44.8954693174513,49.0844789794812,49.0844789794812,44.8954693174513,49.0844789794813,49.0844789794812,49.0844789794812,49.0844789794812,49.0844789794812,49.0844789794812,49.0844789794812,44.8954693174513,49.0844789794812,49.0844789794812,44.8954693174513,49.0844789794812,49.0844789794812,44.8954693174513,49.0844789794812,49.0844789794812,49.0844789794813,44.8954693174513,44.8954693174513,49.0844789794812,49.0844789794812,44.8954693174513,49.0844789794812,0,44.8954693174513
49.0844789794812,44.8954693174513,49.0844789794812,49.0844789794812,44.8954693174513,49.0844789794813,49.0844789794812,49.0844789794812,49.0844789794812,49.0844789794812,49.0844789794812,49.0844789794812,44.8954693174513,49.0844789794812,49.0844789794812,44.8954693174513,49.0844789794812,49.0844789794812,44.8954693174513,49.0844789794812,49.0844789794812,49.0844789794813,44.8954693174513,44.8954693174513,49.0844789794812,49.0844789794812,44.8954693174513,49.0844789794812,0,44.8954693174513
49.0844789794812,44.8954693174513,49.0844789794812,49.0844789794812,44.8954693174513,49.0844789794812,49.0844789794812,49.0844789794812,49.0844789794812,49.0844789794812,49.0844789794812,49.0844789794812,44.8954693174513,49.0844789794812,49.0844789794812,44.8954693174513,49.0844789794812,49.0844789794812,44.8954693174513,49.0844789794812,49.0844789794812,49.0844789794812,44.8954693174513,44.8954693174513,49.0844789794812,49.0844789794812,44.8954693174513,49.0844789794812,0,44.8954693174513
