81.5862469432964,98.3926691745732,87.0785692098823,115.091256874809,96.2259254735129,125.507098138412,80.7825177859476,94.5342140505667,89.8540242623644,100.585408648513,93.4591138748075,87.2189865908599,77.2281752695019,93.5863912915923,96.5914644639548,116.859858473111,120.790515056799,81.2956531447614,106.56435839913,108.661588581639,89.9583314796797,91.4879522995913,88.3888176559119,96.7412212287587,87.2885172078613,102.636075006109,120.985841262277,88.2635574027179,280.021124148005,95.841138075712
50.3465409832062,51.1419567988703,51.1598005497426,51.278234339768,47.2242459536363,51.5864817251385,50.456309383922,50.4439329147541,50.384173064154,51.4087312645007,51.2568821738537,50.8772457979514,50.2170124861337,50.5841166820389,51.0574189784934,51.034066167292,51.2630211114615,50.723671539287,51.4684327946935,51.7203556432104,51.4429952631482,50.7866297934614,47.6608652081729,50.7474897767234,50.5689487774836,51.265022025211,50.0284860417447,51.5249067167637,82.5763593051251,51.0033761476822
49.1409620490698,45.3796923239305,49.197766726893,49.2459604444498,45.0079801090676,49.1776509066508,49.217228490476,49.1744680601807,49.1557330553106,49.2053382149541,49.1526238729967,49.2080757599417,46.1295388626771,49.1610839673248,49.1732753927853,45.1813424012411,49.2292009136258,49.1824328118429,45.3060671923683,49.2524521553078,49.2167233728028,49.1675104692811,45.054005718717,45.1002450642366,49.1597257159262,49.2227642533931,45.1076365050442,49.1811015620831,73.5161318882286,45.3507575509451
49.0848725286917,44.8967028178249,49.08483607977,49.0851602976686,44.8961387598328,49.0848915348507,49.0851142568836,49.0848537575121,49.0847674287547,49.0848836012146,49.0848535795363,49.0849551298803,44.8971806703851,49.0848201337229,49.0848762442746,44.8961076432675,49.0850501449251,49.0847065686117,44.8966491718626,49.0850399731916,49.0849217232414,49.0846958781792,44.8961506142784,44.8963120974203,49.0847398826459,49.0850283741223,44.896356546588,49.085021073762,67.9587100445682,44.89686291655
49.0844789798856,44.8954693182582,49.0844789798301,49.0844789799442,44.8954693181815,49.0844789797064,49.0844789802476,49.0844789799681,49.0844789797607,49.084478979795,49.0844789800304,49.0844789800402,44.8954693192042,49.0844789797964,49.0844789795909,44.8954693183968,49.0844789798418,49.0844789796305,44.8954693186291,49.0844789800174,49.0844789799594,49.0844789797555,44.8954693179872,44.8954693180856,49.0844789798966,49.0844789799727,44.8954693181172,49.0844789798957,9.41142151873464e-05,44.8954693185457
49.0844789794812,44.8954693174513,49.0844789794812,49.0844789794812,44.8954693174513,49.0844789794813,49.0844789794813,49.0844789794812,49.0844789794812,49.0844789794812,49.0844789794812,49.0844789794812,44.8954693174513,49.0844789794812,49.0844789794812,44.8954693174513,49.0844789794812,49.0844789794812,44.8954693174513,49.0844789794812,49.0844789794812,49.0844789794813,44.8954693174513,44.8954693174513,49.0844789794812,49.0844789794812,44.8954693174513,49.0844789794812,0,44.8954693174513
49.0844789794812,44.8954693174513,49.0844789794812,49.0844789794812,44.8954693174513,49.0844789794813,49.0844789794812,49.0844789794812,49.0844789794812,49.0844789794812,49.0844789794812,49.0844789794812,44.8954693174513,49.0844789794812,49.0844789794812,44.8954693174513,49.0844789794812,49.0844789794812,44.8954693174513,49.0844789794812,49.0844789794812,49.0844789794813,44.8954693174513,44.8954693174513,49.0844789794812,49.0844789794812,44.8954693174513,49.0844789794812,0,44.8954693174513
49.0844789794812,44.8954693174513,49.0844789794812,49.0844789794812,44.8954693174513,49.0844789794813,49.0844789794812,49.0844789794812,49.0844789794812,49.0844789794812,49.0844789794812,49.0844789794812,44.8954693174513,49.0844789794812,49.0844789794812,44.8954693174513,49.0844789794812,49.0844789794812,44.8954693174513,49.0844789794812,49.0844789794812,49.0844789794813,44.8954693174513,44.8954693174513,49.0844789794812,49.0844789794812,44.8954693174513,49.0844789794812,0,44.8954693174513
49.0844789794812,44.8954693174513,49.0844789794812,49.0844789794812,44.8954693174513,49.0844789794813,49.0844789794812,49.0844789794812,49.0844789794812,49.0844789794812,49.0844789794812,49.0844789794812,44.8954693174513,49.0844789794812,49.0844789794812,44.8954693174513,49.0844789794812,49.0844789794812,44.8954693174513,49.0844789794812,49.0844789794812,49.0844789794813,44.8954693174513,44.8954693174513,49.0844789794812,49.0844789794812,44.8954693174513,49.0844789794812,0,44.8954693174513
49.0844789794812,44.8954693174513,49.0844789794812,49.0844789794812,44.8954693174513,49.0844789794813,49.0844789794812,49.0844789794812,49.0844789794812,49.0844789794812,49.0844789794812,49.0844789794812,44.8954693174513,49.0844789794812,49.0844789794812,44.8954693174513,49.0844789794812,49.0844789794812,44.8954693174513,49.0844789794812,49.0844789794812,49.0844789794813,44.8954693174513,44.8954693174513,49.0844789794812,49.0844789794812,44.8954693174513,49.0844789794812,0,44.8954693174513
49.0844789794812,44.8954693174513,49.0844789794812,49.0844789794812,44.8954693174513,49.0844789794813,49.0844789794812,49.0844789794812,49.0844789794812,49.0844789794812,49.0844789794812,49.0844789794812,44.8954693174513,49.0844789794812,49.0844789794812,44.8954693174513,49.0844789794812,49.0844789794812,44.8954693174513,49.0844789794812,49.0844789794812,49.0844789794813,44.8954693174513,44.8954693174513,49.0844789794812,49.0844789794812,44.8954693174513,49.0844789794812,0,44.8954693174513
49.0844789794812,44.8954693174513,49.0844789794812,49.0844789794812,44.8954693174513,49.0844789794813,49.0844789794812,49.0844789794812,49.0844789794812,49.0844789794812,49.0844789794812,49.0844789794812,44.8954693174513,49.0844789794812,49.0844789794812,44.8954693174513,49.0844789794812,49.0844789794812,44.8954693174513,49.0844789794812,49.0844789794812,49.0844789794813,44.8954693174513,44.8954693174513,49.0844789794812,49.0844789794812,44.8954693174513,49.0844789794812,0,44.8954693174513
49.0844789794812,44.8954693174513,49.0844789794812,49.0844789794812,44.8954693174513,49.0844789794813,49.0844789794812,49.0844789794812,49.0844789794812,49.0844789794812,49.0844789794812,49.0844789794812,44.8954693174513,49.0844789794812,49.0844789794812,44.8954693174513,49.0844789794812,49.0844789794812,44.8954693174513,49.0844789794812,49.0844789794812,49.0844789794813,44.8954693174513,44.8954693174513,49.0844789794812,49.0844789794812,44.8954693174513,49.0844789794812,0,44.8954693174513
49.0844789794812,44.8954693174513,49.0844789794812,49.0844789794812,44.8954693174513,49.0844789794812,49.0844789794812,49.0844789794812,49.0844789794812,49.0844789794812,49.0844789794812,49.0844789794812,44.8954693174513,49.0844789794812,49.0844789794812,44.8954693174513,49.0844789794812,49.0844789794812,44.8954693174513,49.0844789794812,49.0844789794812,49.0844789794812,44.8954693174513,44.8954693174513,49.0844789794812,49.0844789794812,44.8954693174513,49.0844789794812,0,44.8954693174513
