231.680830289299,141.513597803762,228.266097755828,118.143348229027,173.324124307222,156.017254520162,100.491122890132,126.369721006756,218.264891337321,172.608693608646,169.151037495298,200.133894376992,115.493063528395,142.405773577461,125.712236053977,98.0272204701564,346.442262796828,130.696655608455,301.051652797945,326.866066416005,228.914632398498,195.550684848084,374.972771666478,259.585682326068,162.327359479784,241.332556769471,130.296752173507,391.415482237846,155.531395808829,196.992826600587
72.7018532793179,80.1920342457069,85.6191976550613,34.2339617421729,65.8911259634611,84.9418164303709,50.6291575594566,40.8210251243009,28.3376188859361,81.4639043784824,72.2478167374204,47.1037814035196,19.4120836672798,66.9057218188013,69.0926637355689,70.1497480945577,75.3514448603709,80.0731869459576,129.519887456933,74.3051385505714,85.6371861737356,85.4643407816658,88.5192682755421,44.015739968323,83.4181447131629,101.885515644324,50.1605143707178,90.3749621624107,90.2552014544056,77.288659433687
11.7052326675908,49.8364411475632,66.8550805318204,13.9705846070785,16.5078522729888,33.8347660127215,11.4961333864163,15.1733379423247,12.9817482946983,36.8156671957674,61.4291571989318,22.5027742757306,14.4659578033553,10.9794940686264,39.1363058903525,11.5570230463384,66.7709464963585,16.0426198279969,66.003990845562,46.8315532051036,17.7585455629477,17.2886230475463,61.751348199792,14.5283147559496,31.2061127607432,19.3421523326215,12.2691741173895,66.3427036127415,26.1543311875653,12.8245242976326
0.354059003634461,4.87620076698045,0.133124059497902,9.08252896296671,0.586301560301195,0.389867573866752,0.356149161560438,9.10411959654562,0.424459489500805,0.224911444231338,5.83856683171371,0.40501328762133,9.09898912363019,4.19721300190088,4.37248851926023,0.56340550865815,0.431026934660281,0.227849565082863,5.64418882485876,0.2579446224604,0.186900036962186,0.413980108510259,2.13527641801039,9.10965989679886,4.53194821944351,5.40442874534858,9.15227647534903,9.61637118314786,0.662530225687988,6.71196126110902
9.68793980291593e-05,3.98687315686976,5.52310351622509e-05,8.91640886510999,0.000138468342242959,8.78456954751528e-05,4.96473776365747e-05,8.91618577112973,8.49553521788948e-05,8.39021225829129e-05,3.98956124827384,8.8762999496339e-05,8.91622044901555,3.98669248368361,3.98687195163882,0.00146382814261869,4.48945093580733e-05,4.90226478859768e-05,3.98772042343757,4.66350597889686e-05,3.2366064431244e-05,0.000123479585624864,0.00148195087564318,8.91629359961576,3.98668611076096,3.98695825221546,8.91625657947503,4.46337160371968,0.000279821878450548,3.98771968027404
1.04591890703887e-11,3.98657911235176,3.01270119962282e-12,8.91610192811135,1.34718902700115e-11,1.48361323226709e-11,4.32009983342141e-12,8.91610192788357,3.5242919693701e-12,6.87805368215777e-12,3.9865791123712,5.22959453519434e-12,8.91610192787897,3.98657911235762,3.9865791123558,2.41016095969826e-11,9.37916411203332e-12,3.06954461848363e-12,3.98657911237444,6.70752342557535e-12,1.27897692436818e-11,1.7166712495964e-11,1.88265403266996e-10,8.91610192802563,3.98657911235944,3.98657911237444,8.91610192800687,3.98657911347743,3.90514287573751e-11,3.98657911240105
0,3.98657911234716,0,8.91610192778131,0,0,0,8.91610192778131,0,0,3.98657911234716,0,8.91610192778131,3.98657911234716,3.98657911234716,0,0,0,3.98657911234716,0,0,0,0,8.91610192778131,3.98657911234716,3.98657911234716,8.91610192778131,3.98657911234716,0,3.98657911234716
0,3.98657911234716,0,8.91610192778131,0,0,0,8.91610192778131,0,0,3.98657911234716,0,8.91610192778131,3.98657911234716,3.98657911234716,0,0,0,3.98657911234716,0,0,0,0,8.91610192778131,3.98657911234716,3.98657911234716,8.91610192778131,3.98657911234716,0,3.98657911234716
0,3.98657911234716,0,8.91610192778131,0,0,0,8.91610192778131,0,0,3.98657911234716,0,8.91610192778131,3.98657911234716,3.98657911234716,0,0,0,3.98657911234716,0,0,0,0,8.91610192778131,3.98657911234716,3.98657911234716,8.91610192778131,3.98657911234716,0,3.98657911234716
0,3.98657911234716,0,8.91610192778131,0,0,0,8.91610192778131,0,0,3.98657911234716,0,8.91610192778131,3.98657911234716,3.98657911234716,0,0,0,3.98657911234716,0,0,0,0,8.91610192778131,3.98657911234716,3.98657911234716,8.91610192778131,3.98657911234716,0,3.98657911234716
0,3.98657911234716,0,8.91610192778131,0,0,0,8.91610192778131,0,0,3.98657911234716,0,8.91610192778131,3.98657911234716,3.98657911234716,0,0,0,3.98657911234716,0,0,0,0,8.91610192778131,3.98657911234716,3.98657911234716,8.91610192778131,3.98657911234716,0,3.98657911234716
0,3.98657911234716,0,8.91610192778131,0,0,0,8.91610192778131,0,0,3.98657911234716,0,8.91610192778131,3.98657911234716,3.98657911234716,0,0,0,3.98657911234716,0,0,0,0,8.91610192778131,3.98657911234716,3.98657911234716,8.91610192778131,3.98657911234716,0,3.98657911234716
0,3.98657911234716,0,8.91610192778131,0,0,0,8.91610192778131,0,0,3.98657911234716,0,8.91610192778131,3.98657911234716,3.98657911234716,0,0,0,3.98657911234716,0,0,0,0,8.91610192778131,3.98657911234716,3.98657911234716,8.91610192778131,3.98657911234716,0,3.98657911234716
0,3.98657911234716,0,8.91610192778131,0,0,0,8.91610192778131,0,0,3.98657911234716,0,8.91610192778131,3.98657911234716,3.98657911234716,0,0,0,3.98657911234716,0,0,0,0,8.91610192778131,3.98657911234716,3.98657911234716,8.91610192778131,3.98657911234716,0,3.98657911234716
