98.5834873426545,120.672303654637,102.289882275285,99.9517340288596,109.164231823235,124.190755522027,114.796774766726,117.639457735142,106.848048323002,104.29629599414,110.45607264938,105.696707761642,109.441283926068,111.665847132221,113.292607977076,90.6558181282521,106.978753252485,110.008001160353,124.393822452792,103.697734280714,92.9276509906326,92.6260791189623,120.928629359332,101.796559637353,114.193396294335,105.618285561262,110.263073525078,94.7610506853689,91.9967150717247,108.472799628973
90.7878809214412,117.720606055469,102.289882275285,99.7823338001629,104.403239767345,124.190755522027,114.796774766726,117.639457735142,106.848048323002,104.29629599414,110.45607264938,98.6724975239337,109.441283926068,110.806644724416,113.292607977076,90.6558181282521,98.0808438568365,87.2148943441433,101.043179961941,96.6897256326299,92.9276509906326,92.6260791189623,102.708345370893,101.796559637353,114.193396294335,87.3497082178912,110.263073525078,94.7610506853689,91.9967150717247,102.45171129374
89.8313343508321,117.720606055469,87.7822441089075,99.7823338001629,95.5428961366256,112.256048456818,114.796774766726,106.67391103515,106.848048323002,104.29629599414,98.7824474001064,98.6724975239337,101.923408157068,110.806644724416,102.486736968372,90.6558181282521,98.0808438568365,75.5210446810964,101.043179961941,96.6897256326299,73.0040968093346,92.6260791189623,100.370820925935,90.5765441596196,103.95196461292,87.3497082178912,86.4808182036986,94.7610506853689,79.0119202639466,92.5037940942625
80.1874388392389,76.276069209993,87.7822441089075,90.4038115698529,93.2189651564579,104.576293002755,84.5758717087781,85.1329693579606,106.266299480242,88.8990768490214,95.4863561701542,83.6297397009512,90.309407751295,89.773243480718,95.9802495889357,70.2803177107944,89.9170689260144,75.5210446810964,101.043179961941,82.9578143366205,73.0040968093346,92.6260791189623,98.1484608178939,90.5765441596196,76.6601458143989,87.3497082178912,86.4808182036986,83.0126366164149,69.834917461068,84.9673428137504
72.238042066635,76.276069209993,82.7764869029786,83.360883576966,68.3638094221305,88.8498417706583,84.5758717087781,85.1329693579606,91.3142748028158,88.8990768490214,74.8851844527871,83.60007192643,69.4022474723679,78.1866444815988,81.2925622384918,64.6536246054474,85.8061071022983,75.5210446810964,101.043179961941,77.9909215361438,73.0040968093346,91.3754611485076,81.942098338266,72.1270059632923,76.6601458143989,84.1501061299646,86.4808182036986,83.0126366164149,69.834917461068,75.6176397245367
45.4581464116545,57.7837491158747,61.9631630399824,65.1571322797577,68.3638094221305,58.1636653747678,67.7093759474566,70.218712673397,51.5106424638659,82.6767184933494,48.8850575791541,52.7891724778444,43.2011921506756,55.0340877291635,50.9748083648261,42.6187613139166,57.787517337036,73.7675111231787,98.0085563087514,52.6993496365191,48.9312855408256,72.3516124120821,72.8775492551141,68.150044600557,59.1316529240466,51.8377296302665,62.5770438912582,59.7196872869919,58.7873196867647,57.3297475407632
22.946911421416,21.1827917577626,33.074327593844,31.4525851381825,39.3064891586752,22.2838717685751,32.6161471731376,30.3837556741495,30.5439136600901,40.8516678507957,24.9538381157298,24.7222947337535,23.2325265355897,36.7037431091434,33.9528899973462,24.6874277485408,29.0035053206564,46.6921800094279,59.3881862131069,41.1957718477944,41.6551863380412,39.3472014757448,42.9941337911822,36.0297206233673,33.9457179644047,31.8967646657516,30.3679387620786,24.3799681342681,25.3259197007056,31.5599146437542
8.28128755196099,7.69817687901275,6.80410782936508,7.99148334014649,10.0060168671844,6.33255242422365,8.85115060982594,8.40815258756595,8.68145627240597,9.91415875064865,7.15938966885903,7.33222228752186,10.4706163201571,7.70644925257568,10.1089455740139,7.519577913028,7.26646060648648,11.8199305127411,37.6599873509336,8.89279235403308,9.96481098407696,11.18138487814,8.82789950113579,11.8137299269937,7.58616527432764,7.72617331638048,10.5094200088416,6.82087382638849,6.7123652985897,7.85105766296874
1.96123751966104,1.327139296523,1.87459510647136,1.84939703053749,2.2263788265243,1.81358553647613,2.12324549946186,1.37935662255279,2.24664899574702,1.92811097920799,1.61911515314011,2.26103391153367,1.59647227371329,1.44952550630603,1.90617755610356,1.40925027119295,2.11370767609674,2.69568564095675,7.18778615246219,1.59193093583156,2.10704626843312,1.65356214548615,1.56055237944372,2.310727577855,2.30365132466807,1.91977166095705,1.25732080968294,1.73113626088127,1.76625667321207,1.38816980895297
0.157748085633671,0.145433717681954,0.137517143173454,0.140355413484485,0.150153635640777,0.118340544526973,0.139931321847598,0.12697985214902,0.162757198008762,0.190361798666572,0.190993019435723,0.117937529309756,0.123701321986573,0.143006165059433,0.184012239936465,0.137692419716018,0.123206684555953,0.169700624699885,2.08277279538777,0.182861554200485,0.237379564897424,0.19899533005821,0.207762568280486,0.291072185419694,0.134485944884432,0.142014416932511,0.131695274286585,0.150448909529814,0.132723861121121,0.119266827433648
0.00175547874971471,0.00170159231879552,0.00202160442051991,0.0024124392983822,0.00229930562909431,0.00227702075824254,0.00257568616837034,0.00226253500488838,0.00260034198640824,0.0021064834477329,0.00198375822549224,0.00223988133939201,0.00245953672845189,0.00233693770576338,0.00250349151087903,0.00145078497030227,0.00155762958661398,0.00257590164608246,0.176734786041948,0.00262053331789502,0.0028550120921409,0.00309005301687648,0.00234082793099333,0.00205705052792382,0.00163061413002197,0.00299381440447632,0.00152538520171674,0.00258188400084691,0.00193329227363392,0.00144465275536731
1.1927721743632e-06,7.63988964536111e-07,7.52483629185008e-07,2.89834451905335e-06,2.26106499212619e-06,8.63250420479744e-07,1.96636176497123e-06,8.95531343303446e-07,9.56384610617533e-07,1.24185362437856e-06,6.65131210553227e-07,2.30451314564561e-06,1.00037459560554e-06,8.01950363893411e-07,1.54245299199829e-06,6.12756707596418e-07,1.40785095936735e-06,1.13619773856044e-06,0.00562602860600236,1.31870251607324e-06,2.47404125275352e-06,1.02174021776591e-06,2.71266071649734e-06,7.70040287534357e-07,1.22601977636805e-06,1.46559045788308e-06,6.90349338583474e-07,4.5679665845455e-06,1.29905345147563e-06,6.32627802588104e-07
1.13686837721616e-13,1.13686837721616e-13,1.13686837721616e-13,1.13686837721616e-13,1.13686837721616e-13,1.13686837721616e-13,1.13686837721616e-13,1.13686837721616e-13,1.13686837721616e-13,1.13686837721616e-13,1.13686837721616e-13,2.27373675443232e-13,1.13686837721616e-13,1.13686837721616e-13,1.13686837721616e-13,1.13686837721616e-13,1.13686837721616e-13,1.13686837721616e-13,1.08760110606454e-05,1.13686837721616e-13,1.13686837721616e-13,1.13686837721616e-13,1.13686837721616e-13,1.13686837721616e-13,1.13686837721616e-13,1.13686837721616e-13,1.13686837721616e-13,2.27373675443232e-13,1.13686837721616e-13,1.13686837721616e-13
1.13686837721616e-13,1.13686837721616e-13,1.13686837721616e-13,1.13686837721616e-13,1.13686837721616e-13,1.13686837721616e-13,1.13686837721616e-13,1.13686837721616e-13,1.13686837721616e-13,1.13686837721616e-13,1.13686837721616e-13,1.13686837721616e-13,1.13686837721616e-13,1.13686837721616e-13,1.13686837721616e-13,1.13686837721616e-13,1.13686837721616e-13,1.13686837721616e-13,8.06597881819471e-08,1.13686837721616e-13,1.13686837721616e-13,1.13686837721616e-13,1.13686837721616e-13,1.13686837721616e-13,1.13686837721616e-13,1.13686837721616e-13,1.13686837721616e-13,1.13686837721616e-13,1.13686837721616e-13,1.13686837721616e-13
1.13686837721616e-13,1.13686837721616e-13,1.13686837721616e-13,1.13686837721616e-13,1.13686837721616e-13,1.13686837721616e-13,1.13686837721616e-13,1.13686837721616e-13,1.13686837721616e-13,1.13686837721616e-13,1.13686837721616e-13,1.13686837721616e-13,1.13686837721616e-13,1.13686837721616e-13,1.13686837721616e-13,1.13686837721616e-13,1.13686837721616e-13,1.13686837721616e-13,8.01361466074013e-08,1.13686837721616e-13,1.13686837721616e-13,1.13686837721616e-13,1.13686837721616e-13,1.13686837721616e-13,1.13686837721616e-13,1.13686837721616e-13,1.13686837721616e-13,1.13686837721616e-13,1.13686837721616e-13,1.13686837721616e-13
1.13686837721616e-13,1.13686837721616e-13,1.13686837721616e-13,1.13686837721616e-13,1.13686837721616e-13,1.13686837721616e-13,1.13686837721616e-13,1.13686837721616e-13,1.13686837721616e-13,1.13686837721616e-13,1.13686837721616e-13,1.13686837721616e-13,1.13686837721616e-13,0,1.13686837721616e-13,1.13686837721616e-13,1.13686837721616e-13,1.13686837721616e-13,8.01211399448221e-08,1.13686837721616e-13,1.13686837721616e-13,1.13686837721616e-13,1.13686837721616e-13,1.13686837721616e-13,0,1.13686837721616e-13,1.13686837721616e-13,1.13686837721616e-13,1.13686837721616e-13,1.13686837721616e-13
