3782919709.28618,7933954495.76682,6465457966.49118,7814822872.23395,1341812134.48533,2871548208.27011,4729315530.10645,4509818810.92169,8011495563.42875,3630277116.82702,7638003912.53064,4224200731.17409,6046764549.77537,4763100191.40054,5546847578.29191,3464118607.39978,3652573117.11309,4123320389.04382,4772919101.39651,6288217944.50291,3570338658.65049,4095487701.3548,8008251285.22327,4597743596.59447,5315106527.00363,2729069318.76354,5112413462.24535,5384822158.41718,6319486860.05342,4744662873.88322
3782919709.28618,1137360580.06383,4874883874.9798,3287628478.32815,1341812134.48533,2871548208.27011,2168769057.97796,4509818810.92169,3047197872.89394,299208735.909174,5129077199.74882,4224200731.17409,6046764549.77537,2644752107.6179,4015762616.66592,3464118607.39978,3652573117.11309,3054283381.52572,4487731113.28825,6288217944.50291,3445842273.36948,3134994095.99059,3362647513.73797,4597743596.59447,4137434133.48988,2729069318.76354,3059769158.52821,2800584395.34628,4866189278.06524,4744662873.88322
3782919709.28618,1137360580.06383,3184598510.30613,3287628478.32815,1341812134.48533,2871548208.27011,2168769057.97796,4509818810.92169,2608684671.09472,299208735.909174,3089619941.4841,3300367763.10696,6046764549.77537,1930387903.23388,2125443563.92296,3464118607.39978,2635190592.19089,1160682693.58121,4487731113.28825,6288217944.50291,3445842273.36948,3134994095.99059,3362647513.73797,4357674103.55674,3125054125.78391,2729069318.76354,3059769158.52821,2001971901.60008,3095354243.43727,4744662873.88322
2114967409.31752,1137360580.06383,3027384038.48614,1756243914.84159,1341812134.48533,1934844121.29145,2168769057.97796,4509818810.92169,2608684671.09472,299208735.909174,2703255549.96882,1510406127.42082,3119323670.09902,1930387903.23388,2125443563.92296,3464118607.39978,2635190592.19089,1160682693.58121,4057210159.62227,3951345199.4049,3445842273.36948,2636282302.52282,2044276374.68633,3353936468.11057,3125054125.78391,2729069318.76354,2660409673.45863,1250392491.34506,2301752823.06105,3786881175.6054
1689968808.65323,1137360580.06383,1250297917.76867,1708647226.53252,1341812134.48533,1934844121.29145,490959849.372554,2770781196.62981,2262372204.96127,299208735.909174,1493570391.75233,1510406127.42082,1567288073.87819,1645160607.23434,2125443563.92296,1593478527.42664,1640716475.02125,967801477.237039,3731824600.11297,1499861029.74825,2036691511.3059,984657177.454502,2044276374.68633,2253876171.8809,1246080238.04168,1353183082.9694,2285037683.73999,1250392491.34506,2301752823.06105,1698966763.82659
1038225200.57109,717217470.000247,1250297917.76867,590109073.713691,440789006.141025,679180762.085155,490959849.372554,1119517092.75736,1370314874.06646,299208735.909174,1138682971.62995,692456811.349628,1567288073.87819,772187152.405686,1083224237.69843,739563666.272665,953100549.69245,963749222.083937,594901736.560948,1499861029.74825,742219937.148041,738507033.23004,1348848190.45807,1960225469.25639,934023415.324811,955569834.277861,925105151.554353,999003943.955384,1175672257.19697,811871944.229202
108538635.02314,273080459.239528,231111692.055692,293975297.211648,440789006.141025,222632033.984082,63931997.0374352,168516318.673837,263699256.06171,280890379.337578,310100097.150508,260443130.948622,479509854.405374,447937141.854552,501765830.988922,302479583.61472,381236980.848262,282687311.060907,259976958.279367,915950052.499094,408382291.17978,262017266.462932,437409608.102117,434560245.16648,241050655.123677,384845484.246573,238691646.476849,615897555.750441,242891921.357692,209751181.902201
35017327.912991,18844510.4540691,60351201.4390059,65217995.1608201,70704720.4781931,126654722.143392,14051973.6010288,57562333.0500759,40286471.1348786,38913762.4004284,41348542.986761,51756725.8058838,15435396.3443471,69139937.2141677,29968373.7032898,79612251.8702527,59706509.305428,38707505.8297453,72780284.6792966,60555938.5488341,66830546.5153537,31871240.7546709,64468230.9498021,116685282.004006,64317605.529954,40105887.9967355,53842630.4290356,53552337.7587174,110660091.867922,147686527.612213
3631445.88639714,1729964.05904704,1508779.95298206,5551575.03348133,10675980.5534312,3884046.78658896,925448.713817655,4540534.54512614,6404136.49793702,1649502.54178346,3830383.0702119,6570473.18152698,3390399.56659736,3873854.07516371,3396743.74105236,1520259.54672427,3855176.34269827,7801674.7920019,4761151.54742068,8560098.0550378,3664557.59175942,4481260.62640247,2043887.8018754,2036083.0180116,1822992.61329735,2679857.31023032,3583781.59676074,4647096.10250019,9767729.00418168,2890820.11843277
24568.6622386519,50644.2317346432,118602.136417154,39101.0529710945,50969.6062754504,98725.7284644213,36776.2042148327,44878.2583182073,91870.8906674051,55367.5375262698,48877.387207723,75942.4393527395,51569.0249229095,82128.6028676592,63592.3429028462,26283.2529781089,34483.489768874,103341.89368287,105991.462533454,103306.783541795,37889.9604700677,77640.3768343306,56113.569832798,169123.929915261,8002.47696194579,78720.5997701599,97330.0348767067,105007.472139749,87920.2371464111,58415.1414904981
225.913748362106,88.6094207647868,316.069443198398,793.844363239546,319.135254521806,214.814711297656,228.620632269397,171.949433092591,210.00534669733,252.97642532314,222.05805081592,182.717788509325,162.823819472891,207.633356053064,255.230539237293,158.206072538859,652.81345193172,228.309397146872,223.757315480402,406.260864627991,177.540202939229,494.924263010837,218.303332840236,238.305028862731,260.539955620183,233.727262716123,256.938239570723,312.271361802549,211.758695193785,144.810680255017
82.2852697901931,20.3455247519041,75.407297288162,38.2093521565464,23.3286257058901,25.9411875921658,51.6964241186627,86.3903463975257,25.1435610687861,37.0750512759887,107.981686942237,24.1234315469426,33.1790599620281,47.0751004687991,59.2284161199766,74.8785486670834,30.0111104880045,57.5741325039537,65.7566522495947,30.9164348568456,21.2850509277064,28.0040233224615,37.0800124029342,61.7158259543344,26.2836611324281,84.3219415613296,51.2859340655145,50.8038323054782,45.9118142524014,23.3597182454889
81.9019065525147,20.1340452111544,73.2894709666632,33.0313030930968,18.817843842874,25.5364959576809,36.2393711787001,81.756910436467,21.1141866310638,30.0941792467206,102.714646577177,19.338468921942,33.0914963371058,46.6408432020032,58.872582110652,55.9840070781881,26.8417241778791,54.998460812754,62.2566126502591,26.9447966219509,20.4401742192772,19.1740319448809,36.9105910113815,59.0328373957527,26.068012596148,73.9582176452898,48.9465552971212,41.9804973027485,42.1009126531349,23.0705996384115
81.8968211582376,20.1303368194597,73.2858343096,33.0205213168947,18.8089322067567,25.5317684454103,36.2328165495719,81.7497328840088,21.1068566874901,30.0811737216068,102.705748023586,19.3356527218584,33.0898772528089,46.636785437611,58.8685543393237,55.970527660377,26.831340642377,54.9930800050317,62.2529236166179,26.9381675355951,20.4384104407332,19.165048954696,36.9071204996953,59.0244589278691,26.0641843382391,73.9456552088507,48.9370552314879,41.9728016967599,42.0926454829641,23.065762751768
81.8967582457822,20.130273287838,73.2858205165303,33.0203612547705,18.8088968593634,25.5317547420993,36.2327163946195,81.749624289846,21.1067410789403,30.0810160948195,102.705613151846,19.3356179885855,33.0898562982729,46.636765264624,58.868447466356,55.9703475420945,26.8313031727139,54.9930225760656,62.252913679167,26.938138592551,20.438404213357,19.1647862204729,36.907102074246,59.0243307523992,26.0641612918237,73.945497609584,48.9369660159141,41.9726408485483,42.0925107870225,23.0656549077783
81.8967582022485,20.1302724142035,73.2858189631397,33.0203604996354,18.8088943300395,25.5317532630318,36.2327163521732,81.7496239181651,21.1067404049138,30.0810152994384,102.705612888087,19.3356179026516,33.0898562608197,46.6367628591227,58.8684469270129,55.9703474609703,26.8313008137127,54.9930224512545,62.2529123914089,26.9381350505673,20.4384030269275,19.1647857080061,36.9071002489004,59.024330669622,26.0641586063764,73.9454973599748,48.9369652260618,41.9726402732767,42.0925106864679,23.0656542323964
