597.291194118563,198.472991514426,492.469352614654,397.450760850211,324.02083891771,467.172633382145,431.934508620654,528.932270355477,537.351154366927,461.558931735943,363.142082189101,479.586283179528,443.793556142396,357.865725561263,436.444833370353,411.900480347783,490.627235439683,532.746242626653,434.295775314319,416.552954702382,457.515028016235,397.517139622972,356.796445941804,592.193963483411,359.836399993165,311.718681883506,409.162534385222,363.927366072528,600.775443326267,329.930378847667
501.928060986633,198.472991514426,492.469352614654,397.450760850211,324.02083891771,467.172633382145,431.934508620654,443.384455713285,498.157989781651,461.558931735943,363.142082189101,479.586283179528,443.793556142396,357.865725561263,436.444833370353,411.900480347783,490.627235439683,532.746242626653,434.295775314319,416.552954702382,457.515028016235,397.517139622972,356.796445941804,592.193963483411,359.836399993165,311.718681883506,409.162534385222,363.927366072528,552.427198650382,329.930378847667
458.329099461513,198.472991514426,479.277910933019,397.450760850211,324.02083891771,467.172633382145,277.742086090772,443.384455713285,482.758863623099,461.558931735943,363.142082189101,479.586283179528,443.793556142396,357.865725561263,436.444833370353,411.900480347783,490.627235439683,532.746242626653,412.48683083574,416.552954702382,457.515028016235,397.517139622972,356.796445941804,386.437405230694,359.836399993165,311.718681883506,409.162534385222,363.927366072528,463.153603312197,329.930378847667
458.329099461513,198.472991514426,479.277910933019,359.038004921898,324.02083891771,325.284258107989,277.742086090772,443.384455713285,482.758863623099,211.988256503938,363.142082189101,341.500715454196,443.793556142396,357.865725561263,251.952240425964,411.900480347783,310.126807994317,532.746242626653,412.48683083574,371.304462054396,300.791596138158,397.517139622972,356.796445941804,386.437405230694,359.836399993165,311.718681883506,409.162534385222,363.927366072528,463.153603312197,329.930378847667
285.074183275548,198.472991514426,429.540894051553,359.038004921898,324.02083891771,325.284258107989,277.742086090772,351.380923690734,351.379522958036,211.988256503938,363.142082189101,341.500715454196,281.372777369432,357.865725561263,251.952240425964,363.670676592478,310.126807994317,449.249232569896,412.48683083574,349.238768312187,300.791596138158,321.191368062813,340.448398746093,237.226318007526,359.836399993165,311.718681883506,409.162534385222,363.927366072528,420.52466189271,329.930378847667
278.126937672335,198.472991514426,205.747801198057,335.554096908727,295.951541178387,310.092952851753,277.742086090772,351.380923690734,351.379522958036,211.988256503938,363.142082189101,313.001363317276,281.372777369432,324.48912333123,251.952240425964,175.460046673493,309.554642987825,259.248247743782,217.393369535226,252.154720405185,300.791596138158,192.477760645519,313.346456615339,237.226318007526,282.629216392487,311.718681883506,240.687902119613,330.304789207065,269.564720541464,316.517976816188
215.699896548412,198.472991514426,179.649668081597,197.180036226614,226.381231392059,232.992677606552,269.329824150007,238.128648528896,218.742688143375,211.988256503938,341.433896267155,158.272452853861,258.012406604762,264.96740581898,251.952240425964,160.410186568091,183.211948463771,225.461115856307,209.561003102576,193.252600343504,300.791596138158,192.477760645519,268.528702783615,237.226318007526,282.629216392487,238.655886968013,188.17380745438,243.69038383206,244.388196453235,289.73838426589
201.607935153671,198.472991514426,177.992554044635,154.666386991944,187.588568849762,207.838564670431,184.616001093081,181.541866780643,118.433371242794,203.994631270446,157.288012015117,158.272452853861,176.808751090381,160.264793690971,225.755314108321,160.410186568091,144.222683472867,173.080065768982,170.552787151138,193.252600343504,180.278505075386,132.877882502998,178.3086507329,172.275331098433,133.192774493992,197.190428494209,184.822011559338,184.30314623121,204.949602937204,145.33737956779
119.658164375823,156.467644891309,168.168130694805,114.708375570655,159.816993226063,129.524604331708,119.48186321676,136.6001502696,118.433371242794,132.118018750766,118.236320504595,110.46410055682,160.742600910237,144.237392702999,128.312786984027,129.779439137636,138.579431589602,136.02235865217,140.998482680789,177.495348490041,144.480872468107,93.7666822456918,114.435068428092,156.212774518753,133.192774493992,157.037311102151,125.599621985538,124.794130150775,124.321472402301,108.769800241572
89.726461579673,114.567442666161,122.824591644671,101.999043261902,111.430614907712,87.5772656748809,92.3674684277216,111.164738712215,107.820463123645,110.499424807905,94.9167142471269,100.8127930533,103.002099193847,111.43770864138,106.846356604248,77.7385584014824,89.0029528239202,78.4940633303654,105.27613347514,111.956282643454,93.664678713425,93.7666822456918,114.435068428092,121.042065404591,115.32738285012,126.789249857627,102.548248160114,118.851990011429,108.433835842395,108.769800241572
60.9057222554234,95.1348839605735,80.6122812136227,81.9955525810346,81.8015179114659,70.4145751449837,72.7903699110261,58.8763218355689,77.9485349897968,77.0052513214764,74.8359185229324,89.0605935593035,100.302528770548,98.0113819478988,92.510914877244,77.7385584014824,44.6292842585331,64.8121050623595,44.5068254283012,91.794736020413,57.7760432525552,93.7666822456918,74.4701481443021,90.8440660329788,38.0114454099985,46.8861253195294,80.4072403121631,54.6032317605454,73.5914991872773,40.8824978959342
50.6658399933144,36.757411656678,63.0698908094841,71.4965483652177,46.2619977329089,59.615438306028,55.5668373590543,23.0606338542746,61.4792874695322,30.1947600452588,65.3861709214498,73.1505826776738,62.2484566361622,60.516865696738,62.6755840138735,24.0742066907874,22.9080394009907,47.4853982854481,23.4815843457313,64.9375632934693,27.724359052025,34.1854286879156,59.1243424500713,69.9019207952929,22.8066872512024,24.1965688378068,64.2439573691095,24.7762867121012,57.077734316686,24.4856992967138
50.6658399933144,36.757411656678,49.6664299440517,57.4514003662516,22.7781204569808,56.1675046108271,55.5668373590543,20.9440617874811,56.2116856508264,22.4953759215987,52.8830420256427,54.5827046412373,61.5850858192271,49.5482387144452,60.6360530793195,20.5949687552804,21.3375929098029,45.7528152456034,20.9365601526936,63.8803694914764,22.0716978135056,21.0001610612719,59.1243424500713,48.8965440610477,20.9198189078741,21.7175895305456,53.2076654052307,22.1128378358089,50.0130288355062,22.2814431892746
50.6658399933144,36.757411656678,49.6664299440517,51.7342886640681,20.8857338130433,21.3166130944785,51.2424651453889,20.7832692123118,54.0447741322373,20.5072721311813,43.2449024028049,49.616480183734,22.4518106951657,40.9776436435304,49.5199348620658,20.3902122313175,21.2459304525175,45.7528152456034,20.775892962539,50.1029311308325,21.7694084562258,20.7534734326064,51.0914395486552,48.8965440610477,20.7812437390908,21.7175895305456,52.5464844276362,20.5000952804419,36.3974349945395,21.877538286082
46.2169628028535,36.757411656678,44.2673977668962,46.6637392948753,20.7521397047701,21.0989113105416,36.5992985366941,20.7427189122832,45.3630612729439,20.4426009549484,43.2449024028049,49.616480183734,1.3071323182071,40.9776436435304,48.0181761423219,0.648627689258092,20.9690376120554,32.4643255497442,20.7403886466395,42.6732135922134,21.7546822835329,20.7534734326064,44.1500118125407,47.40808111911,20.770192600439,20.6087588174025,50.1995264268826,0.430889482102884,36.3974349945395,21.769206204604
20.7568076126522,19.5336116282497,21.1205238937744,22.4531765846264,20.7377457732262,21.0989113105416,20.4234892510722,20.717272383486,42.7465365353623,20.4426009549484,43.2449024028049,44.3541879039005,1.30713231329628,20.4476222299959,20.7418141466903,0.648627689257864,0.877869448250749,32.4643255497442,20.7403886466395,42.6732135922134,21.7243445933464,20.2528910111328,44.1388199311275,21.2445692465785,20.727269643311,20.3933629695171,45.5571146002242,0.374311993969513,36.3974349945395,21.6914929145441
