1789.85862178272,522.045462114022,1340.63179652178,1465.23775335593,716.233462116762,1759.17744835279,992.057936199908,563.197503545918,783.855926133124,1594.36283667552,1311.00158196311,1007.09759974463,1820.00792868392,627.976706445918,1395.71650955156,2456.65222501231,972.934402633802,1200.66509290562,1179.28659303965,610.042349898456,532.537865565544,905.693734375084,941.646879792953,1293.84336494319,1298.58103535748,1794.76442678634,758.634485746202,284.830109581335,714.908458788846,1368.85296162115
636.800104459276,522.045462114022,1340.63179652178,915.726813774661,547.375917225298,1346.89183550158,123.038755320338,563.197503545918,391.847648355839,774.757346750501,645.728491115235,891.654515073857,1544.64610450463,480.152255178686,363.117718836652,1043.86128539295,620.886038387756,1200.66509290562,1179.28659303965,282.349042662796,532.537865565544,905.693734375084,551.821339438348,1118.61612738438,1270.49784529928,1465.68956151063,528.173839898382,284.830109581335,588.809406864239,704.95195893174
425.959583454069,371.515011321695,840.572314240223,632.226785547376,218.46082088512,924.942403088954,123.038755320338,563.197503545918,391.847648355839,377.834830666099,262.475037038056,565.732166461305,437.512378590628,419.690514619862,363.117718836652,687.001798553021,620.886038387756,1166.56125934256,608.12705997193,192.120626090578,219.817728037614,676.10017224957,327.178244498777,599.577256133057,712.965908617236,401.069497664288,461.961860721399,249.845608975531,318.994516616403,308.645118344298
197.258492228257,371.515011321695,660.293077248083,250.664633237089,218.46082088512,509.857920269882,123.038755320338,563.197503545918,391.847648355839,269.999028190101,135.823231419771,133.295797693683,201.259257722366,279.147759367755,239.152963843669,294.244355583594,298.889993561912,444.239084510584,606.242953260038,149.854968850639,217.928250565503,329.465256785287,218.505041578067,262.13977330924,435.66954621217,401.069497664288,240.42215167561,249.845608975531,318.994516616403,264.7896858998
98.0571790939679,133.235509719883,244.047219606112,122.995072983791,135.58045658886,98.9177164530605,123.038755320338,192.45752120646,119.610009329086,51.0100684137072,71.7979800604381,91.5658592279168,106.288246223475,82.7197583181025,144.735737939816,140.067842053115,172.525622413791,139.716415801168,185.602173799874,91.4268571845648,122.828516285338,139.571661372474,169.017441759938,103.851885893615,262.992154378323,151.640241175652,58.6303526674507,137.970695860478,310.044825817657,202.108518642038
59.8286024296033,64.1761646552614,60.6378944631392,85.5470035241987,92.9305545272244,34.5883026863694,56.9150562351025,86.830689225435,24.7784034643892,43.5868654460266,71.7979800604381,82.15266917013,79.3801084108167,59.9232314524081,80.5932410414565,85.1753867547645,85.7854058056985,88.3400755117354,79.3042684323664,85.1666240450299,91.0376278194491,67.8345448039934,79.0802191699589,45.4477388971641,93.311844952448,79.3799555016673,39.7195666890998,92.3128033618972,103.538238693492,95.383517358907
8.20354230608535,14.025183722562,7.05393070373196,27.0340738547804,16.8449891884524,13.884616147516,14.9985563674778,26.7581655713449,12.900541471303,23.2287065080877,17.6595333027489,16.5949838837541,17.322159174328,16.8404124193623,12.9328073324718,70.78198750041,37.3440290761212,63.3824375535963,72.1140539278704,14.8988214785177,65.1361518735608,18.7510503315328,31.3664755386642,7.85649055634724,17.0037495398944,40.3020556022784,15.431615760845,44.3060749840338,57.7446429129678,18.5767226097295
4.68406500825643,9.45038627347242,0.201172035901493,5.66979922933092,5.98901559077166,9.54267559950529,6.2919515355677,0.312888874881878,9.22722412335497,0.408833841387434,0.657972721382691,0.691926667316807,0.431929443505851,9.45741852134091,0.222839797517679,1.1771935773657,0.292997162516826,5.87359055301425,0.62757309514177,6.29424368218361,0.704673744739182,9.87255385271618,0.643221507895646,0.385768650365719,6.26174214792405,1.05107089702676,9.58967041006633,0.617016459076467,12.9502762773739,0.238431227381909
4.02627290520172,8.92573483520505,0.00405991225153457,4.13808959776873,4.0743287835295,8.92680042065854,4.10468460426279,0.0140968805184798,8.92100705574194,0.0489269134433243,0.0898056271961991,0.130988747041044,0.0414016989208221,8.9338407021973,0.00840527717275563,0.177522083725194,0.0590246816716444,4.22763000279753,0.0507958213922848,4.18869880574852,0.0545144329919935,8.9238012744965,0.0527810256153884,0.00926429569489073,4.14291627001558,0.236491982505299,8.93790958270932,0.0350187700379934,0.441520316371964,0.0113676540327674
3.98658103891535,8.91612508339227,6.57366797440773e-07,3.98658656193919,3.98658351222605,8.91614294702612,3.98658071034714,1.25036171993997e-06,8.91613035344534,4.19197175460795e-06,2.95820586870832e-06,3.36162901248827e-06,8.61638625337946e-07,8.91616215668489,1.30709724999178e-06,9.31908061829745e-06,4.42131289446479e-06,3.98658876442613,3.47445904935739e-06,3.98658472901104,3.30449302055058e-06,8.91614130795358,1.09795024627601e-06,1.23413644814718e-06,3.98658835194709,7.2411917244608e-06,8.91623724828867,2.0295079252719e-06,2.74684260830327e-05,1.08531128262257e-06
3.98657911234989,8.91610193284095,3.58113538823090e-12,3.98657911243936,3.98657911239837,8.91610193385759,3.98657911240446,3.38786776410416e-11,8.91610192983171,1.1539214028744e-11,1.98951966012828e-11,4.57021087640896e-11,1.08002495835535e-11,8.91610193316438,3.5242919693701e-12,1.30000898934668e-10,4.72937244921923e-11,3.98657911246801,1.8360424292041e-11,3.9865791123641,3.92788024328183e-11,8.91610193315057,9.09494701772928e-12,6.59383658785373e-12,3.98657911242316,1.9838353182422e-11,8.91610194356252,2.67732502834406e-11,1.10901510197436e-10,8.41282599139959e-12
3.98657911234716,8.91610192778131,0,3.98657911234716,3.98657911234716,8.91610192778131,3.98657911234716,0,8.91610192778131,0,0,0,0,8.91610192778131,0,0,0,3.98657911234716,0,3.98657911234716,0,8.91610192778131,0,0,3.98657911234716,0,8.91610192778131,0,0,0
3.98657911234716,8.91610192778131,0,3.98657911234716,3.98657911234716,8.91610192778131,3.98657911234716,0,8.91610192778131,0,0,0,0,8.91610192778131,0,0,0,3.98657911234716,0,3.98657911234716,0,8.91610192778131,0,0,3.98657911234716,0,8.91610192778131,0,0,0
3.98657911234716,8.91610192778131,0,3.98657911234716,3.98657911234716,8.91610192778131,3.98657911234716,0,8.91610192778131,0,0,0,0,8.91610192778131,0,0,0,3.98657911234716,0,3.98657911234716,0,8.91610192778131,0,0,3.98657911234716,0,8.91610192778131,0,0,0
3.98657911234716,8.91610204000517,0,3.98657911234716,3.98657911234716,8.91610196474204,3.98657911234716,0,8.9161021264743,0,0,0,0,8.91610209191424,0,0,0,3.98657911234716,0,3.98657911234716,0,8.91610195694483,0,0,3.98657911234716,0,8.91610218849473,0,0,0
3.98657911234716,8.91610194219732,0,3.98657911234716,3.98657911234716,8.91610193724205,3.98657911234716,0,8.91610192780587,0,0,0,0,8.91610195357373,0,0,0,3.98657911234716,0,3.98657911234716,0,8.91610195694483,0,0,3.98657911234716,0,8.9161019508287,0,0,0
