30.4045066903176,46.6727208484389,56.3658091789267,48.4524026176373,38.9052015792724,53.6841624748821,45.8540489235661,39.2317246864202,36.6310726905506,41.1812691323646,50.1337536850922,39.6600468626604,50.4532649133771,37.990622780288,44.5670744035147,46.5442534359761,48.3187560480987,46.3478096515054,37.1445754318103,30.2458099381637,48.2798999416609,42.9525485395982,48.8592574216498,27.0858918321442,52.2048116655186,40.5887031153229,44.7860275895101,41.1183701869015,53.4186332192749,37.5650985464166
30.4045066903176,42.2876155298818,38.9379907840942,26.1595194965902,32.3049146724219,38.2773588070093,35.4037046491555,30.909571869498,36.6310726905506,39.5346631873515,49.5604007814827,36.7231094551094,44.8916846092717,30.5612018494609,36.1278789143068,44.2655095489283,34.6905090184169,41.2101400604824,37.1445754318103,30.2458099381637,45.439482325874,34.3238013647273,39.4818669829584,27.0858918321442,36.869049805509,38.2319735852835,41.8148886339378,37.1658018615458,36.7745550544563,33.8486792129485
30.4045066903176,21.2736543026417,38.9379907840942,26.1595194965902,32.3049146724219,30.3730353815356,35.4037046491555,30.909571869498,36.6310726905506,37.5040943179546,45.1976930457848,27.448258627194,44.2699036988031,28.246584936885,29.683809490282,30.01448412899,34.6905090184169,35.1877361799073,33.6626618733301,30.2458099381637,43.2289980108451,28.2104638032674,37.5302892636489,27.0858918321442,29.6918085766433,38.2319735852835,34.8961126237781,35.7616527058366,36.7745550544563,33.8486792129485
27.5687031865556,21.2736543026417,34.3440809903477,21.3325428262561,28.4300757003149,30.3730353815356,30.0312633579249,28.3714554167666,34.40703329478,23.8218590501755,29.2750063187246,27.448258627194,33.6854843808962,28.246584936885,23.4377359803877,29.2706735162972,21.322202943091,35.0859128679318,25.7885451275615,30.2458099381637,35.0824719979921,26.4514831613803,28.0174120529549,27.0858918321442,29.6918085766433,23.1510600048047,34.8961126237781,35.7616527058366,34.8979049354236,33.8486792129485
0.995722078961762,2.0011076338958,4.9748153495832,1.98997129595375,4.21573681560164,3.02159226481217,2.99213041296741,1.98996519763591,3.37505917508338,18.0326869963455,17.4560559466654,5.97202762225129,2.99470645057988,11.0931225975348,1.24844132187718e-05,5.97209572438135,5.97058572321555,5.04394717700495,25.7885451275615,2.07669488266879,0.0892743077000659,4.97494875493453,3.98099582445025,4.97559490779611,6.96923909619068,0.998260549263819,0.000148562289268739,2.98545920512618,2.98543166392983,2.98755439898264
0.994959057093297,1.98991811418659,4.97479528546648,1.98991811418659,3.97983622837319,2.98487717127989,2.98487717127989,1.98991811418659,2.98487717127989,0.994959057093865,4.97479528546648,5.96975434255978,2.98487717127989,0.994959057093411,0,5.96975434255978,5.96975434255978,4.97479528546648,3.97983622837432,1.98991811418659,0,4.97479528546648,3.97983622837319,4.97479528546648,6.96471339965308,0.994959057093297,0,2.98487717127989,2.98487717127989,2.98487717127989
0.994959057093297,1.98991811418659,4.97479528546648,1.98991811418659,3.97983622837319,2.98487717127989,2.98487717127989,1.98991811418659,2.98487717127989,0.994959057093297,4.97479528546648,5.96975434255978,2.98487717127989,0.994959057093297,0,5.96975434255978,5.96975434255978,4.97479528546648,3.97983622837319,1.98991811418659,0,4.97479528546648,3.97983622837319,4.97479528546648,6.96471339965308,0.994959057093297,0,2.98487717127989,2.98487717127989,2.98487717127989
0.994959057093297,1.98991811418659,4.97479528546648,1.98991811418659,3.97983622837319,2.98487717127989,2.98487717127989,1.98991811418659,2.98487717127989,0.994959057093297,4.97479528546648,5.96975434255978,2.98487717127989,0.994959057093297,0,5.96975434255978,5.96975434255978,4.97479528546648,3.97983622837319,1.98991811418659,0,4.97479528546648,3.97983622837319,4.97479528546648,6.96471339965308,0.994959057093297,0,2.98487717127989,2.98487717127989,2.98487717127989
0.994959057093297,1.98991811418659,4.97479528546648,1.98991811418659,3.97983622837319,2.98487717127989,2.98487717127989,1.98991811418659,2.98487717127989,0.994959057093297,4.97479528546648,5.96975434255978,2.98487717127989,0.994959057093297,0,5.96975434255978,5.96975434255978,4.97479528546648,3.97983622837319,1.98991811418659,0,4.97479528546648,3.97983622837319,4.97479528546648,6.96471339965308,0.994959057093297,0,2.98487717127989,2.98487717127989,2.98487717127989
0.994959057093297,1.98991811418659,4.97479528546648,1.98991811418659,3.97983622837319,2.98487717127989,2.98487717127989,1.98991811418659,2.98487717127989,0.994959057093297,4.97479528546648,5.96975434255978,2.98487717127989,0.994959057093297,0,5.96975434255978,5.96975434255978,4.97479528546648,3.97983622837319,1.98991811418659,0,4.97479528546648,3.97983622837319,4.97479528546648,6.96471339965308,0.994959057093297,0,2.98487717127989,2.98487717127989,2.98487717127989
0.994959057093297,1.98991811418659,4.97479528546648,1.98991811418659,3.97983622837319,2.98487717127989,2.98487717127989,1.98991811418659,2.98487717127989,0.994959057093297,4.97479528546648,5.96975434255978,2.98487717127989,0.994959057093297,0,5.96975434255978,5.96975434255978,4.97479528546648,3.97983622837319,1.98991811418659,0,4.97479528546648,3.97983622837319,4.97479528546648,6.96471339965308,0.994959057093297,0,2.98487717127989,2.98487717127989,2.98487717127989
0.994959057093297,1.98991811418659,4.97479528546648,1.98991811418659,3.97983622837319,2.98487717127989,2.98487717127989,1.98991811418659,2.98487717127989,0.994959057093297,4.97479528546648,5.96975434255978,2.98487717127989,0.994959057093297,0,5.96975434255978,5.96975434255978,4.97479528546648,3.97983622837319,1.98991811418659,0,4.97479528546648,3.97983622837319,4.97479528546648,6.96471339965308,0.994959057093297,0,2.98487717127989,2.98487717127989,2.98487717127989
0.994959057093297,1.98991811418659,4.97479528546648,1.98991811418659,3.97983622837319,2.98487717127989,2.98487717127989,1.98991811418659,2.98487717127989,0.994959057093297,4.97479528546648,5.96975434255978,2.98487717127989,0.994959057093297,0,5.96975434255978,5.96975434255978,4.97479528546648,3.97983622837319,1.98991811418659,0,4.97479528546648,3.97983622837319,4.97479528546648,6.96471339965308,0.994959057093297,0,2.98487717127989,2.98487717127989,2.98487717127989
0.994959057093297,1.98991811418659,4.97479528546648,1.98991811418659,3.97983622837319,2.98487717127989,2.98487717127989,1.98991811418659,2.98487717127989,0.994959057093297,4.97479528546648,5.96975434255978,2.98487717127989,0.994959057093297,0,5.96975434255978,5.96975434255978,4.97479528546648,3.97983622837319,1.98991811418659,0,4.97479528546648,3.97983622837319,4.97479528546648,6.96471339965308,0.994959057093297,0,2.98487717127989,2.98487717127989,2.98487717127989
