1564.79960220589,1194.24263258505,1824.269315126,1249.39841745729,1638.60320315083,1594.88032485641,1264.45520116876,643.348656255687,1586.38213259083,1167.61314885277,729.948896295542,1245.02529573774,1489.76479607404,1273.67144860573,846.61588300139,792.920430925065,1427.80709741972,1240.00373551933,724.029768011966,867.859165605292,1174.04249329822,690.660153493472,2259.64048757478,1636.41743096485,1704.21798093371,1277.31157424501,1332.52459752191,593.90828636359,1409.74829360656,1884.8246712818
1564.79960220589,1194.24263258505,776.43890332861,949.934935941682,727.10462394244,916.455105172306,430.207167880965,643.348656255687,836.384896079127,1167.61314885277,729.948896295542,1245.02529573774,1108.73988869453,1216.48567582113,608.156486677399,792.920430925065,1118.63720566811,1240.00373551933,724.029768011966,867.859165605292,367.722128775533,690.660153493472,1146.96402741278,921.007580574559,1461.24797494818,1025.80903089506,1332.52459752191,593.90828636359,1409.74829360656,830.953614797736
1311.34412551756,361.600436217642,759.422770114224,361.245808683702,727.10462394244,916.455105172306,430.207167880965,235.81034623573,422.701574872913,498.230999405005,729.948896295542,793.191421391905,615.023321234756,479.617946976978,258.195511818358,449.055813943333,557.915654568009,1011.34552983069,724.029768011966,272.277119789944,130.722978712108,197.577994704638,972.224712025743,220.891192249531,697.310288383007,510.194296352616,987.579004636174,593.90828636359,417.714852359222,830.953614797736
566.753694985512,361.600436217642,192.539692384292,136.065196001411,727.10462394244,712.896169807441,225.086368977737,235.81034623573,422.701574872913,450.311009588895,549.105413137338,308.046553732062,615.023321234756,281.570199120744,225.085091875952,391.315460591226,379.318323473848,446.354970008469,582.89968720894,212.856865084531,119.14011559596,197.577994704638,651.200630966001,220.891192249531,582.685471956383,165.573751845081,578.772489872782,326.690296565731,312.695430184703,830.953614797736
345.362028454238,212.634246822127,82.0906885767129,56.2674703921155,302.99986023139,455.01018789619,211.137982545034,113.806104499045,227.995733230973,255.278738046766,160.792523315401,76.854789972521,188.473377531409,139.777581835852,114.873626353556,101.991323455999,124.442820528141,100.478247490006,281.606045604728,117.270282361634,99.0259218195029,176.855024134678,313.185783386326,119.607486617761,107.773476006432,74.0633739531117,224.028526398547,120.532777150114,44.8983341497757,80.6297200954814
49.4913628493648,45.5353880305803,33.5244796914467,22.5978355133263,130.926254214784,46.3919170456396,42.4782896898937,15.8878972451787,53.4728360100505,43.2691132631937,34.1480271689073,23.0288519072359,47.9054412103339,26.8521869675012,33.7195069950653,34.434427637193,21.8710918643732,45.3931175047984,33.9206312192784,48.7735267385879,27.6576168863446,61.3568188148481,63.6700195900335,49.079808011224,54.8682920371583,18.1151857390958,34.713780964785,28.0908541850353,30.6757568670103,26.9864053923363
3.13432539002486,13.6195164980626,9.27594306350431,5.94566992380408,10.0771454555982,4.10980268143715,12.9982675187774,6.37889339575429,6.08657582402361,1.89563345277372,18.012282380291,1.46392681350494,4.77450806579793,5.38952740446598,9.47800138052935,5.37949271890261,1.72103592326118,8.14051578818123,12.5818763264219,12.4397365615698,2.2979426957171,6.05423853609534,8.97475648184025,14.5137847537396,20.1609944500258,4.96855012647552,8.75895149442658,6.16044875301884,2.6547092474118,7.32858989232977
0.589290384841888,0.258389440302494,0.518772276918071,0.444851271567813,0.537226296929134,0.708057725306048,0.55342062136765,0.314584310748501,0.410793095842905,0.395689708561349,0.672544848517418,0.856392747882182,1.3370041044866,0.765414221810261,0.810299226804318,0.446850064801652,0.236724437906219,0.612948500037305,1.22690769011092,0.863820481212429,0.404418987378676,1.01018076201672,1.94653221843987,1.10809032534326,0.784777148805006,0.150770304284265,1.05229232654438,0.182002461627576,0.430103021519585,0.763038739704371
0.00983329341067929,0.00944293632471727,0.00518606530965826,0.0332237257723591,0.044385841932808,0.0554110058694732,0.0180628080726137,0.00456141792551534,0.0115559865115529,0.00962856167393511,0.0146457880101707,0.00818905784251456,0.0279788187337999,0.00468361557511798,0.0862630811540157,0.0095808431583464,0.00788442925022537,0.019271029403285,0.0355371359620449,0.00759342813262265,0.0135611495544481,0.0287132640944492,0.0274812638224375,0.0286241574518726,0.0266847860539201,0.00461467375509983,0.0116862920191352,0.0135199316762282,0.0036133636268687,0.0406441757376115
4.15616273130581e-06,2.86065414911718e-06,4.53456380000716e-06,7.342816502387e-06,3.46161664310785e-06,6.22659808868775e-06,5.11308633122098e-06,5.42765553745994e-06,1.97908957488835e-06,3.71125759102142e-06,1.0221071079286e-05,1.96025450804882e-06,1.03897866665648e-05,2.39517805766809e-06,2.9117577469151e-06,9.36275534968445e-06,1.66238135079766e-06,7.54728546326078e-06,1.24869663977734e-05,2.47544198828109e-06,2.94354686047882e-06,1.05293335082024e-05,4.81253948692029e-06,1.33682638079335e-05,6.72993496664276e-06,4.467257667784e-06,3.17544424888183e-06,2.33916091474384e-06,3.68746350432048e-06,3.0425635031861e-05
1.50066625792533e-11,3.63797880709171e-11,1.59161572810262e-11,5.71844793739729e-11,6.57109922030941e-11,9.86801751423627e-11,6.86668499838561e-11,3.21733750752173e-11,3.5242919693701e-11,4.39968061982654e-11,3.41060513164848e-11,3.69482222595252e-11,1.28466126625426e-10,1.53477230924182e-11,4.80895323562436e-11,9.15179043659009e-11,1.11413100967184e-11,2.81943357549608e-11,7.58291207603179e-11,2.20552465179935e-11,3.2855496101547e-11,7.16227077646181e-11,3.79714037990198e-11,9.39053279580548e-11,5.10453901370056e-11,5.52518031327054e-11,2.41016095969826e-11,1.06410880107433e-10,5.79802872380242e-11,1.9065282685915e-10
0,0,0,0,0,0,0,0,0,0,0,0,0,0,0,0,0,0,0,0,0,0,0,0,0,0,0,0,0,0
0,0,0,0,0,0,0,0,0,0,0,0,0,0,0,0,0,0,0,0,0,0,0,0,0,0,0,0,0,0
0,0,0,0,0,0,0,0,0,0,0,0,0,0,0,0,0,0,0,0,0,0,0,0,0,0,0,0,0,0
0,0,0,0,0,0,0,0,0,0,0,0,0,0,0,0,0,0,0,0,0,0,0,0,0,0,0,0,0,0
0,0,0,0,0,0,0,0,0,0,0,0,0,0,0,0,0,0,0,0,0,0,0,0,0,0,0,0,0,0
