818588740.707555,1007691913.92621,688925892.426274,156246928.316909,428169335.790738,266002493.30617,206128601.169848,453102139.967477,2505730864.12269,220928041.656331,1482518016.03211,198356832.016639,392974193.602251,163904989.581664,1195191706.45676,102098784.293259,605335600.725661,120102029.835626,375785125.632063,133773695.820226,793230367.981239,1034094321.37373,731850666.310027,354163990.4674,434547864.609643,580974959.728409,76875311.7081795,2140808987.47826,1212545665.87506,299761674.966556
818588740.707555,220365566.011991,376742987.826278,146525739.580321,428169335.790738,266002493.30617,69741290.8430294,453102139.967477,549496278.214017,180205078.894197,1482518016.03211,142979854.195517,267354230.910482,163904989.581664,416707910.441233,102098784.293259,605335600.725661,107661163.522291,375785125.632063,133773695.820226,548089266.392145,412628445.650819,478510087.125455,354163990.4674,316899364.845817,580974959.728409,76875311.7081795,373057003.135517,651509192.533308,299761674.966556
252504555.222586,136119050.317139,376742987.826278,37287528.4370898,364831918.490386,152776210.965832,69741290.8430294,453102139.967477,549496278.214017,87292885.1671462,759064713.360661,134263185.595052,135624630.724271,163904989.581664,149790016.500609,30925029.3368258,87013505.8888257,9048361.41002934,66756177.1831656,133773695.820226,235433856.564065,350604613.624778,107355004.04735,126225438.475514,316899364.845817,580974959.728409,56941442.3889798,373057003.135517,398465237.279358,299761674.966556
235599861.253119,121400031.668028,157887489.449194,37287528.4370898,53774023.9141,40352456.9958501,42296757.696262,125744591.124983,51440250.7244196,29000092.8481572,92691951.5049016,87684173.6442763,135624630.724271,58227888.1384594,41441502.1828745,30925029.3368258,87013505.8888257,9048361.41002934,66756177.1831656,41172930.0581397,235433856.564065,51116013.210781,33393324.4660014,126225438.475514,316899364.845817,352407202.818354,56941442.3889798,181237771.68284,6868666.61515721,18615808.904079
36372949.4159238,23829553.0274193,41203520.3795644,37287528.4370898,5898861.44811455,40352456.9958501,26954420.6749902,21664332.2946137,51440250.7244196,29000092.8481572,25212613.2871085,26297687.2624687,36177231.2373752,28177554.2938529,12795464.9550725,30072416.8161095,87013505.8888257,9048361.41002934,43319345.7677518,41172930.0581397,28010522.3695434,12107761.3355269,22466498.2606533,98246007.8321876,15479648.2948688,306251439.886702,18968951.6344275,43926663.7646871,6868666.61515721,6084313.53683113
4199073.14684478,6931023.04196524,17805561.8152451,10404230.3484463,5898861.44811455,15751805.6127431,14627157.4337802,21664332.2946137,18624250.6163859,14835644.5393472,4150596.02681097,5422604.80499213,5453024.20530616,5996311.92408883,12795464.9550725,1794531.70805633,35951368.4179589,1281491.2257979,8994897.19667296,15812400.7555113,4733740.88247598,3274727.71574583,11384697.0512079,10746698.0524034,15479648.2948688,46405530.7340473,14863883.3787776,6838988.75636881,6610907.90927814,460379.653630939
653260.937593973,87947.3736283484,737599.984858854,722920.674549404,706344.636511591,4183617.49135406,383092.079416436,1740363.25885656,1541082.82461573,920231.940767656,360645.70435471,550103.944443678,629516.345824304,118271.572925078,667540.017616047,385284.986471369,20729519.9807018,131364.27801957,1676013.03477718,590660.906232852,1195867.49310016,530028.774044403,622350.614196169,941173.347458579,259720.150947405,14993798.6367604,42881.8044712399,482331.262424948,682990.864478871,45997.196508612
74657.6405737661,4708.44383452414,16228.1513457017,71790.5308038603,17358.5743463689,245985.731874001,39396.4987947611,36400.171242007,47375.5065434874,184836.735668343,800.679029217913,199388.610484785,47602.8879512585,4268.31173264337,18438.0106238924,6953.50838262826,696000.912840663,5912.68549564316,18483.7070655098,49283.0734915953,25518.8844952545,40990.1737393062,43374.9656363404,258664.239417861,24383.948307982,510282.782876376,7647.37492801246,32901.830572597,28792.8435816474,546.316517206559
719.606849405748,370.784619938527,915.555538430763,637.312896612682,626.468284118996,6735.37380631589,610.626741582984,3704.44751400172,353.509361408557,1421.80377698533,155.905164140224,1931.65896127311,211.257469004697,111.0048498068,1206.20063324884,179.89225464403,448.028845242332,221.696359589326,217.076333833759,456.327078804885,215.069891020232,147.590644512941,1003.73969307671,2899.90329925663,665.374974494085,14011.0639598564,134.914267579412,297.472793804621,208.380906187162,160.480869368278
17.9445451036331,18.4680466263926,49.1930709449887,62.6149762205162,15.9604351423475,178.997591668056,13.3187203422647,56.0811309340595,25.4706822767203,38.4764246934772,32.7270128513671,168.854408791557,141.7849392788,18.3422335746839,98.7530955188095,40.5971015963132,102.181910613878,15.2362362625779,49.1528948633033,62.4220083144032,74.2781310399196,17.8126119604667,130.048779284273,76.6339177804557,43.4343384954282,148.179328835174,14.7387084864963,20.0015019408465,51.0230891751801,37.0525296441476
0.411242434189944,2.17243800527399,1.36261045345555,9.15804462117353,0.807492324564919,2.45655011289568,2.19122783049647,1.44755259700992,10.2282799789325,2.46617522968745,5.88961176858015,24.3830563410286,22.7153769426745,9.42692033068465,10.0706224041921,5.14459846713612,1.81221242673064,5.05714553222492,2.5922355649459,1.27030222943972,10.062909740551,1.30689948009194,23.994588803648,21.0511161122845,2.58319299694858,62.7601583908558,1.1191164391214,5.1313970876547,10.2653846807714,4.49352725183326
0.335615765679677,2.11458729753258,1.23107931524123,9.06000430104314,0.540296656728742,1.43190199373316,2.12104314663065,1.26550407283253,10.1677412958177,2.28602124932581,5.53306806620935,22.3822967460765,21.5680029489713,9.40344597134253,9.95409714968378,5.08750307967671,1.28359663870151,4.99707421421226,2.37430339023012,1.01209338796912,10.0161483974553,1.19115333290006,1.13120216562697,4.15835535099222,2.28495925137872,5.12577018610159,1.078213130432,5.09254716808664,9.98946641675752,4.4499968180844
0.333125911919524,2.11265752034137,1.22903483082177,9.0564570021379,0.537391497020053,1.42776802947469,2.11919514021929,1.26013250289384,10.1660772755267,2.27310187167927,5.53036711938444,22.3820872959861,21.5679268986848,9.40305046882327,9.95207256620961,5.08695558127988,1.2749940724409,4.99611432799884,2.36852297012979,1.00792959391947,10.0137995069215,1.1898699122687,1.11612439521377,4.12227061562317,2.27552158547815,5.03245719183496,1.07744469747308,5.09167549388417,9.98639446808261,4.4478213841744
0.333113087723859,2.1126495020867,1.22899344873031,9.05643002248712,0.537379266545486,1.42771520425504,2.11918281104818,1.26007150333521,10.1660707681158,2.27300265561917,5.53036236978346,22.3820872955084,21.5679268985245,9.40304796332543,9.95205936932666,5.08695064278686,1.27485925271617,4.99610368259573,2.36849014525274,1.00785570561357,10.0137915778728,1.18986517475355,1.11604729001101,4.12182381810703,2.27546013272877,5.03078993882809,1.07744185721231,5.09167057655054,9.98636009332972,4.44781658914985
0.333113051842929,2.11264926311082,1.2289932526221,9.05642994550044,0.537379075800118,1.42771490564633,2.11918264962947,1.26007137101578,10.1660707025237,2.27300237961231,5.5303620703703,22.3820872955084,21.5679268985245,9.40304763649692,9.95205936595653,5.08695047128163,1.27485904905166,4.99610367081345,2.3684898904105,1.00785569222376,10.0137915696425,1.18986506868373,1.11604713634097,4.12182343958216,2.27546010775586,5.03078888942923,1.07744178874009,5.09167052575594,9.98636008967424,4.44781625880341
0.355272093451731,2.08454635980388,1.26419547303976,9.04221320888541,0.48815132560344,1.38839237460479,2.14277795417888,1.21141018556159,10.1679793347409,2.1802268018032,5.46365292790142,22.4794664731696,21.6764710273069,9.35699812012172,9.95535479251521,5.11038617102372,1.29100670111211,10.0502219161535,2.31339163386178,1.00840979316308,10.0392429738906,1.2228665029802,1.12525855027593,5.60335811475625,2.2734864486913,5.69324010966761,1.08717615048636,5.13585081891188,9.98491440159228,4.46091730991543
