4540.21153512255,4844.12364610274,7943.69391354454,2790.97233840201,3006.04070744006,5306.13233087472,7403.92721597907,4748.61562528455,2760.75076282448,4832.4382060571,984.748818296786,2792.12489938019,4194.45933768361,1915.65163547895,2137.11909546343,2742.39908259081,1967.20192006494,4156.72748508578,2133.05395306639,3347.63136118174,3677.7442409421,2313.46389539238,3012.09992906207,1184.10378849935,4603.0779388695,6545.86570195359,1137.1559204052,6302.93714584115,3933.38303307988,2813.28809867132
17.3106365876985,18.8235211585969,13.5873056748993,20.8544702098943,7.46233632500804,51.3964563154984,25.0721684274346,25.2293610667498,9.46615638757737,21.6267257229122,7.79213295434454,14.5542145602864,22.1422349942008,18.955147556695,36.1948276613218,12.5232365927542,21.6570398291025,17.808836614871,9.07088680569467,31.4504637976742,14.9255615590995,13.6297899887763,14.5322485974059,7.95871583222197,24.9508798566274,34.0898027445054,7.98564507505677,11.8927563923662,10.3769292236241,32.744288227544
0.806526395404944,2.08860904062658,2.62325508290297,2.49784806122437,0.948937979840707,1.47917680174527,2.52615575235239,2.83208657402344,0.839524673910887,1.81181051859431,0.625929222522018,1.50568013358617,2.49578447829998,0.628140467849107,1.39959900029447,1.39137352079752,1.27445617881261,1.53269519023831,1.08617214495979,1.22943671518658,0.594164509404777,0.98001518084692,1.13562688695572,0.621835908505432,0.483070714692815,0.866462934271169,0.642265991673014,2.68959919596512,0.51097583563876,1.48155750884575
0.0102273085927322,0.0347266587758099,0.0194099201887639,0.0110529328448479,0.00830367823698452,0.0126197811243287,0.0154700650258519,0.00771752810652515,0.00444830962766218,0.0205962392016659,0.00449433718972614,0.00837251391817517,0.0102814284451256,0.0113564208230628,0.0136554550062442,0.00527692225756482,0.0105865583357172,0.015937149762749,0.0162745185664903,0.018446742258277,0.0181274318530882,0.0152243159016052,0.00686710714336414,0.00976355793653738,0.00938576837995697,0.00406492245519985,0.0102444410719045,0.0155229460918918,0.00910021498020797,0.018221800707181
3.94491621591442e-08,5.51667085346708e-08,9.94824631561642e-08,2.64232653535146e-08,2.226249762316e-08,3.75950435227423e-08,4.64245886178105e-08,5.53130234948185e-08,2.92723143502371e-08,5.76742422708776e-08,1.17823901746306e-08,2.00441263586981e-08,1.49527181747544e-08,4.3203499444644e-08,3.61721959052375e-08,4.72768419967906e-08,3.67335815099068e-08,4.88564637635136e-08,2.94903088615683e-08,1.02472768048756e-08,2.69617999038019e-08,5.74128193875367e-08,1.56319970301411e-08,2.45488536165794e-08,3.41541976922599e-08,1.41640725814796e-08,1.86362854037725e-08,3.08318135466834e-08,2.85633632302051e-08,6.72519036015728e-08
0,0,0,0,0,0,0,0,0,0,0,0,0,0,0,0,0,0,0,0,0,0,0,0,0,0,0,0,0,0
0,0,0,0,0,0,0,0,0,0,0,0,0,0,0,0,0,0,0,0,0,0,0,0,0,0,0,0,0,0
0,0,0,0,0,0,0,0,0,0,0,0,0,0,0,0,0,0,0,0,0,0,0,0,0,0,0,0,0,0
0,0,0,0,0,0,0,0,0,0,0,0,0,0,0,0,0,0,0,0,0,0,0,0,0,0,0,0,0,0
0,0,0,0,0,0,0,0,0,0,0,0,0,0,0,0,0,0,0,0,0,0,0,0,0,0,0,0,0,0
0,0,0,0,0,0,0,0,0,0,0,0,0,0,0,0,0,0,0,0,0,0,0,0,0,0,0,0,0,0
0,0,0,0,0,0,0,0,0,0,0,0,0,0,0,0,0,0,0,0,0,0,0,0,0,0,0,0,0,0
0,0,0,0,0,0,0,0,0,0,0,0,0,0,0,0,0,0,0,0,0,0,0,0,0,0,0,0,0,0
0,0,0,0,0,0,0,0,0,0,0,0,0,0,0,0,0,0,0,0,0,0,0,0,0,0,0,0,0,0
