15482.8421843425,23272.1386565582,40695.6233777838,17449.5203959215,25605.9062215142,27227.5638598489,20809.8751498662,31326.1855220991,11085.2552755586,18090.4672396252,11740.7251798996,53426.4571292728,27249.6897032843,30244.2697502189,20857.5016732526,9775.32959568093,12408.9875897869,14202.674855938,498109.150000557,13357.5722092195,20038.5241650069,19340.1201135166,25460.5145948821,27700.653476062,24423.2836061134,14665.7754523389,25745.0350344221,20260.6085050734,18202.0448422219,36530.6052618497
12295.7683505189,23272.1386565582,40695.6233777838,17449.5203959215,9538.4532925494,27227.5638598489,20809.8751498662,27547.8729936261,11085.2552755586,15543.0925494839,11740.7251798996,22956.578608884,27249.6897032843,16690.0272122864,20857.5016732526,9775.32959568093,12408.9875897869,14202.674855938,32088.7985379657,13357.5722092195,20038.5241650069,17133.9864686605,16611.3090103516,23094.8043889876,19187.7658964965,14665.7754523389,20561.8135009906,20260.6085050734,18202.0448422219,36530.6052618497
12295.7683505189,12953.6095850369,20533.5643908063,10297.781436893,9538.4532925494,17780.3431529694,20114.081936007,23385.6929375408,11085.2552755586,13972.3134385043,10142.9209455807,15789.1462373149,27249.6897032843,16690.0272122864,17382.3840240892,9775.32959568093,12408.9875897869,14202.674855938,21789.7065070706,13357.5722092195,20038.5241650069,17133.9864686605,16439.7263041062,14021.606930857,17786.8519566904,14665.7754523389,8169.20970596402,14499.354811357,15525.9345408598,16443.5723872738
10816.0527034891,12953.6095850369,10571.1490339576,10297.781436893,9538.4532925494,17780.3431529694,16331.369969666,12531.8367814476,11085.2552755586,11989.1867634055,10142.9209455807,15789.1462373149,27249.6897032843,11002.3888536256,12657.3311465469,9775.32959568093,11547.4043525032,14202.674855938,13238.7188489749,13357.5722092195,5670.7521537618,8851.6048205339,16439.7263041062,7331.90909014387,7358.78022308419,14665.7754523389,8169.20970596402,14499.354811357,15525.9345408598,16443.5723872738
8848.63965777254,10421.3446384094,10571.1490339576,10297.781436893,9538.4532925494,14688.5362935607,12325.3481465158,11047.5223564344,4900.61344627365,10165.1182883071,7960.8553194391,9764.43591446315,10265.1209324652,5514.68111681816,12418.8817245916,9775.32959568093,8669.21267883182,12631.7860369456,8272.32922162925,6160.20489203872,5670.7521537618,8611.80920035652,5662.77813915141,7331.90909014387,7358.78022308419,11565.7542146412,8169.20970596402,9383.93383243699,9213.45399729511,9620.2412224169
4540.21153512255,4844.12364610274,7943.69391354454,2790.97233840201,3006.04070744006,5306.13233087472,7403.92721597907,4748.61562528455,2760.75076282448,4832.4382060571,984.748818296786,2792.12489938019,4194.45933768361,1915.65163547895,2137.11909546343,2742.39908259081,1967.20192006494,4156.72748508578,2133.05395306639,3347.63136118174,3677.7442409421,2313.46389539238,3012.09992906207,1184.10378849935,4603.0779388695,6545.86570195359,1137.1559204052,6302.93714584115,3933.38303307988,2813.28809867132
135.52012057783,512.63172348414,377.239377349194,159.456493050124,38.7868336236331,75.3243925770313,103.337139589878,33.3790536025782,28.9345839041712,50.7840137463423,28.0931011297061,200.147849297337,218.767356579189,59.6703209576794,111.244023865608,300.077774912421,54.230766144296,263.595903640172,34.7633965612859,113.226971405527,252.583779932058,63.2601100763659,157.98971642796,134.048219705227,327.416989346473,212.083407730077,23.0725158051768,66.5948959131173,141.793717372418,157.774617019658
3.91627437550744,2.95816637435911,6.21662620269626,3.50444017082174,1.98614223634314,11.4070691244248,8.06124466693819,3.82476631512287,2.9465898769048,3.05512840251828,2.25839327901627,6.21823698050792,3.8735525161332,3.4353723873254,7.47377701691181,2.80404134557114,4.34530448389211,3.12297461850193,2.34841060874351,3.01327990094313,3.82651833503411,4.42841002095554,5.1292780212932,1.57328627763394,1.64399801895632,2.80231813924888,4.36460820168071,6.75567651682439,1.53925010637892,4.22414925451534
0.106682620647689,0.133369934737345,0.201575348076631,0.110188906548217,0.226076706257459,0.139678568476711,0.19127104048016,0.209903039883272,0.0686529046847681,0.224215998648731,0.0579771585142907,0.102094630648537,0.166850372291833,0.188155992992051,0.120038681589676,0.103402925528826,0.184826961694569,0.160250335025864,0.163254085270808,0.163322106216583,0.173799437078685,0.159928676689788,0.0572904601662572,0.0892332649463015,0.0984906968438963,0.0713200261149041,0.0746700156147995,0.192042560866184,0.120621543278503,0.192505148898533
0.000322831510175092,0.000667862360387517,0.00100714533175505,0.000484959700884247,0.000411156549716907,0.000495762137290967,0.00051571510073245,0.000368179855513517,0.000242244467131059,0.000921120564100875,0.000309232529275505,0.000333304601895179,0.000218495355454706,0.000204184078313574,0.000204463659031262,0.000448285661036607,0.000457582471995011,0.000468017024388701,0.000457999209515947,0.000151706536371421,0.000368010114641493,0.000852350682180258,0.000383790751016022,0.000168191163197662,0.000238957087788094,0.000184304169920324,0.000376989217386381,0.000380485528751251,0.000258315028759171,0.00134547315286682
3.94491621591442e-08,5.51667085346708e-08,9.94824631561642e-08,2.64232653535146e-08,2.226249762316e-08,3.75950435227423e-08,4.64245886178105e-08,5.53130234948185e-08,2.92723143502371e-08,5.76742422708776e-08,1.17823901746306e-08,2.00441263586981e-08,1.49527181747544e-08,4.3203499444644e-08,3.61721959052375e-08,4.72768419967906e-08,3.67335815099068e-08,4.88564637635136e-08,2.94903088615683e-08,1.02472768048756e-08,2.69617999038019e-08,5.74128193875367e-08,1.56319970301411e-08,2.45488536165794e-08,3.41541976922599e-08,1.41640725814796e-08,1.86362854037725e-08,3.08318135466834e-08,2.85633632302051e-08,6.72519036015728e-08
0,0,0,0,0,0,0,0,0,0,0,0,0,0,0,0,0,0,0,0,0,0,0,0,0,0,0,0,0,0
0,0,0,0,0,0,0,0,0,0,0,0,0,0,0,0,0,0,0,0,0,0,0,0,0,0,0,0,0,0
0,0,0,0,0,0,0,0,0,0,0,0,0,0,0,0,0,0,0,0,0,0,0,0,0,0,0,0,0,0
0,0,0,0,0,0,0,0,0,0,0,0,0,0,0,0,0,0,0,0,0,0,0,0,0,0,0,0,0,0
0,0,0,0,0,0,0,0,0,0,0,0,0,0,0,0,0,0,0,0,0,0,0,0,0,0,0,0,0,0
