11.3415738310432,13.1536644874819,15.9258368562668,12.4450787878141,18.3882135697974,38.9899139052446,9.81677789866501,9.04534489514981,8.17353046206642,23.7889279245636,15.2883484767685,15.5912450427132,10.2784706217894,10.9370838269894,43.6619462674918,25.3090148166856,10.1552197126263,7.36286403323561,5.1456562350312,12.1150213382584,22.206561350734,7.98866303507418,9.2444534355426,22.874009296065,20.4788283668387,18.7641849762209,10.4765324911157,6.90442249420835,30.379269041017,21.26437248501
1.35358970441814,1.72952191999764,2.08304702769465,1.26362905999167,3.2457825615985,9.65765755295149,2.1210928909162,2.41349704574372,2.6823257240975,7.09459770332796,2.70905725621856,3.06340111911152,1.90681093499552,1.81259707169056,19.0858236064385,8.6219687404996,2.79401242718677,2.84218302148338,1.36378538651059,1.84306459893105,4.5505894345398,2.0324647801815,2.16886464967274,5.44220449457305,1.91519990738175,6.65479635075928,1.84669156022414,1.07648968949604,7.69467322451692,3.45800523311539
0.703244524974366,0.781536705518079,0.788728392777671,0.605024163179792,0.850797782573864,3.93142249068285,0.803260363276422,0.755225759204677,0.74564727609993,2.60394457692075,0.693553790007854,0.87044137433486,0.554556043642378,0.815556409624833,8.71095962930644,3.75571233223013,0.655294428821662,0.7463501348401,0.54739936508588,0.860979088034469,2.26472603758077,0.463535430190404,0.642960051506407,0.667916641143847,0.455825278864154,2.83468315991388,0.771329313708975,0.662997853966772,2.15897278976661,2.82921324363383
0.0686463686880643,0.0840672115697316,0.0489043422177247,0.0701407435967667,0.0858792262436054,0.912135720113497,0.0813060525809988,0.0783239538445741,0.103291744786702,0.72121714149705,0.120696550872367,0.110046992602747,0.0679324989235965,0.0842384991824474,0.864578366443197,0.555630823241017,0.0931147624219193,0.109074163383525,0.0563243695964957,0.0552333597038341,0.485715652503018,0.0785616933030724,0.0983840423400579,0.111291131308803,0.0562159017305248,0.624956924401886,0.0771176191221912,0.0711706796777207,0.673523457879696,0.406076676794669
0.000322330545373006,0.000360566368385662,0.000513392928723988,0.000886466062411273,0.000505355516111194,0.0400985146810626,0.000388699331438147,0.000454625581141954,0.00061812724277388,0.0300736835723683,0.000594930629745249,0.000596798988112823,0.000378629859824287,0.00057845095511766,0.0421219966343642,0.0248141210190624,0.000570416498703707,0.000368906198900731,0.000385720423651037,0.000527572175428759,0.0318356990079565,0.000359182461011187,0.00046074892031811,0.000619378925193814,0.000358291489419571,0.030751972132407,0.000670074183403813,0.000394838917600282,0.0445823418257305,0.01734185843452
2.72565330305952e-08,1.19224523587036e-08,3.33811840391718e-08,4.31208491136204e-08,7.59627027946408e-08,0.000122223316338932,5.53512791157118e-08,9.70635483099613e-09,9.55274117586669e-08,5.97272352251821e-05,8.84917881194269e-08,3.49067477145582e-08,2.03870058612665e-08,5.49273408978479e-08,9.58909652126749e-05,4.89749772896175e-05,3.14162207359914e-08,3.99244299842394e-08,4.24637391915894e-08,5.11148527948535e-08,8.72436860390735e-05,2.97980022878619e-08,4.46490730610094e-07,5.57322437089169e-08,2.30421619562549e-08,0.000162397287340355,4.14439682572265e-08,5.17054559168173e-08,4.73243735541473e-05,6.56001581091914e-05
1.13686837721616e-13,1.13686837721616e-13,1.13686837721616e-13,1.13686837721616e-13,1.13686837721616e-13,1.13814393216671e-05,1.13686837721616e-13,1.13686837721616e-13,1.13686837721616e-13,8.53427877700597e-07,1.13686837721616e-13,1.13686837721616e-13,1.13686837721616e-13,1.13686837721616e-13,1.44729494877538e-06,3.78235768039303e-07,1.13686837721616e-13,1.13686837721616e-13,1.13686837721616e-13,1.13686837721616e-13,4.89128183289722e-07,1.13686837721616e-13,3.5541359011404e-07,1.13686837721616e-13,1.13686837721616e-13,1.65967037446535e-06,1.13686837721616e-13,1.13686837721616e-13,4.84218048768525e-07,1.42538397085445e-06
1.13686837721616e-13,1.13686837721616e-13,1.13686837721616e-13,1.13686837721616e-13,1.13686837721616e-13,4.36205368714582e-07,0,0,1.13686837721616e-13,3.59628415935731e-07,1.13686837721616e-13,0,1.13686837721616e-13,1.13686837721616e-13,1.42355008847517e-06,3.76016373593302e-07,1.13686837721616e-13,0,1.13686837721616e-13,0,3.55357883563556e-07,1.13686837721616e-13,3.55410406882584e-07,1.13686837721616e-13,0,2.81690063275164e-07,1.13686837721616e-13,0,3.55405177288048e-07,7.12942778591241e-07
0,0,1.13686837721616e-13,1.13686837721616e-13,0,8.50377546157688e-11,0,0,1.13686837721616e-13,3.55439965460391e-07,0,0,1.13686837721616e-13,0,4.26211954618338e-10,3.56544660462532e-09,0,0,1.13686837721616e-13,0,2.07819539355114e-10,1.13686837721616e-13,3.55403244611807e-07,1.13686837721616e-13,0,1.69393388205208e-11,1.13686837721616e-13,0,9.11768438527361e-11,8.01492205937393e-11
0,0,1.13686837721616e-13,0,0,0,0,0,0,3.55391080120171e-07,0,0,0,0,0,1.13686837721616e-13,0,0,0,0,0,0,0,1.13686837721616e-13,0,0,0,0,0,0
0,0,1.13686837721616e-13,0,0,0,0,0,0,3.55376187144429e-07,0,0,0,0,0,0,0,0,0,0,0,0,0,0,0,0,0,0,0,0
0,0,0,0,0,0,0,0,0,3.55376187144429e-07,0,0,0,0,0,0,0,0,0,0,0,0,0,0,0,0,0,0,0,0
0,0,0,0,0,0,0,0,0,3.55376187144429e-07,0,0,0,0,0,0,0,0,0,0,0,0,0,0,0,0,0,0,0,0
0,0,0,0,0,0,0,0,0,3.55370502802543e-07,0,0,0,0,0,0,0,0,0,0,0,0,0,0,0,0,0,0,0,0
