120.285846094667,100.995943563671,115.47726142094,98.0451449058032,112.885154697264,109.556649375975,107.330030037029,104.731897729457,117.1404045938,121.368579469304,110.653241373224,108.327590543813,114.22183946603,128.233894653806,112.489558591464,86.9091891438177,114.505006809032,93.7543294500472,120.889204076612,111.779114288379,116.507174546457,109.124112551169,114.252664537452,89.287840747208,112.295043097288,101.851368240325,106.638261982061,120.236820952287,117.405318392134,108.406748342637
101.906781159571,94.8899233997035,103.520486236141,98.0451449058032,103.541347124117,92.5982566643255,99.0328775669464,85.5302928231357,100.429659119211,103.521312823218,101.921225542668,93.9796948648747,98.2631155121201,104.402569541057,108.769207562771,86.9091891438177,111.829841315782,93.7543294500472,95.2080633267597,98.7033709387076,95.8957273721819,88.692117407798,114.252664537452,89.287840747208,97.2128974793192,101.851368240325,93.4120958607177,92.8316230131031,76.624216613142,73.305693868555
101.606376384472,90.4538425923323,100.2315232233,94.0481397768037,83.5891838740348,92.5982566643255,99.0328775669464,85.5302928231357,97.4291488407118,100.702001346092,98.90192207588,89.4541142754468,98.2631155121201,88.0422091117,98.1044535329989,86.9091891438177,94.989285303361,93.7543294500472,83.0309815565806,87.2326386533138,95.8957273721819,88.692117407798,92.1021432699176,72.9775576010481,84.4901630344094,91.8543604455641,82.0374714556011,92.8316230131031,76.624216613142,73.305693868555
5.22121572657943,19.1839731656738,26.3951955355127,5.17071347094463,4.19754315297757,6.26673118335691,84.8244737828543,3.68924018094094,8.09166708872101,19.5620021636981,6.48389821731348,16.6386446011987,4.99683142252172,5.8408456334605,84.0884327418275,4.62256404041341,58.3997137065305,72.6268169351513,4.36928107197195,3.59736549276124,4.60312293278832,13.9974802416306,8.76742102694709,6.3551551539,79.7039164753993,7.46527667129317,9.5471439884675,6.13818688297579,5.4609877425637,62.4587329249365
3.97983623612231,3.9798362380501,6.96471344149643,4.97479528659301,3.97983622929189,5.96975434380613,6.96470846294983,1.98991811737665,3.97983623066523,4.97479531616978,5.96975434905733,6.96471342998541,3.97983623175946,4.97479529079203,5.9697544534805,2.98487717919897,5.96975438158904,4.97479537729873,3.97983623110542,2.98487717268358,3.97983623040057,4.97479529771772,7.9596724603241,5.96975434413832,3.97983633217791,6.96471340105177,5.96975435832053,5.96975434300282,3.97983623351513,4.97479533488968
3.97983622837319,3.97983622837319,6.96471339965308,4.97479528546648,3.97983622837319,5.96975434255978,6.96470836183403,1.98991811418659,3.97983622837319,4.97479528546648,5.96975434255978,6.96471339965308,3.97983622837319,4.97479528546648,5.96975434255978,2.98487717127989,5.96975434255978,4.97479528546648,3.97983622837319,2.98487717127989,3.97983622837319,4.97479528546648,7.95967245674638,5.96975434255978,3.97983622837319,6.96471339965308,5.96975434255978,5.96975434255978,3.97983622837319,4.97479528546648
3.97983622837319,3.97983622837319,6.96471339965308,4.97479528546648,3.97983622837319,5.96975434255978,6.96470836183403,1.98991811418659,3.97983622837319,4.97479528546648,5.96975434255978,6.96471339965308,3.97983622837319,4.97479528546648,5.96975434255978,2.98487717127989,5.96975434255978,4.97479528546648,3.97983622837319,2.98487717127989,3.97983622837319,4.97479528546648,7.95967245674638,5.96975434255978,3.97983622837319,6.96471339965308,5.96975434255978,5.96975434255978,3.97983622837319,4.97479528546648
3.97983622837319,3.97983622837319,6.96471339965308,4.97479528546648,3.97983622837319,5.96975434255978,6.96470836183403,1.98991811418659,3.97983622837319,4.97479528546648,5.96975434255978,6.96471339965308,3.97983622837319,4.97479528546648,5.96975434255978,2.98487717127989,5.96975434255978,4.97479528546648,3.97983622837319,2.98487717127989,3.97983622837319,4.97479528546648,7.95967245674638,5.96975434255978,3.97983622837319,6.96471339965308,5.96975434255978,5.96975434255978,3.97983622837319,4.97479528546648
3.97983622837319,3.97983622837319,6.96471339965308,4.97479528546648,3.97983622837319,5.96975434255978,6.96470836183403,1.98991811418659,3.97983622837319,4.97479528546648,5.96975434255978,6.96471339965308,3.97983622837319,4.97479528546648,5.96975434255978,2.98487717127989,5.96975434255978,4.97479528546648,3.97983622837319,2.98487717127989,3.97983622837319,4.97479528546648,7.95967245674638,5.96975434255978,3.97983622837319,6.96471339965308,5.96975434255978,5.96975434255978,3.97983622837319,4.97479528546648
3.97983622837319,3.97983622837319,6.96471339965308,4.97479528546648,3.97983622837319,5.96975434255978,6.96470836183403,1.98991811418659,3.97983622837319,4.97479528546648,5.96975434255978,6.96471339965308,3.97983622837319,4.97479528546648,5.96975434255978,2.98487717127989,5.96975434255978,4.97479528546648,3.97983622837319,2.98487717127989,3.97983622837319,4.97479528546648,7.95967245674638,5.96975434255978,3.97983622837319,6.96471339965308,5.96975434255978,5.96975434255978,3.97983622837319,4.97479528546648
3.97983622837319,3.97983622837319,6.96471339965308,4.97479528546648,3.97983622837319,5.96975434255978,6.96470836183403,1.98991811418659,3.97983622837319,4.97479528546648,5.96975434255978,6.96471339965308,3.97983622837319,4.97479528546648,5.96975434255978,2.98487717127989,5.96975434255978,4.97479528546648,3.97983622837319,2.98487717127989,3.97983622837319,4.97479528546648,7.95967245674638,5.96975434255978,3.97983622837319,6.96471339965308,5.96975434255978,5.96975434255978,3.97983622837319,4.97479528546648
3.97983622837319,3.97983622837319,6.96471339965308,4.97479528546648,3.97983622837319,5.96975434255978,6.96470836183403,1.98991811418659,3.97983622837319,4.97479528546648,5.96975434255978,6.96471339965308,3.97983622837319,4.97479528546648,5.96975434255978,2.98487717127989,5.96975434255978,4.97479528546648,3.97983622837319,2.98487717127989,3.97983622837319,4.97479528546648,7.95967245674638,5.96975434255978,3.97983622837319,6.96471339965308,5.96975434255978,5.96975434255978,3.97983622837319,4.97479528546648
3.97983622837319,3.97983622837319,6.96471339965308,4.97479528546648,3.97983622837319,5.96975434255978,6.96470836183403,1.98991811418659,3.97983622837319,4.97479528546648,5.96975434255978,6.96471339965308,3.97983622837319,4.97479528546648,5.96975434255978,2.98487717127989,5.96975434255978,4.97479528546648,3.97983622837319,2.98487717127989,3.97983622837319,4.97479528546648,7.95967245674638,5.96975434255978,3.97983622837319,6.96471339965308,5.96975434255978,5.96975434255978,3.97983622837319,4.97479528546648
3.97983622837319,3.97983622837319,6.96471339965308,4.97479528546648,3.97983622837319,5.96975434255978,6.96470836183403,1.98991811418659,3.97983622837319,4.97479528546648,5.96975434255978,6.96471339965308,3.97983622837319,4.97479528546648,5.96975434255978,2.98487717127989,5.96975434255978,4.97479528546648,3.97983622837319,2.98487717127989,3.97983622837319,4.97479528546648,7.95967245674638,5.96975434255978,3.97983622837319,6.96471339965308,5.96975434255978,5.96975434255978,3.97983622837319,4.97479528546648
