16.919210161967,21.1675700844544,32.4015426739102,24.7274314888449,8.51880522981503,16.7254721772068,48.2066235331949,68.1237909349614,39.8550062121752,70.9129928140826,16.5982497041001,22.3467591123238,38.1216843169159,29.5326422695413,27.0995238477681,13.2060513661963,31.9097872118383,38.2356273642341,20.8320289070653,47.9111477121363,39.9644179345983,11.1433954210663,46.7236856010688,14.9192281785402,16.5754409757819,44.2592520730653,25.7436125696597,26.5704837621699,19.9387903908799,46.6729435962829
0.92498768222481,2.46584542062169,3.10646433605928,2.54697405083073,2.21335557295515,2.34174588379915,1.56726484352066,2.04316340829087,1.08528615032503,4.65275010978473,1.00208040139944,1.9813838386043,1.14283845420118,1.53671879877652,1.65293931791825,1.52658870722883,2.13571879420556,1.46884295123675,3.33932016572419,0.621574453468952,1.21268096950439,0.574370594789571,3.46213389310287,1.53233510367045,0.692367890647461,2.71925110523898,1.32214797887946,0.584157728648847,2.65077816350959,1.84367372178826
0.317347682097193,0.252267384552511,0.321475525188703,0.380086920842928,0.197134811594651,0.282714051292032,0.309739172410104,0.276957755808553,0.310250483325945,0.312033940528977,0.238512980208839,0.27111234312963,0.250311409542178,0.301706322875361,0.30600811578654,0.209793585231409,0.274657338762836,0.0805897798867363,0.26631618757915,0.208438332219316,0.325292199750606,0.22371310424262,0.383111701751204,0.39190694301476,0.262738832126956,0.400624189290056,0.194201129928842,0.30092742286115,0.333627703677848,0.293564079997964
0.0017919030625535,0.00384155605036085,0.00210408168607046,0.00679052574571415,0.00278635341351219,0.00333672642102556,0.00302939677567338,0.00317715133905949,0.0031179204951286,0.00317238404375075,0.00207121252742581,0.00182611320974502,0.00192041665536635,0.00201154869841957,0.0006386977506736,0.00345475286053443,0.00425928765480421,0.00209787528547167,0.001135037991844,0.000823751306256781,0.00497995800867557,0.00313676628525172,0.00414710945096886,0.00127240904555492,0.00197438715872522,0.00362643236201166,0.00180538023414556,0.00195391759928043,0.00338243854923803,0.0020469872981721
3.25235305353999e-09,3.34456444761599e-08,4.845446710533e-09,7.04790181771386e-09,1.63588538271142e-08,7.00356395100243e-09,1.14540625872905e-08,3.41651684721e-09,2.71359112957725e-09,2.68673829850741e-08,7.02084435033612e-09,5.79200332140317e-09,1.0978510545101e-08,2.02692262973869e-09,2.3030679585645e-09,7.83074938226491e-09,7.46092609915650e-09,2.9715465643676e-09,3.59511886927066e-09,1.12743236968527e-09,1.0886651580222e-08,9.57004431256792e-09,8.6937461674097e-09,6.52937615086557e-09,5.21526999364141e-09,1.35714799398556e-08,1.05144408735214e-08,9.79105152509874e-09,2.09593054023571e-09,8.54390691529261e-09
0,0,0,0,0,0,0,0,0,0,0,0,0,0,0,0,0,0,0,0,0,0,0,0,0,0,0,0,0,0
0,0,0,0,0,0,0,0,0,0,0,0,0,0,0,0,0,0,0,0,0,0,0,0,0,0,0,0,0,0
0,0,0,0,0,0,0,0,0,0,0,0,0,0,0,0,0,0,0,0,0,0,0,0,0,0,0,0,0,0
0,0,0,0,0,0,0,0,0,0,0,0,0,0,0,0,0,0,0,0,0,0,0,0,0,0,0,0,0,0
0,0,0,0,0,0,0,0,0,0,0,0,0,0,0,0,0,0,0,0,0,0,0,0,0,0,0,0,0,0
0,0,0,0,0,0,0,0,0,0,0,0,0,0,0,0,0,0,0,0,0,0,0,0,0,0,0,0,0,0
0,0,0,0,0,0,0,0,0,0,0,0,0,0,0,0,0,0,0,0,0,0,0,0,0,0,0,0,0,0
0,0,0,0,0,0,0,0,0,0,0,0,0,0,0,0,0,0,0,0,0,0,0,0,0,0,0,0,0,0
0,0,0,0,0,0,0,0,0,0,0,0,0,0,0,0,0,0,0,0,0,0,0,0,0,0,0,0,0,0
