7169.33833887867,5681.26559240631,9239.25215891511,8638.57592075999,7944.34400337186,6455.03366759416,7800.11834362824,3660.33590571708,8730.28315143052,8988.22793699725,8300.15997026834,6218.86005167239,2865.03695842278,6024.6954417805,8066.39294831663,7694.34647956712,7483.00972298455,8638.91842186266,4794.44653862669,8345.31634067215,6774.65996218901,8797.31389568363,6957.03125226346,5717.14945680517,9785.08851462073,10256.1521151869,9402.51947818979,8128.75575081059,8433.50266915745,9215.69251668717
5817.87275132568,5382.24647076121,6491.45911536954,8638.57592075999,3766.72726860993,6121.16354523014,6497.61150822361,3660.33590571708,8730.28315143052,8988.22793699725,8300.15997026834,6218.86005167239,2865.03695842278,6024.6954417805,8066.39294831663,4048.21468021952,7483.00972298455,6911.72281229499,4794.44653862669,5742.66533434335,6774.65996218901,8279.81522094531,6115.54127505439,5717.14945680517,8626.78674055834,6186.79355139116,5876.5645181695,6501.40450073264,8433.50266915745,7177.02317873505
5817.87275132568,3144.95389372207,4304.92066086715,4079.13062118376,3766.72726860993,4660.07913711267,5120.5847346311,3660.33590571708,5150.56797036505,2196.08460183295,7404.41867213706,6218.86005167239,2865.03695842278,5205.77650144241,4324.27168618941,4048.21468021952,7483.00972298455,4081.36119345061,4349.73247519384,4116.609355588,6204.85260598842,8279.81522094531,4432.38399284917,5717.14945680517,3468.09753331392,6186.79355139116,5876.5645181695,5055.96992800921,4144.93904117603,3919.81241735449
5687.99378847492,2951.20610285903,3802.73159975094,3992.26890731429,2553.04303174748,2837.916855642,4026.92179300928,3229.89640021315,2732.8939487041,2196.08460183295,5081.69388126511,4529.88723913637,2865.03695842278,4266.8579317352,2790.65254085135,4048.21468021952,4320.17236644458,3095.23847575035,4349.73247519384,4116.609355588,4397.47468554541,4721.08870797961,4264.62414168436,3882.93113077912,3468.09753331392,6186.79355139116,5876.5645181695,3426.17010701831,3874.89322901896,3919.81241735449
3335.25553981334,1823.94357361792,1790.46275999249,1786.17148405205,1371.31034412939,2645.99999078412,3510.54517152198,3229.89640021315,1899.31697546248,2196.08460183295,3980.23481585023,4292.26908545885,2694.1273590632,2593.00757152509,2362.79687769079,4048.21468021952,2334.84834312688,2704.18690406052,3657.75316071262,3002.67954903507,4397.47468554541,4351.18239441826,3098.20606265314,2749.69678771606,2218.89161995537,2689.91407746181,2997.1582970438,2495.68075095621,3686.8442253039,3472.63749512994
1554.65179908487,488.288312287698,763.677609851014,1444.5071675043,485.714880938515,572.349878160036,1674.57344084895,1006.7624284734,1372.9924287327,1756.76501409024,2096.8936710368,2694.75350025382,1043.85275286928,757.925490363039,1570.66741251214,2714.75340708852,1295.00487545331,1120.13170200822,1619.94004088099,1748.15268906938,1393.87547176304,2622.89718072121,846.684403938423,1159.97656447071,2218.89161995537,1420.65060824777,2470.7591261065,526.16623178895,886.671718114413,2155.27233023686
425.750286371148,139.432517220161,223.016176429779,307.613901780725,182.334055744984,204.155224420868,340.220455771657,325.785787539743,427.121922417924,287.941464625078,376.630555367373,695.213353784202,224.884019864374,455.965805683579,760.593777361272,500.091991247128,331.43814124782,186.652033389357,224.29235186023,407.986745904159,470.185912677951,430.486836493955,157.023363237627,185.331347209652,609.141641827597,276.124388409504,399.289932595514,82.4332960872526,128.420514708598,347.933522904081
30.8327653025318,13.8163953875095,36.0202966326484,33.0823244558212,34.4066373054163,23.513884691306,22.8082683894579,47.485600169673,48.8738417459547,27.4795119034861,61.5446125205808,30.9296336725989,39.5903242127958,31.9819018734889,66.70990013639,34.8928721785315,32.5291547818915,14.5810913971193,53.8210781311542,20.2590210819673,45.5493812840689,53.5142688371351,17.9720307314057,25.5661053342121,43.0805865404008,50.6380637883274,33.5729359862264,39.626356869033,19.7885897265907,42.2385678492853
1.9813184749172,1.26605796825743,1.80380413545163,3.24941172675244,1.36382095534691,3.27478889173324,2.79538506524273,1.54029827303816,3.37773192125223,2.53039907986192,1.53239343252164,2.15381225432179,2.13833411054839,2.88490762002175,3.33072202138646,2.58953446121723,1.86776028973554,2.66828526038239,1.63856646781539,2.49652646052891,3.54581705940279,2.36758361788736,1.84849120924696,1.69142783175118,2.69486463404974,3.95099765796965,3.34820487074774,1.63002131664348,2.66694843052505,1.59442003639776
0.214343603750649,0.151974450157354,0.133539486429072,0.237694627587302,0.0488412447616611,0.157717680437486,0.180019036594445,0.112398604316468,0.26118300254916,0.266768855091414,0.203329619072179,0.19264340675636,0.121744432066293,0.187200239714116,0.196882857905507,0.214375296681169,0.187565012632263,0.191637047049312,0.179556312325872,0.131553574162126,0.311812943025757,0.143708192594318,0.0956627088855839,0.162859188883658,0.172993645049473,0.27554323847869,0.34175990203471,0.14044899426176,0.123507804388282,0.171264641736002
1.25611679777649e-05,1.32066625155858e-05,1.03792971231087e-05,2.29606447419428e-05,4.65203982003004e-06,7.3341342385902e-06,1.03497461623192e-05,1.13042539169328e-05,1.64562314921568e-05,1.1258317613283e-05,9.65197079949576e-06,1.98997087181851e-05,7.07365074958943e-06,1.19044168513938e-05,1.26734898913128e-05,1.33205489873944e-05,1.42894895134305e-05,1.55861623625242e-05,1.30220672645009e-05,1.33122306351652e-05,2.79774598084259e-05,6.76357592510612e-06,5.35670017143275e-06,1.39626030204454e-05,1.14116918439322e-05,1.69983588875766e-05,1.07314926935942e-05,6.80970413213799e-06,7.40227142159711e-06,8.69623420385324e-06
1.47792889038101e-12,1.70530256582424e-12,2.27373675443232e-12,2.72848410531878e-12,9.09494701772928e-13,1.47792889038101e-12,1.70530256582424e-12,1.47792889038101e-12,3.18323145620525e-12,2.72848410531878e-12,2.72848410531878e-12,1.47792889038101e-12,1.93267624126747e-12,1.47792889038101e-12,2.61479726759717e-12,3.29691829392686e-12,1.81898940354586e-12,5.22959453519434e-12,1.25055521493778e-12,4.43378667114303e-12,3.97903932025656e-12,1.70530256582424e-12,1.13686837721616e-12,1.70530256582424e-12,1.47792889038101e-12,1.81898940354586e-12,1.47792889038101e-12,1.13686837721616e-12,1.13686837721616e-12,1.47792889038101e-12
0,0,0,0,0,0,0,0,0,0,0,0,0,0,0,0,0,0,0,0,0,0,0,0,0,0,0,0,0,0
0,0,0,0,0,0,0,0,0,0,0,0,0,0,0,0,0,0,0,0,0,0,0,0,0,0,0,0,0,0
0,0,0,0,0,0,0,0,0,0,0,0,0,0,0,0,0,0,0,0,0,0,0,0,0,0,0,0,0,0
0,0,0,0,0,0,0,0,0,0,0,0,0,0,0,0,0,0,0,0,0,0,0,0,0,0,0,0,0,0
