2217007.59988216,26410676.861428,48611708.0477106,1746267.78885781,9471418.63024751,9514580.61680096,43785126.1625108,1243164.88040092,9712121.58068229,6051547.15595296,8306214.43404337,21666048.3389427,7549392.21856107,2930459.06510663,2459314.17053487,5717421.14694708,5756360.30175644,11007963.988739,2257263.301631,13313954.2234833,29166677.1005089,56681204.5996841,3296467.43273608,25767790.6000197,40932856.1291688,1407144.8849221,68980223.5551619,17505869.8398105,17114146.8097047,26552697.6835472
411043.576773137,245362.10939875,1697535.50318475,550832.630922788,970103.201958576,3012489.5706815,211045.378561112,602468.397090956,536848.259290922,242303.827293438,1758525.16900867,842117.655382108,423815.489863273,1972735.8547269,141794.816154349,576842.572732403,199200.727270997,353891.240159681,747792.680301045,101030.370982241,1676426.78965552,574041.299864721,404085.830328269,807453.63118047,457909.827833683,896823.326592399,254104.206496307,150398.0027368,1879252.59555055,566136.99099216
33737.2743424119,61448.4619110677,86435.9154967193,66893.3930066889,61132.9417491046,9725.67705743188,71130.730951646,9247.54494197762,40401.8849514531,15697.2979351275,68824.3520463493,53608.5040854605,30638.6010346834,40090.1018199132,18026.2252411105,57856.5398416426,10846.024007621,63429.3403196054,39720.5494702153,85995.2576735086,9170.22290636139,65644.0257629912,19525.2005633594,104144.502615454,37288.7108807098,20917.688856326,61960.332651482,40900.2816740575,26761.9826255941,116036.919260654
965.485751765197,4005.20244731442,2654.41389157673,1396.38036788547,1003.77326802333,932.921903040757,2761.13183256758,2569.36813247959,583.998439253811,880.128743061112,2651.78148175379,560.444074893473,519.752418584716,2371.84389764109,1683.91399481699,1992.63950662062,606.149614503036,764.740872837487,1300.42510079821,3565.57906544488,504.992588484111,1824.96622507662,790.123858172331,1494.97635221725,1015.24904030616,445.704413796976,1348.90905832116,777.685708138558,3836.55087380262,1800.75032873235
43.2021429050767,68.4046669571578,64.7933217234061,46.2572334493714,24.6397130282289,7.83206989895098,52.5827433569179,32.8405115656694,11.7491302392759,27.197343767974,9.01976147874416,18.6849315426218,37.2208522924839,33.986679399809,13.5241412718076,16.6593524551754,4.65184905407864,18.2923529302425,30.0003683646435,12.794890602031,19.5035794258026,44.2341212537701,13.3161807393453,44.8720707623611,52.1169715465464,16.1443841430169,9.91783548688409,15.2976235015099,48.9129721966929,25.4868833539151
33.3811171455056,4.29156997071073,10.1859906376897,10.0847033890084,13.0570323120626,4.14467254347483,13.3239086641174,10.1411677184569,2.06080840016921,13.077067966291,4.29975543664068,1.42208504114092,4.29100011124547,5.15775050637262,4.32192580991273,5.06220286213988,2.19762303998027,8.12961948125553,1.18797530381289,5.17476630496617,10.2394332031397,33.3728662414374,8.09131662549066,31.8200821006974,5.06383789164533,5.16187650287156,5.29236875648758,1.03039689316574,33.3792305275952,5.16742141110899
33.3709736553546,4.26412680918384,10.1161732610033,10.0715731443913,13.029816799527,4.12213353735524,13.300493670564,10.1034213085416,2.0348747644166,13.0529701590908,4.2798881315457,1.39876588116954,4.25423150543361,5.11200824240336,4.2970254036934,5.04980413636599,2.18345608946925,8.11183550089845,1.15385728232945,5.16175675951195,10.2118757008445,33.3709736462524,8.07666693903207,31.817092364128,5.00781560721498,5.14074486630261,5.27040276363346,0.998732761689098,33.3709736450871,5.14401996579613
33.3709736372548,4.26088649423468,10.1117176628709,10.0712245458622,13.029414853157,4.12180493942492,13.298313719004,10.1029658194218,2.03290440909996,13.0515495245688,4.27961313530113,1.39570884907334,4.25396401460921,5.11162856703459,4.29681559532719,5.04945315172563,2.18317752801431,8.11168929391056,1.15116528999079,5.16147971938631,10.2080960564397,33.3709736372548,8.07560975973229,31.8170923619618,5.00423121307335,5.14040552861252,5.26906120976582,0.998377298625428,33.3709736372548,5.14366309942852
33.3709736372548,4.26087380440845,10.1116546272167,10.0712199855013,13.0293989585989,4.12180068500766,13.2982905421673,10.1029619960032,2.03288316563203,13.0515152455112,4.27961181201658,1.3956897581395,4.25395983873727,5.11162418097706,4.29681389066468,5.04944526005875,2.18317581663223,8.11168840373716,1.151141949872,5.16147655419513,10.2080659765913,33.3709736372548,8.07560294140626,31.8170923619618,5.00419273487182,5.14040291146239,5.26904163315248,0.998339503912803,33.3709736372548,5.14366037907939
33.3709736372548,4.26087372036704,10.111654044731,10.0712199488692,13.0293987682019,4.12180066125734,13.2982902805536,10.1029619507613,2.03288302399551,13.0515151160944,4.27961169161745,1.39568961029249,4.25395979833002,5.11162410603629,4.29681386896914,5.04944510453242,2.18317577999642,8.11168837831565,1.15114175951385,5.16147650162975,10.2080657396875,33.3709736372548,8.07560287184992,31.8170923619618,5.00419232935633,5.14040286745603,5.26904125369038,0.99833902104956,33.3709736372548,5.14366033892475
33.3709736372548,4.26087368534741,10.111654013642,10.0712199101308,13.0293987496043,4.12180063645178,13.2982902361191,10.1029619249446,2.03288301020166,13.0515150992926,4.27961155894218,1.39568958402128,4.2539597670991,5.11162407932284,4.29681385316871,5.04944508205381,2.18317573486979,8.11168834218597,1.15114162657073,5.16147644243279,10.2080657110569,33.3709736372548,8.07560286516787,31.8170923619618,5.00419232287709,5.14040284005796,5.26904123088366,0.998339019715786,33.3709736372548,5.14366028465952
33.3709736372548,4.26087366975935,10.1116539968336,10.071219878595,13.0293987405305,4.12180060729474,13.2982902011277,10.1029618814805,2.03288300566146,13.051515065695,4.27961150643478,1.39568956605649,4.25395972667502,5.11162405515756,4.29681384642276,5.04944504587911,2.18317569680153,8.11168830634278,1.15114151036778,5.16147636547612,10.2080656845155,33.3709736372548,8.07560286353896,31.8170923619618,5.0041923065985,5.1404028021027,5.26904122279893,0.998339015722877,33.3709736372548,5.14366024681635
33.3709736372548,4.26087366251909,10.1116539955556,10.0712198376107,13.0293987272444,4.1218005864614,13.2982901460668,10.1029618533682,2.03288299748851,13.0515150459719,4.27961145450649,1.39568956417497,4.25395968291309,5.11162404519837,4.29681383917932,5.04944500649071,2.18317568763587,8.11168827135384,1.15114141892855,5.16147630448791,10.2080656771554,33.3709736372548,8.07560286117223,31.8170923619618,5.0041922848543,5.14040276222408,5.26904120760923,0.998339012872293,33.3709736372548,5.14366020364741
33.3709736372548,4.26087366150023,10.1116539906357,10.0695947000913,13.0276797760841,4.11441410014027,13.2982900936352,10.0950741287127,2.03004291326442,13.0515150201393,4.26029855439106,1.39568956254288,4.25116629778381,5.09444352263563,4.28014075972283,5.04880676500238,2.18184614591382,8.09648976229801,1.15114130117695,5.12070017941346,10.2080656680348,33.3709736372548,8.07560285896466,31.8170923619618,5.00419226183385,5.13806372478075,5.26904120326367,0.998339009345727,33.3709736372548,5.13838198890949
