109.83126341733,107.23562293751,95.1220309429741,91.2816490983214,83.7730537891321,104.529674797051,122.545294606774,133.978603635137,105.007677902137,95.9346346349198,108.925096364089,93.0696158172323,70.9281097977728,74.1800471921997,95.8535564125887,110.00029667015,126.412051405823,108.516274998906,70.9522349127888,102.531207977736,120.705965320474,68.5146455459444,86.2021597665157,81.7912466474518,128.169728410066,108.15845169779,67.9437281390933,102.740104517819,79.856387710945,112.937144585607
97.4659156283064,71.477925736986,61.3569419708883,91.2816490983214,78.7317569729735,68.3233184716332,89.9835361814035,70.6449289602729,85.8969333227437,84.1282032709628,76.1280147755228,92.3035142419458,70.9281097977728,62.0379306926638,90.270163340017,92.9027105867999,85.7461819438108,82.754212472466,70.9522349127888,77.4035278183424,74.721624547904,68.5146455459444,86.2021597665157,81.7912466474518,83.4997285426657,87.8789830156024,67.9437281390933,82.1001026822419,77.6354581272099,74.1195028247203
68.9099343331395,71.477925736986,44.9211241523878,77.5206596534367,67.1480513674628,66.5808698590963,79.4025601925377,70.6449289602729,74.1858406359866,84.1282032709628,72.8807534210509,67.9026112020824,70.9281097977728,49.2305528929187,72.0489944838801,69.3886502608607,62.7341183400708,64.8552708047623,70.9522349127888,54.4207131196281,73.8073987858484,65.1770742603348,61.9688977689466,81.7912466474518,64.8443280300103,71.4259993681017,67.9437281390933,60.3164717563959,64.43566415225,60.8378110369645
59.3705604308616,71.477925736986,44.9211241523878,53.7117246813841,41.1751516245467,47.3760883819843,49.9491883645551,63.3046581223039,53.4956044054052,79.4336574244999,45.3210416582756,63.2676440153678,57.3417532466069,47.8854301482295,53.8888496903778,57.2162489484676,54.3999515254745,30.2741794896738,59.8953383425232,47.2803172481078,49.6712652632946,60.3348437704781,61.9688977689466,49.191437868531,61.0763497902658,68.6606765848919,64.3341555980228,49.0157828257193,61.4474512078505,60.5806840859777
24.436301087477,46.1663371309078,27.9846423861006,34.3179529815343,26.2629601021549,47.3760883819843,22.0097807086881,38.0176835330062,48.6723527052886,57.0519772218317,27.1014556903219,29.1345482464606,30.7665109193058,47.8854301482295,20.255415410762,43.3225653292238,28.7217015565068,28.3787204722257,50.8498535505332,27.8466561820346,49.6712652632946,30.9995016635444,31.4349124907767,25.0841701932134,26.4551543069417,29.1582454477152,31.944067960032,36.7856586089003,26.7150011864003,13.7707299933807
0.862313145011285,22.504524845795,1.89645752630759,3.30097431665445,22.6260209120981,25.2699568126479,0.723318353424702,23.5899286417387,21.8884512012601,5.51776464964792,21.3473623613777,23.5846334680923,23.5481712878654,22.4442465258624,2.68577398162051,24.216597753365,1.5822553757248,22.3334351860922,22.6337752284903,23.3980029151076,22.5933546116605,4.09828281076875,21.178528720669,22.167562833813,20.8835500456726,22.8813162106246,3.38206079851921,0.811890971589946,1.03386266635789,2.36721443108013
0.626597212339448,22.1944902648831,1.20289961681374,1.44609880471216,21.7196444896881,22.6326607946612,0.625160542511821,22.1437279461784,20.8646567156761,0.00678808220959581,21.1169584733523,22.1903960788954,22.0045489006814,21.2550107595994,2.61449868366935,23.6590515674861,0.996134327100435,21.6485584832556,21.4849385847863,22.2817288191934,20.9026575014313,2.31226102990877,21.1494987017438,20.6000732267919,20.8835500456726,22.4337128601753,2.86413369614888,0.625146961456494,0.995337181039531,2.36721443108013
0.624102662511859,21.4524817569441,0.625605081786944,1.44609880471216,20.7381077682489,21.8718867918383,0.624099569663031,21.9368951824135,20.8646567156761,7.56053957502445e-05,21.0955301573163,21.9295790453664,21.5668581241621,20.984917766848,2.61401759163732,23.6590515674861,0.994963257515565,21.4745632683871,21.4849385847863,22.2255737008334,20.9026575014313,1.1478660712296,21.0916114354986,20.6000732267919,20.6308553586355,22.4337128601753,2.60281700594851,0.624100345246916,0.99495931192655,1.85537313099121
0.624099322696793,21.4524817569441,0.624102871519199,1.40001933883673,20.7306511672189,21.7739103776212,0.62409932242258,1.55219685366978,20.8646567156761,5.16547515871935e-09,21.0682932133927,21.9295790453664,21.5668581241621,20.984917766848,2.61401743554779,22.7920068501942,0.994959060711153,21.4705736713624,21.4849385847863,22.2255737008334,20.4180192291637,0.995417090627825,21.0733801431279,20.6000732267919,20.6308553586355,22.2862161874223,1.91452416089442,0.624099322704524,0.994959059130451,0.999665777616201
0.624099322696793,21.4524817569441,0.624099323867995,0.630994383730012,20.7015914458095,21.7303281013176,0.62409932242258,0.996144841926707,20.6651810138828,1.69939085026272e-09,21.0682932133927,21.6483724191096,21.5668581241621,20.7829024462367,2.61401743554779,22.7441747005601,0.994959060711153,21.4705736713624,21.4849385847863,22.2255737008334,20.4180192291637,0.994959917162305,21.0733801431279,20.6000732267919,3.08723504402997,22.2862161874223,1.6203510346013,0.624099320971709,0.994959059124994,0.994984000603608
0.624099322696793,21.4524817569441,0.624099321923268,0.624117688548949,20.6923110650928,21.7303281013176,0.62409932242258,0.994960522706606,20.6651810138828,9.78843672783114e-10,21.0682932133927,21.6483724191096,21.5668581241621,20.7829024462367,2.61401743554779,22.7262684564118,0.99495905880849,21.1928310988269,21.4849385847863,22.2255737008334,2.6776382814071,0.994959058600443,21.0733801431279,20.1542720721468,0.883460000066862,22.2862161874223,1.61905954643862,0.624099320971709,0.994959057512233,0.994959060844394
0.624099322542634,5.42495865413207,0.624099321923268,0.624099324826147,20.6868673412991,21.5407584248892,0.62409932242258,0.994959059720486,20.6651810138828,9.78843672783114e-10,21.042101053341,21.6483724191096,21.5668581241621,20.7829024462367,2.61401743554779,22.6888734882691,0.994959057775077,21.1928310988269,21.293883380634,22.2255737008334,0.182134303121302,0.994959058600443,21.0690807365343,20.1222708803314,0.635170532104439,22.2862161874223,1.61905838070311,0.624099320971709,0.994959057315555,0.994959058408995
0.624099322052871,1.1337831341682,0.624099321923268,0.624099321993299,20.6708383858422,21.5407584248892,0.62409932242258,0.994959058669792,20.5183755208961,9.78843672783114e-10,21.042101053341,21.6483724191096,21.5668581241621,20.6716117871531,2.61401743554779,22.6888734882691,0.994959057673441,21.1928310988269,21.293883380634,22.2255737008334,0.181760294133255,0.994959058600443,21.0433167731508,0.456977489687233,0.604743266459991,22.2862161874223,1.61905837816471,0.624099320971709,0.994959057228925,0.994959057850565
0.624099322052871,0.995286222885852,0.624099321923268,0.624099320838013,20.5472129369507,20.6242343961201,0.62409932242258,0.994959058669792,20.0001390140744,9.78843672783114e-10,20.9951180369439,20.9950403327732,20.994837775271,19.9998991017058,2.61401743554779,22.6091401656026,0.994959057673213,20.6244842072795,20.6240912735254,21.6191322260338,8.13734675375599e-05,0.994959058600443,20.9951479037327,0.000979699844720017,0.00181086819361553,21.6192431844249,1.61905837816471,0.624099320971709,0.994959057228925,0.994959057850565
