228.176746830347,176.091614972801,244.610117399616,236.577990738825,83.7730537891321,125.226145186959,270.515491977695,234.113457184282,120.155409558042,177.356942033825,181.662546002295,122.884520213343,341.343321806878,165.591789709539,176.620965291521,190.38870458907,154.05797806049,185.042478775053,164.382020558562,294.409163881364,183.994036461075,158.536257810225,155.647531780956,190.518706767546,163.55113954065,164.10094842238,197.839713436822,118.494287378077,176.406620005203,194.891934146741
202.98645041381,176.091614972801,244.610117399616,156.210641671488,83.7730537891321,125.226145186959,267.740865182722,234.113457184282,120.155409558042,177.356942033825,181.662546002295,122.884520213343,283.824994894497,165.591789709539,176.620965291521,190.38870458907,154.05797806049,185.042478775053,164.382020558562,143.145949510763,179.92860209127,157.252497945501,86.2021597665157,190.518706767546,163.55113954065,108.15845169779,163.10192330945,118.494287378077,170.203990834801,194.891934146741
202.98645041381,165.753106361783,244.610117399616,153.186940426467,83.7730537891321,125.226145186959,241.221706019347,165.502893505679,120.155409558042,177.356942033825,158.934379762389,122.884520213343,283.824994894497,165.591789709539,176.620965291521,172.272485566837,154.05797806049,185.042478775053,106.420953400815,143.145949510763,120.705965320474,157.252497945501,86.2021597665157,148.108568158362,163.55113954065,108.15845169779,126.981211324011,118.494287378077,152.535221941037,194.891934146741
135.64452337881,142.080213989688,199.782582549234,153.186940426467,83.7730537891321,125.226145186959,153.015912421178,164.504392087644,120.155409558042,156.575711685695,158.934379762389,122.884520213343,112.090551589017,151.485933766829,131.644964435469,172.272485566837,154.05797806049,153.279145622031,70.9522349127888,102.531207977736,120.705965320474,147.061968597036,86.2021597665157,148.108568158362,137.599624306049,108.15845169779,126.981211324011,118.494287378077,137.696086352053,155.485977530916
128.809091917003,107.23562293751,179.584880289999,92.1782110116724,83.7730537891321,125.226145186959,153.015912421178,133.978603635137,120.155409558042,150.639514381586,136.52370816908,122.884520213343,84.6143815127834,74.1800471921997,127.320407604042,137.833287956395,154.05797806049,130.107024700706,70.9522349127888,102.531207977736,120.705965320474,98.3156395262413,86.2021597665157,148.108568158362,137.599624306049,108.15845169779,67.9437281390933,118.494287378077,120.567449825538,148.780338416125
109.83126341733,107.23562293751,95.1220309429741,91.2816490983214,83.7730537891321,104.529674797051,122.545294606774,133.978603635137,105.007677902137,95.9346346349198,108.925096364089,93.0696158172323,70.9281097977728,74.1800471921997,95.8535564125887,110.00029667015,126.412051405823,108.516274998906,70.9522349127888,102.531207977736,120.705965320474,68.5146455459444,86.2021597665157,81.7912466474518,128.169728410066,108.15845169779,67.9437281390933,102.740104517819,79.856387710945,112.937144585607
97.7606113262209,77.3876818019062,61.3569419708883,91.2816490983214,83.7730537891321,68.3233184716332,89.9835361814035,70.6449289602729,96.8599202130999,89.860760125222,76.1280147755228,93.0696158172323,70.9281097977728,74.1800471921997,95.8535564125887,92.9027105867999,92.171774603753,98.276737030842,70.9522349127888,95.4900204039682,89.5733553259038,68.5146455459444,86.2021597665157,81.7912466474518,93.0957067596869,96.0179860455928,67.9437281390933,88.5660878419908,77.6354581272099,92.82476039639
69.4766737930941,71.477925736986,44.9211241523878,77.5206596534367,75.3178023371306,66.5808698590963,79.4025601925377,70.6449289602729,85.8969333227437,84.1282032709628,76.1280147755228,67.9026112020824,70.9281097977728,49.2305528929187,72.0489944838801,75.9200005295525,69.7756868690353,69.8709784098769,70.9522349127888,54.4207131196281,74.721624547904,68.5146455459444,61.9688977689466,81.7912466474518,70.1577338148086,81.7324830515763,67.9437281390933,82.1001026822419,64.43566415225,74.1195028247203
59.3705604308616,71.477925736986,44.9211241523878,53.7117246813841,67.1480513674628,57.6646258103383,49.9491883645551,70.6449289602729,65.0492261849149,84.1282032709628,58.278089150876,67.9026112020824,57.3417532466069,49.2305528929187,67.7701390830507,67.7795399253337,55.9998105222389,64.8552708047623,59.8953383425232,54.4207131196281,49.6712652632946,65.1770742603348,61.9688977689466,65.2395694067263,64.8443280300103,71.4259993681017,67.9437281390933,55.3063090530509,64.43566415225,60.5806840859777
44.8400375951157,50.7789491295171,44.9211241523878,53.7117246813841,41.1751516245467,47.3760883819843,49.9491883645551,60.6046766987683,53.4956044054052,57.0519772218317,41.4012052663345,55.4763818147285,57.3417532466069,47.8854301482295,53.8888496903778,54.5681759386694,36.6150333769781,30.2741794896738,51.3470081528017,37.1252200023512,49.6712652632946,50.9496766623092,50.7131860107193,31.7593744801468,33.3338438155893,38.2661426233406,60.6021435244534,49.0157828257193,61.4474512078505,26.231209100154
24.436301087477,46.1663371309078,27.9846423861006,34.3179529815343,26.2629601021549,47.3760883819843,22.0097807086881,38.0176835330062,48.6723527052886,57.0519772218317,27.1014556903219,29.1345482464606,30.7665109193058,47.8854301482295,20.255415410762,43.3225653292238,28.7217015565068,28.3787204722257,50.8498535505332,27.8466561820346,49.6712652632946,30.9995016635444,31.4349124907767,25.0841701932134,26.4551543069417,29.1582454477152,31.944067960032,36.7856586089003,26.7150011864003,13.7707299933807
3.54469791141764,41.2681160896682,4.73914848404866,5.86570459854966,22.7036774325238,35.2054816440814,2.79943627377702,34.0055741999515,26.6697325387263,13.8409715655355,22.6502967595488,24.3748622133937,24.5848495084906,24.4897391630332,3.67123937939573,25.0133200448388,6.54610102112906,23.5436031816218,24.7356580134176,23.7610428555843,22.9576798095029,22.755067349123,23.6014007647925,22.1847171987808,21.8775133601171,23.328083770491,8.23591942082248,6.10156597888385,1.61679708779047,3.03849853111092
0.638973107254515,22.504524845795,1.89645752630759,3.07095725225622,22.2351159777395,22.6326607946612,0.627541411150787,22.1437279461784,21.8884512012601,0.170820594004226,21.1173748065808,23.0343229368389,22.3082143820704,21.6571509252415,2.61811438782684,24.216597753365,1.01178128083666,21.6485584832556,22.6337752284903,22.6887123189501,21.2382716225022,2.59546327372436,21.178528720669,21.205612413828,20.8835500456726,22.8813162106246,3.36541789018497,0.634612521245572,1.00259337598141,2.36721443108013
0.624103006068935,21.4524817569441,0.625619246935912,1.44609880471216,20.7381077682489,21.8718867918383,0.624099710474866,21.9368951824135,20.8646567156761,7.56053957502445e-05,21.0955301573163,21.9295790453664,21.5668581241621,20.984917766848,2.61401772919567,23.6590515674861,0.994963257515565,21.4745632683871,21.4849385847863,22.2255737008334,20.9026575014313,1.17503847894159,21.0916114354986,20.6000732267919,20.6308553586355,22.4337128601753,2.60281700594851,0.624100345246916,0.99495931192655,1.85537313099121
0.624099322696793,21.4524817569441,0.624099321985796,0.625061991062694,20.7015914458095,21.7303281013176,0.62409932242258,0.995434880115226,20.6651810138828,9.78843672783114e-10,21.0682932133927,21.6483724191096,21.5668581241621,20.7829024462367,2.61401743554779,22.7439065391491,0.99495905880849,21.3800883517495,21.4849385847863,22.2255737008334,20.4180192291637,0.994959112804963,21.0733801431279,20.6000732267919,2.59997118490742,22.2862161874223,1.61943263433591,0.624099320971709,0.994959059124994,0.994960368774628
0.624099322052871,0.995286222885852,0.624099321923268,0.624099320838013,20.5472129369507,20.6242343961201,0.62409932242258,0.994959058669792,20.0001390140744,9.78843672783114e-10,20.9951180369439,20.9950403327732,20.994837775271,19.9998991017058,2.61401743554779,22.6091401656026,0.994959057673213,20.6244842072795,20.6240912735254,21.6191322260338,8.13734675375599e-05,0.994959058600443,20.9951479037327,0.000979699844720017,0.00181086819361553,21.6192431844249,1.61905837816471,0.624099320971709,0.994959057228925,0.994959057850565
