631.257220685407,826.872539560424,728.116981031525,629.434952270339,1606.6990617394,2561.11602566512,1412.94320483164,962.626128657889,16750.5622009993,1075.24173090862,555.23922481303,911.689252214276,1552.25318401351,1535.56743212897,1223.95883101079,2765.58715292572,1421.38923967186,579.972230886163,4161.1781477463,1015.85334655043,2254.47077965378,1089.6731281785,1214.93284509581,1578.76336422092,896.386773425375,3761.76911374335,1133.59945439268,780.425966519431,382.973497137934,799.471945162507
631.257220685407,327.097041059601,728.116981031525,629.434952270339,1398.9980309437,1673.98025777142,1412.94320483164,736.557050318352,1394.89174279013,656.879318326281,555.23922481303,911.689252214276,1552.25318401351,1535.56743212897,457.89383567895,2765.58715292572,632.019092466738,579.972230886163,1524.05992546197,768.016977846773,506.180496751557,1064.73662942174,1150.5650657994,1578.76336422092,896.386773425375,1055.99580129224,879.080699801708,780.425966519431,382.973497137934,799.471945162507
404.079670146853,327.097041059601,728.116981031525,629.434952270339,1128.14259468097,1206.63768264105,623.897484633932,736.557050318352,1394.89174279013,615.704253600927,555.23922481303,911.689252214276,1552.25318401351,1001.55439603938,457.89383567895,792.737069421287,632.019092466738,515.711823100185,997.235570018068,768.016977846773,506.180496751557,458.591429300887,1150.5650657994,1551.874907848,896.386773425375,1055.99580129224,879.080699801708,780.425966519431,382.973497137934,799.471945162507
404.079670146853,327.097041059601,728.116981031525,629.434952270339,1020.58537235419,774.100669661609,623.897484633932,736.557050318352,495.679110487587,615.704253600927,409.985268052957,911.689252214276,709.892875897017,740.344570585826,457.89383567895,792.737069421287,632.019092466738,376.169586911198,997.235570018068,768.016977846773,473.248250598068,458.591429300887,539.707852658307,1183.92961845844,838.814803749205,475.25851097601,879.080699801708,780.425966519431,65.1674070830445,799.471945162507
404.079670146853,327.097041059601,423.848603117887,629.434952270339,529.78623542233,540.453268789725,623.897484633932,215.826344656141,495.679110487587,504.671457394218,372.435710729959,618.113678111036,547.022896255547,740.344570585826,387.310435454705,346.143961418821,548.229752956473,376.169586911198,759.20403769523,306.864707444947,473.248250598068,454.610706594477,539.707852658307,485.090505266086,838.814803749205,442.46058122142,879.080699801708,780.425966519431,65.1674070830445,799.471945162507
404.079670146853,216.051729165108,172.034427146994,592.915610956597,412.42328274535,356.925579729777,377.037376903964,215.826344656141,372.636568029273,472.524804198659,248.401842160592,609.312680661293,416.635458086159,320.143209640722,387.310435454705,346.143961418821,405.96112900581,350.874021099897,73.4165454370614,306.864707444947,416.99298363927,316.960610015793,497.970757562588,434.944980450669,160.564042782655,442.46058122142,749.234209455746,326.640939912517,65.1674070830445,464.607215206026
342.044856710846,216.051729165108,172.034427146994,367.504473035362,231.9790210876,132.587472468826,275.608731224047,215.826344656141,146.951683213877,282.693289297456,248.401842160592,201.92884824561,277.806611436571,133.022918922322,265.881250772276,194.343128180986,131.30547598278,161.352674800331,73.4165454370614,95.8261779690852,148.112403101721,256.383079835884,143.309695142773,241.276912271935,160.564042782655,134.560234874899,281.852109511569,326.640939912517,65.1674070830445,391.330549316377
173.645765880485,216.051729165108,47.858506764273,95.776646278287,67.41853425613,85.8212120150674,55.4253599868243,123.696014181841,45.9827953348481,87.7434058218796,57.4430379891296,56.4482549611885,106.843093084382,70.0854041355597,61.4438674251123,61.2114812174977,82.2992789159471,51.2352831457342,73.4165454370614,93.1329123936925,45.4978126737074,74.8625818558339,41.2207774757817,203.420085221097,60.4472232106282,81.418110804585,166.667687144923,250.039824297475,57.4330963382918,73.6058754559549
48.7031044190849,51.884434402481,33.6139134630471,43.5789723090375,48.5863471198413,44.5068004305117,50.5150011323012,41.1628897225442,45.9827953348481,47.9151666781922,36.9756220784911,47.1131211852053,45.7865291308749,54.4152196466612,49.1050733286288,35.6652609054927,49.6297089000673,51.2352831457342,46.705692497846,49.3794377327572,45.4978126737074,39.0845293329421,41.2207774757817,48.5255172794691,47.8262285262285,48.2058653899194,48.2530728640286,57.5824889803803,45.745897172128,53.4182278467915
37.1685023085111,40.5460880281089,33.6139134630471,40.2229513486986,42.232335631209,40.3511761571717,43.5088176002591,41.1628897225442,43.0001440638921,39.91059471572,36.9756220784911,38.236263230373,41.3693407991022,44.1601390011365,42.2666386756628,35.6652609054927,45.429670352954,42.0056476643854,36.3086426336727,43.0432367512831,44.1262248816524,38.8309721190885,35.4772718155314,37.4530987507419,38.1046054064495,38.8726760325667,43.847905173076,43.2746525112811,38.2530468559671,40.8818411082771
35.5601308993696,38.8124207308929,33.6139134630471,32.2388908206935,37.4837120750981,35.6452772272078,39.7326846044048,37.75481143662,29.2307694352212,39.91059471572,35.4627193724764,32.1000742676579,39.4287174335877,33.7291224247874,29.6586598519443,35.6652609054927,35.227198903925,42.0056476643854,36.0518923876807,36.2985176814941,38.5285546120986,29.65119013496,34.8961129296276,36.7828310108507,29.1985965599583,35.9979494976806,34.9536964819927,36.9976155875938,29.6613111231923,35.4373987180434
26.7779237882901,27.7940632521208,32.562983943124,27.1365379124923,32.5220318870397,31.8142585059436,29.1161505471719,33.6928240056955,27.3590142000921,33.910668399225,33.182297985853,27.2940691487597,36.0878125407717,33.72116691059,27.6782253151691,27.5488018946758,11.2062419840327,34.0906168281626,32.9323495506901,32.5752800005762,32.9991822954344,27.009729925524,34.21695982858,27.8003795705185,27.0038586103419,32.1454900849499,31.8389233027347,26.8300878576902,27.9194657588191,30.5487469688005
25.7795834433377,26.6583279595902,31.2524739274736,26.5333209218625,32.5220318870397,31.8142585059436,8.23280297616975,30.2448651246623,25.6550608656721,32.4898046766157,30.3642387162918,26.7042797416561,33.7628583258056,30.9439037121815,26.1171291887349,26.4748276318501,8.1272053921557,31.5631674193546,28.9300034398752,30.4617025068183,31.8007279312378,26.4638655562662,31.3208017666584,25.7505963823946,22.8227980837091,32.1454900849499,29.7320863840578,26.608839987081,25.8416133030219,30.5487469688005
24.8501658811656,26.0688991810325,31.1858198031191,24.5870576026964,29.0779885384659,30.672974899594,1.06922122394735,29.2244257306966,25.6550608656721,30.9535474396639,30.3642387162918,25.5860289798438,31.9737337186657,26.0533944078916,25.3766745770158,26.4748276318501,5.80788308072897,29.8391811276551,28.9300034398752,29.5599722794477,27.4570569825628,26.1219955456222,29.8866567831255,24.6555119641362,5.0970169619718,29.8824950811381,28.9807282801135,25.4418220614975,25.3890233849829,29.4244005973237
24.8501658811656,8.6893061079295,30.2054712245344,24.5870576026964,28.9526998900697,30.4804606798975,1.00842102114393,29.2244257306966,24.4904726427044,29.8239450676356,30.3642387162918,25.5550506412596,29.8302951594701,25.6151354463168,24.3073640649664,24.6254374536124,0.625823236451197,29.4556061155208,27.2724309542532,29.5599722794477,27.4570569825628,24.876380154863,29.8013896683865,22.9189590991496,0.104465188432187,29.8824950811381,28.3876608211267,23.933500203068,25.3216456667883,29.4244005973237
1.13318979028008,0.878976173422416,20.816027062041,20.7862381181412,21.5683759241715,20.9259030068347,1.00827800724801,20.457684617028,20.7999880900893,21.489919887897,20.6391381713129,21.0728581032736,20.8236508027389,20.3570846594753,20.1221262504555,21.8300963784604,0.402977699916391,21.2583093381504,20.394192077053,21.1558529209328,20.699195166821,21.0804013742154,21.0001612454603,20.1849336942009,0.0635510237480048,21.2816001960537,20.4928289819691,20.6897422891898,20.8663721402545,20.8797957790134
