9.76512391733735,4.53349056298003,0.125939596201988,0.121237984984361,0.222314208981118,0.292157400784845,9.39531028643461,9.51735839357917,0.11632182532577,0.393440442268627,0.186050758313343,0.312583918020778,0.294766331938376,9.58595483446692,0.588735078951629,0.408826605596175,0.296068213151443,0.400319573151023,0.269977759524295,0.130258605431663,4.36763524185346,9.30459458092321,9.32652758626267,4.19565516755432,0.215550424061632,4.43258589740617,4.32440803879712,4.42268752917965,0.360182890031922,0.450220152858492
9.48569712337769,4.22832592225228,0.125939596201988,0.105928408056968,0.212489216962467,0.290827204653681,9.39531028643461,9.51735839357917,0.11632182532577,0.235022226870456,0.186050758313343,0.164961420473389,0.294766331938376,9.58595483446692,0.279705188261801,0.205503024754876,0.200779379693813,0.372469756856447,0.269977759524295,0.130258605431663,4.23992394751258,9.30459458092321,9.32652758626267,4.19565516755432,0.188088410169769,4.13869077374318,4.24505477990635,4.11357941156052,0.285831110438949,0.247832257819482
9.26671184118368,4.19950911128956,0.125939596201988,0.105928408056968,0.0909637442911162,0.290827204653681,9.39531028643461,9.51735839357917,0.0892271139531999,0.146891053326499,0.133849491665501,0.10768181577339,0.188136814592895,9.39699646702047,0.214736768036801,0.171785054185307,0.200779379693813,0.372469756856447,0.269977759524295,0.111217743070711,4.16225665068379,9.30459458092321,9.32652758626267,4.19565516755432,0.147418311872855,4.13869077374318,4.24505477990635,4.11357941156052,0.155819015416625,0.10258074947194
9.14662309213315,4.05862877468371,0.0672145916949489,0.0304678361081301,0.0514992329730717,0.113509719165165,9.27684794448459,9.42202696956616,0.0477913519086997,0.0915746473137347,0.0827367562624204,0.0665766329258872,0.113038527854087,9.22157439403873,0.101993395480974,0.136308281566471,0.117745813444913,0.11067859870542,0.12477157831421,0.0610140999215218,4.07285359034631,9.25406671169964,9.32089724259055,4.05700334243664,0.0696053531638654,4.1176425327065,4.09772335522945,4.11357941156052,0.0785214142666746,0.0554582122575198
9.01331288832034,4.00935275600807,0.0203026937820141,0.0115100341438392,0.010385697596405,0.0245551626100564,9.04848401889609,9.19297168287392,0.00928269146515959,0.015910469419623,0.0119652122299385,0.0159999077919792,0.0191422223869608,9.06259717302021,0.0183806946566278,0.0403386043657861,0.0385461380061543,0.0432196633091735,0.0592518279964906,0.00881688823108107,4.01633954162338,9.06675513719608,9.04984697688559,4.01004240904439,0.0385742328364813,4.0161216002146,4.00912070648275,4.00117259362673,0.0186328433703693,0.0272498285573874
8.92983504431828,3.98753955440469,0.00173144252477186,0.00059559166533063,0.00117470048365931,0.00058515490144373,8.94884253196113,8.97462405520952,0.000419768483254757,0.000381316423897715,0.000547194925729855,0.00211620860636685,0.000347152581070986,8.93040663726669,0.000940710106760889,0.00534631725162171,0.00306922768317008,0.00185662210520832,0.00700269191230518,0.000187973289769161,3.98793824435512,8.94605670043251,8.93884015097262,3.98887767211073,0.00181678909274297,3.98757748000742,3.98974629535257,3.98739248962221,0.00104008459101124,0.00222952967885703
8.92022577037494,3.98665944018796,0.000181604556360071,4.03161384383566e-05,0.000111945425715021,6.26722178935779e-05,8.92254570750248,8.9235725956874,3.36338810029702e-05,3.75505284182509e-05,2.89765609409187e-05,7.33431418780128e-05,5.18270691713951e-05,8.92009030497826,0.000188773383399621,0.00042126621292482,0.000259158268249848,0.000578364602006332,0.000173433325358019,4.04439738304063e-05,3.98673602237108,8.92152870557771,8.91906589349838,3.986673019097,0.000279147632852528,3.9866348494337,3.9869232766178,3.98669382952306,5.19475707960737e-05,0.000181209242782643
8.91722174286696,3.98660242623976,9.40635712254334e-05,2.14482751061951e-05,7.72842605556434e-06,7.07200672422914e-06,8.91767148935571,8.91817365514834,2.48971036853618e-06,6.52998397754345e-06,1.3749272284258e-05,1.12475098603682e-05,2.29894944254738e-05,8.91660519953376,0.00011858330111636,6.01283211949522e-05,0.000136075996238105,0.000378670316308671,1.29623106772669e-05,2.82359017660383e-05,3.98668003300196,8.91715095331989,8.91665514152726,3.98658922639851,1.12900410726979e-05,3.98658148823677,3.98660928262967,3.98661437021389,5.62511706903024e-06,3.0058984009429e-05
8.91625979439073,3.98659768205226,4.60854930111054e-05,1.42621356076233e-05,3.88669434414624e-07,4.46027837597285e-06,8.91623135921407,8.91627024762442,1.00601135955003e-06,5.42701553740699e-06,1.23391367878867e-05,5.09641438384278e-06,1.79155600221748e-05,8.91614939857249,8.73156129728159e-05,3.03721626551123e-05,0.000116604169818402,0.000243751293282912,7.17748827128162e-06,2.31564119985705e-05,3.98665373368124,8.91620002409127,8.9161715423196,3.98658098536993,2.31610471246313e-06,3.98657953329371,3.98658104778502,3.98660287944233,4.32211641054892e-06,1.48102476487111e-05
8.91610873435189,3.98658787223673,9.00696443295601e-06,2.35523486935563e-06,8.77308821145562e-08,1.48305912262003e-06,8.91610615478709,8.91610827813622,4.30246075211471e-07,2.79941684766527e-06,6.38650323026013e-06,3.20275387366564e-06,5.38809024419606e-06,8.91610625605057,1.33726886133445e-05,1.73768747231406e-05,5.94955648125506e-05,5.04263664424798e-05,4.81537358609785e-06,8.17426848698233e-06,3.98661054678161,8.91610993623686,8.9161042728029,3.98657994163062,1.37406601652401e-06,3.98657937355517,3.98657937252597,3.98658866543298,1.99237575770894e-06,9.77561768422675e-06
8.91610232462034,3.98658034578563,6.12890289630741e-07,4.03845206164988e-08,5.9905858051934e-08,1.24341227092373e-07,8.91610221990766,8.9161021020692,1.91026856555254e-08,2.04496245714836e-07,5.96330551161373e-07,9.77507511379372e-07,9.60011504957947e-07,8.91610208269697,5.85655925533501e-07,1.86601585028257e-06,1.5536256228188e-05,2.83059193861845e-06,1.3410472661235e-06,2.97362362289277e-07,3.98657962294573,8.91610221377806,8.91610226907801,3.98657947211888,3.24406187246495e-07,3.98657922732258,3.98657923430312,3.98657938398327,1.03217132618738e-07,8.62981551108533e-07
8.91610193374095,3.98657916081265,1.1026713764295e-08,2.51054643740645e-09,3.43829924531747e-08,3.66190988643211e-09,8.91610194213473,8.91610193148131,3.16100567943067e-09,1.37956703838427e-08,2.80959397969127e-08,8.38748519527144e-08,3.32413492287742e-08,8.91610193178434,3.8101575228211e-08,2.35209142829262e-07,5.67027029774181e-07,1.45442072607693e-07,1.25384417515306e-07,9.27855126064969e-09,3.98657921420067,8.91610193931837,8.91610194002942,3.98657913478581,5.70738052374509e-08,3.98657913736656,3.98657912814929,3.98657912652482,3.72557451555622e-09,6.44138253846904e-08
8.91610192796429,3.98657911440864,6.04700289841276e-10,2.89333002001513e-11,4.09011136071058e-09,2.07990069611697e-10,8.91610192832729,8.91610192787033,1.00499164545909e-10,4.15980139223393e-10,1.49412926475634e-09,2.193417003582e-09,2.00753902390716e-09,8.91610192785299,7.49480477679754e-10,4.615117177309e-09,2.03096988116158e-08,2.02982164410059e-09,6.91471768732299e-09,3.51860762748402e-10,3.98657911536901,8.91610192790341,8.91610192805553,3.98657911343986,8.43670022732113e-10,3.98657911343139,3.98657911291195,3.98657911256828,5.24664756085258e-11,1.69774239111575e-09
8.91610192778342,3.98657911241241,1.65414348884951e-11,8.5265128291212e-13,3.98017618863378e-10,1.81898940354586e-11,8.91610192778688,8.91610192778302,3.80850906367414e-12,1.97246663447004e-11,1.35969457915053e-10,1.49270817928482e-10,9.74864633462857e-11,8.91610192778273,1.99520400201436e-11,2.06512140721316e-10,1.74338765646098e-09,3.29123395204078e-11,6.83940015733242e-10,1.30739863379858e-11,3.98657911239479,8.9161019277866,8.91610192778512,3.98657911242265,2.40277131524635e-10,3.98657911237814,3.98657911239923,3.98657911235466,5.45696821063757e-12,9.72022462519817e-11
