0.87637767110914,1.01929982572619,1.11682951209013,1.08944228048551,1.05036289765496,1.00253522366347,0.965012591713389,0.781810940780133,1.18479298617547,1.07963155109917,0.891446790880991,0.88265389395508,1.23475009744698,0.834197435359556,1.00546433589932,1.26849021077965,1.05692356593352,1.07422506155092,1.50001919133706,0.939819329824786,1.28035517130729,1.12817136121828,1.30682026658769,1.04248086812595,0.904706228768191,1.39775623986634,1.04202361987677,0.947843583938152,0.956507115216141,0.930794466509838
0.87637767110914,0.874940459059189,0.967079542817373,0.833211139489322,0.826177371884114,0.67830612682701,0.789502409312718,0.781810940780133,1.01314323537531,0.832239094599004,0.891446790880991,0.88265389395508,0.69121633306861,0.758145934424761,0.656487991046447,0.880992391028144,0.718753479078941,0.801775889329292,0.806358374614206,0.682177380896178,1.02085319985167,0.806032660801975,0.809161355623814,0.697274710443594,0.830849994175423,0.871509226867033,0.939188854268309,0.66401581807952,0.550792633170204,0.469665750850027
0.87637767110914,0.537690372833822,0.936112164970837,0.538548604177095,0.359287241211064,0.529828888610041,0.786032893354786,0.625341594756037,0.838063403344563,0.768040108958417,0.451288713651252,0.28573060490487,0.69121633306861,0.672782289379484,0.656487991046447,0.815686750680015,0.391628245757943,0.545090596801742,0.664563968778452,0.591550401811787,0.792718154044451,0.733216740421312,0.714393813859601,0.554213220450833,0.830849994175423,0.669617954475825,0.735637945871986,0.66401581807952,0.550792633170204,0.469665750850027
0.615121120710228,0.485552344727921,0.571026721441626,0.398810577096697,0.359287241211064,0.428064376565658,0.455213202562845,0.36204572507495,0.482589120711509,0.607436866384319,0.370463191898807,0.28573060490487,0.69121633306861,0.419132919186723,0.484366108067206,0.508798885202282,0.391628245757943,0.420468165281818,0.364935214679122,0.591550401811787,0.508020634012382,0.540468749193906,0.43926783863003,0.334280793726407,0.43648650764078,0.567289404813437,0.379880782991336,0.437306516903618,0.550792633170204,0.396995530868026
0.184631669668988,0.146149145845811,0.322831195185017,0.133035645995619,0.226391977395906,0.151261117995887,0.142596619844994,0.143798631411869,0.151258322971557,0.195778247982162,0.170061987450822,0.133194790542802,0.297211765956263,0.248948704044324,0.181865079543513,0.374967257608887,0.199200161175781,0.177170832524098,0.184751007673412,0.168463604195381,0.174771535644481,0.222896263649432,0.265305230426748,0.22506043130943,0.241460503092753,0.230383228077585,0.165883360149905,0.200400327673719,0.183362104638491,0.11224994319889
0.0362598533432674,0.0217614640902184,0.0412340378967428,0.0205700201172476,0.0333009253182581,0.0476135214869373,0.062762155520204,0.0174421777680891,0.0339432376408695,0.0178802169642722,0.0287430393534578,0.0247840406507294,0.0381915575990206,0.0587427764659196,0.0346298941962004,0.100341930892114,0.0332291183023017,0.0288549934434741,0.0313971119609278,0.0313903704920904,0.0342353569940315,0.0256590506187422,0.0365048233845755,0.0287288986586418,0.0441099076766704,0.0192391958048574,0.0233504814940488,0.0224885305780163,0.0236301210946976,0.0272851715886873
0.00782901098841648,0.00291001354617038,0.00379451835135569,0.00226734588545696,0.00811110398615256,0.00760831408626927,0.00825487437316497,0.00235629793064618,0.00751266058694,0.00599867787195763,0.0057757208271596,0.00636542894267222,0.00536209841243362,0.00973799814107679,0.00681792818602389,0.0163382306647009,0.00616882813312714,0.00477851979917432,0.00392482209667833,0.00698819177546284,0.00433500387782715,0.00596355564277928,0.009786314291091,0.00285668356298174,0.00991936611239908,0.00386740362682758,0.00132533849728134,0.00492364091746822,0.00274768911822321,0.00614689988196915
0.00171505368405178,0.00085914763690198,0.000629549770224003,0.000728196248132917,0.00123300154371009,0.000925632289749956,0.00345900114098185,0.000380129866130119,0.0018099273218013,0.000623625537059525,0.0012033112257086,0.0011686556516679,0.00086842457972125,0.00216488974206186,0.00117934106981465,0.00418973618639029,0.000803745427788272,0.000845205896439438,0.000465041410166123,0.000847491497438568,0.00115333406836271,0.001272275212159,0.00141310903597969,0.000900866200368,0.00129510020474299,0.000904148011045436,0.000392960746466997,0.0011878194699193,0.000506299879134531,0.00105087527902015
0.000432281571534077,0.000163231451551837,0.000156861036998635,0.000180613210545744,0.00046385042185193,0.000142443969366468,0.000544840958355053,9.8728783086699e-05,0.000330900094695608,0.000238278307165274,0.000171971053873676,0.000404649594884177,0.000196299917547549,0.000351822953916781,0.000311259257955498,0.000620176321262988,0.000190196981748159,0.000206171574177461,0.000125544763363905,0.000130182457951378,0.000222118935766957,0.000214741955574027,0.000497814580171507,0.000332356158878611,0.000287755646695587,0.000138682729357242,0.000137138145873905,0.000269351483552782,0.000126811234054003,0.000260492650909327
0.000122813508141917,3.54300343587965e-05,2.63255453774036e-05,3.66842517678378e-05,7.67132014516392e-05,3.26827076833069e-05,9.48320875977515e-05,3.0922260521038e-05,5.56882775981649e-05,5.40515811735531e-05,3.73983447161663e-05,5.47883089438983e-05,4.03004520421746e-05,3.3563087413313e-05,3.66429883342789e-05,0.000115358819471112,3.67744394225156e-05,9.4779954565638e-05,2.95769699505399e-05,2.17990163946524e-05,3.01703942113818e-05,3.74714635427154e-05,6.46610018293359e-05,0.000108257896613395,6.326238121801e-05,2.31000256007974e-05,4.52435015176889e-05,5.52080267652855e-05,6.30278291282593e-05,3.71127655398595e-05
2.11573427577605e-05,1.93842963653879e-05,1.23284205528762e-05,1.61149392852167e-05,1.45260216868337e-05,1.93641466239569e-05,1.83874581125565e-05,1.85404365993236e-05,1.91702334859656e-05,2.05463070415135e-05,1.52821835399664e-05,1.2123056535529e-05,1.69116769939137e-05,1.18792351031516e-05,1.90159225894604e-05,4.97547285931432e-05,7.21944502402039e-06,3.63226196213873e-05,1.4057062799111e-05,1.10388864413835e-05,1.45269463018849e-05,1.05139336028515e-05,1.99669490257293e-05,3.1429595537702e-05,1.63214806434553e-05,1.55222927560317e-05,1.71855389226039e-05,1.24229625271255e-05,2.60866984262975e-05,1.29325543412051e-05
2.38820234699233e-06,5.03200885759725e-06,2.60439514931932e-06,1.73415457993542e-06,5.04128615830268e-06,7.37932623451343e-06,2.26609711262427e-06,5.11442772221926e-06,2.16290413845854e-06,3.14397834699776e-06,1.52880193127203e-06,1.75731213403196e-06,3.05766695873899e-06,2.81450832062546e-06,7.51556592604175e-06,2.76266213177223e-05,1.23143502150924e-06,1.79487027480718e-05,2.94138885692519e-06,1.49217794387368e-06,1.18617913358321e-06,1.52259156038781e-06,6.59033628380712e-06,1.40497851361943e-05,2.59951002590242e-06,4.81730398860236e-06,3.86800832075096e-06,2.90404727820714e-06,7.29192197468365e-06,1.84443467787787e-06
4.9056336592912e-07,4.30797058470489e-07,5.93053300690372e-07,4.68996290692303e-07,5.53130234948185e-07,3.0198231115719e-06,4.73810246148787e-07,5.71558643969183e-07,3.84143959308858e-07,4.02923546971579e-07,4.44157763013209e-07,4.66547135147266e-07,1.34822266772971e-06,4.42486225438188e-07,1.35228788167296e-06,2.39845089708979e-05,3.95992060475692e-07,1.44606489129728e-05,5.30954707755882e-07,4.33129571320023e-07,3.4206584587082e-07,4.09404151469062e-07,1.56572536980093e-06,5.19357979555934e-06,4.23153323936276e-07,1.52088409777207e-06,5.24548113389756e-07,4.18421109316114e-07,5.37040216386231e-06,4.7843661832303e-07
1.86007355296169e-07,1.68660449162417e-07,1.70786620401486e-07,1.55878524310538e-07,1.79182507054065e-07,2.17848275951837e-06,1.53042833517247e-07,2.169306299038e-07,1.27860630527721e-07,1.30182570501347e-07,1.24409666568681e-07,1.53193468577228e-07,9.21949890653195e-07,1.34125002659857e-07,7.19988292985363e-07,2.29179352118081e-05,1.55108523358649e-07,1.30810572045448e-05,1.45826334119192e-07,1.20741447062755e-07,1.98038037524384e-07,1.15760713015334e-07,8.63298623698938e-07,3.91741468774853e-06,1.68740143635659e-07,9.55966584115231e-07,1.50491359818261e-07,1.04987293525483e-07,3.96662494495104e-06,1.25372025649995e-07
