23.8886968083386,9.90185307771867,13.1813683482369,10.2179731387671,11.41784346758,10.8121160800702,8.26852832336135,12.6933076580392,11.8874719635014,12.2051141580839,29.6110116610455,8.04244147741178,27.0564082087474,31.0424621846626,14.7329031364829,10.4973811447505,27.8244260817369,27.0305900193293,28.4934473872845,7.90811024562754,10.6729869738774,30.655616517723,9.84807192299786,15.1181904265006,8.15374807874832,30.7133297055038,26.5556554243465,29.1593550299151,9.02798603162955,13.9912443306009
23.8886968083386,9.90185307771867,13.1813683482369,10.2179731387671,11.41784346758,10.8121160800702,8.26852832336135,12.6933076580392,11.8874719635014,12.2051141580839,29.6110116610455,8.04244147741178,27.0564082087474,31.0424621846626,14.7329031364829,10.4973811447505,27.8244260817369,27.0305900193293,28.4934473872845,7.90811024562754,10.6729869738774,30.655616517723,9.84807192299786,15.1181904265006,8.15374807874832,30.7133297055038,26.5556554243465,29.1593550299151,9.02798603162955,13.9912443306009
23.8886968083386,9.90185307771867,13.1813683482369,10.2179731387671,11.41784346758,10.8121160800702,8.26852832336135,12.6933076580392,11.8874719635014,12.2051141580839,29.6110116610455,8.04244147741178,27.0564082087474,31.0424621846626,14.7329031364829,10.4973811447505,27.8244260817369,27.0305900193293,28.4934473872845,7.90811024562754,10.6729869738774,30.655616517723,9.84807192299786,15.1181904265006,8.15374807874832,30.7133297055038,26.5556554243465,29.1593550299151,9.02798603162955,13.9912443306009
23.8886968083386,9.90185307771867,13.1813683482369,10.2179731387671,11.41784346758,10.8121160800702,8.26852832336135,12.6933076580392,11.8874719635014,12.2051141580839,29.6110116610455,8.04244147741178,27.0564082087474,31.0424621846626,14.7329031364829,10.4973811447505,27.8244260817369,27.0305900193293,28.4934473872845,7.90811024562754,10.6729869738774,30.655616517723,9.84807192299786,15.1181904265006,8.15374807874832,30.7133297055038,26.5556554243465,29.1593550299151,9.02798603162955,13.9912443306009
23.8886968083386,7.56896107852526,13.1813683482369,7.97808000480836,10.7808619424361,9.16089892360674,8.26852832336135,10.2097804054988,9.97912262357363,6.94073984603256,29.6110116610455,7.5457645521351,25.1114131235909,31.0424621846626,7.18440617855822,10.4973811447505,27.0323974402445,25.5350302325019,28.4934473872845,7.90811024562754,9.67271954629382,30.655616517723,9.84807192299786,12.0997159329465,8.15374807874832,30.3840887814777,26.2650237865203,25.7528502247717,9.02798603162955,11.8460371593528
23.8886968083386,7.56896107852526,13.1813683482369,7.97808000480836,10.7808619424361,9.16089892360674,8.26852832336135,10.2097804054988,9.97912262357363,6.94073984603256,29.6110116610455,7.5457645521351,25.1114131235909,31.0424621846626,7.18440617855822,10.4973811447505,25.2984469784506,25.5350302325019,28.4934473872845,7.90811024562754,9.67271954629382,30.655616517723,9.84807192299786,12.0997159329465,8.15374807874832,30.3840887814777,26.2650237865203,25.7528502247717,8.38346209672682,11.8460371593528
23.8886968083386,7.56896107852526,11.6742873349463,7.97808000480836,10.450516855029,8.93110777867923,7.85493703787029,9.60754902823805,9.97912262357363,6.94073984603256,24.8929051220416,7.5457645521351,24.253974087504,24.5367723727954,7.18440617855822,9.5094457871246,25.2984469784506,25.5350302325019,28.1823743623906,7.90811024562754,7.70538320663013,28.9890591366645,8.80179397513143,9.95546435506117,8.15374807874832,25.2989339789528,26.2650237865203,21.1450505882831,7.77093009824171,11.8460371593528
23.8886968083386,7.56896107852526,6.49297944666614,6.11510042300665,8.0847175770175,8.93110777867923,4.36089889569166,9.46148363819179,9.30161709293293,6.94073984603256,24.8929051220416,6.33815481296892,24.253974087504,24.5367723727954,5.24638733988127,9.5094457871246,25.2984469784506,24.8702284348296,26.0564137005131,7.79376359608682,6.21850260290967,26.4602238370876,7.69968804921336,6.8525814727509,8.15374807874832,25.2989339789528,25.5005039478287,21.1450505882831,4.79998805838704,6.30019604303084
22.4845232290916,7.14062817865738,4.62559683719564,4.04104471430242,4.84612160689267,5.01312032659575,2.98694200604723,7.61602930692425,6.73679743058824,4.33837749302074,24.8929051220416,3.64095893077183,23.5880587970712,23.0177101778422,5.24638733988127,6.60528383529117,24.1903059379601,23.8833137190934,25.2290187077051,7.79376359608682,6.16550609824276,24.7429736358788,4.93496039761817,6.8525814727509,7.26276047668148,23.1301721840703,24.0370198297003,21.1450505882831,2.45209093544076,4.93971756950668
22.0090634686512,2.70753091307142,4.0307314031154,2.25324938559515,4.38081081828363,3.93728632870852,2.35819521477038,3.47175410052614,4.62638502123377,2.31350904300393,24.8929051220416,3.64095893077183,21.0421221706088,23.0177101778422,4.25206873502702,4.53580352661038,23.9625117033606,22.6013268341769,24.1126411443681,5.27415195114077,4.2202883810337,24.6604772871503,3.31921951161917,4.49331342511778,5.20254697384621,23.1301721840703,23.3728307060087,21.1450505882831,2.12765603835169,3.40861313446794
22.0090634686512,0.655841724533047,2.86483799750954,1.40427109215375,2.50817069183222,1.53532481548086,0.920266221941574,0.785820988419118,4.17922951472201,1.68851793368549,23.1231103630125,1.66731496165198,21.0421221706088,21.5489943961761,1.73651310040145,1.59493663120975,22.0413417458376,21.1819361166013,22.8307834042723,3.1811254428485,3.38947124769629,23.0143753192935,2.07093214184238,3.13451596484765,2.11866693992965,21.5165265793926,22.2687915030608,21.1450505882831,0.954614376480095,3.24582860518399
20.3426600451105,0.655841724533047,1.4647362641042,0.337964585432701,0.345613546711093,1.19406598420596,0.442590666974183,0.279050082912136,3.15530309377232,0.535552214275185,22.1122067558504,0.540151393605584,20.3918506068678,21.3534597363248,1.09507916232815,1.11654866431445,20.6619531493345,20.594442396879,22.2582645007481,2.38860621762842,2.20513494812121,22.1619326777768,1.51429159598661,2.27448910066414,0.604334631893607,20.7587928327307,21.5202290816865,20.4572741045649,0.432349211430392,2.01401753828532
20.1006602524042,0.131275569330001,1.10386097869787,0.058802200925129,0.116450595763581,0.754248598609365,0.0874660509527985,0.0803420106481099,2.69681217369066,0.0948643983847433,21.7317043083767,0.149700644186169,20.163822268983,21.0746669917548,0.713283658860519,0.685974573281101,20.2138322802921,20.1427489934936,22.1082362919683,1.72871901612029,1.73282385156199,21.745734353251,1.06233755788503,1.67740371220475,0.118445521644389,20.7108046123683,21.100399385834,20.0977180458128,0.06613572529659,1.68423658885058
20.0205394578686,0.0158015655874806,1.01506969649085,0.0193803958381977,0.0165367389072344,0.639610154633601,0.0153548451357892,0.0156546066020837,2.62578670463085,0.0126996425753987,21.6285667125453,0.0158241555477616,20.0118438085981,21.0088694884878,0.637982785478698,0.665467535139442,20.0171858321844,20.0180338407131,21.9979931632968,1.62842627102168,1.6385425668434,21.6325616547745,1.01213555205072,1.6291079226819,0.0161908451584623,20.6338988481859,21.0108767495981,20.017120107553,0.0118178010613974,1.63074625139734
20.0000355673053,0.00210043338597643,0.995948075822298,0.00265830770445064,0.0053821309693376,0.627616691306685,0.00167406705372741,0.00404568611384093,2.61586800073405,0.00279493106609152,21.6207898636187,0.00245017039401318,20.001641285209,20.9961586325708,0.627235198162907,0.627876605048414,20.0041868986971,20.003023541163,21.9905334021794,1.62184004866936,1.62048951044267,21.6216886272796,0.998012712475656,1.62136250632966,0.00298465549872162,20.6256268788857,20.9962633222415,20.0020495784222,0.00230703457236814,1.62113330040415
19.9986323292037,0.00024749254521339,0.995184683642037,6.89237963342748e-05,0.00489970714806987,0.624210959878155,0.000220828319015709,8.14392917618534e-05,2.61412327634662,0.00011469897731331,21.6190312466947,3.26845797644637e-05,20.0000642977611,20.9952416182498,0.624539510143677,0.624159913892072,20.0000568480973,20.0000531167329,21.9901741429526,1.62128555540517,1.61943641028233,21.6192329356616,0.995143062794114,1.61928704369416,0.000141488897725139,20.6235544869498,20.9950747139219,20.0001177003173,0.000197023629880277,1.61948638761055
