2924.56950315251,3169.40952869487,4659.85930894707,2991.9043005102,4926.93212080235,13526.7018509167,13937.025353648,4477.44079962354,10184.094779598,3284.06943455965,4450.75838794413,5986.3119070209,13420.8711614556,1922.91002935692,2948.94039978642,6334.92482500365,5560.79939520405,1504.07937698476,3437.81722191039,6373.21180860953,4505.85786613805,8114.8736998907,6241.9062070354,1482.8065247655,3991.67102982095,3059.3702157484,8068.73761727334,5020.6099726055,3108.51483819519,4097.35991841692
2705.7876474829,2521.95801563576,4284.31942148383,1458.80459151964,4926.93212080235,13526.7018509167,9207.76925643891,3348.89542666644,4019.4079258777,3006.39367690632,2375.58567574715,4408.57765220917,8839.90210016349,1881.12425369654,1184.62191598297,4494.34759209279,2608.92531495952,1096.55649424583,3437.81722191039,4374.15269376589,2328.57496101394,4876.1724293956,3741.98903889336,1474.9909913579,3747.24788063144,3059.3702157484,4096.07749936054,4599.88473567983,2598.18166545847,2556.57164730041
2587.84296765754,1195.05230938449,1839.25144898616,1458.80459151964,4926.93212080235,13526.7018509167,3076.83242885712,2130.6412714899,2701.51879044133,2045.64400775786,1091.83246274188,3007.96545981209,2925.53163825687,1123.67241858575,1048.2437793091,866.480126267346,1692.93597402626,792.570141383965,2099.08373265769,1493.06868089831,1434.40030954055,2025.74481571449,1205.66696556875,543.342521241045,2484.97788648502,1219.7302582743,2373.9177533901,1813.75509580748,1411.10823596315,1688.4409296292
1635.39151791627,1195.05230938449,431.396861628766,507.200452115398,3735.48751404132,8062.27749880493,2091.18170220821,1313.97636159822,1855.89396233055,493.233863521265,1091.83246274188,1429.15492572853,2127.1145255962,925.536539093282,775.889028509472,866.480126267346,1307.00001059304,653.854872309654,1446.74775677024,1400.92709644219,1341.90696590326,1844.78696681652,1205.66696556875,441.849442351542,1710.97371781809,1219.7302582743,2287.44722309828,1275.81983415953,1141.3603172694,861.280849623146
941.758252869408,890.880359729907,223.92391519326,176.055159400996,2427.68951089982,5068.83675600991,1089.55484467094,844.105674610587,906.214671920616,352.561017341304,879.586493163932,1232.42143262616,816.083000891707,476.253082609962,219.992704149521,315.626538618695,625.382752687452,535.132906048879,772.833429149942,640.295059568111,585.995127878682,1153.88376946151,744.205032246974,169.947667141305,284.868947878635,244.161715730979,915.03976281985,654.337427057497,610.797219922524,551.825977988283
591.874447804732,402.751905876461,151.83036437552,151.817597047563,2427.68951089982,1774.27705119328,581.395025985396,426.363323915504,193.312054957804,178.6406589623,379.095832902871,459.865995901932,265.324562671984,330.761042040274,137.667672934724,155.653358269191,193.390180504596,425.020965364705,409.081731540575,373.573694413216,181.583896421042,325.993681478698,168.829095968544,148.484430032858,158.435657069909,161.887751401655,484.816976480529,373.631050840694,380.114423065364,354.280550793267
416.736816682851,305.144963459972,104.51011764694,65.6779153038383,2030.69720118617,1119.25643732675,330.992168916625,317.540096312612,150.277343452601,139.664640166931,303.982197576802,324.49587523256,148.655695897098,301.76581577033,16.4955109018106,89.6859625756902,150.503232015618,401.165793077764,316.085170799914,307.662356539082,126.212855273846,151.359205512794,81.5885749484205,66.3776314615902,105.280086373333,75.5357095599211,311.963594153308,310.690508191276,306.305598112144,302.583082508886
400.093246930639,300.01032985197,2.28144696045456,0.804211377700994,665.533650336881,874.005261569618,300.267199718081,300.071834532689,16.2519799929059,4.35294335728486,300.015021473975,300.088678943947,12.4303646289645,300.010735127264,0.132912566206869,0.70356833769165,15.4273176831107,400.005060574518,300.05268497895,300.024009187349,2.45615989564294,151.082118928535,1.11845176398037,0.537369074293565,3.13335870553237,1.92927545559132,300.035392276719,300.016546245043,300.017928267346,300.011827858927
400.000035046999,300.000003572161,0.000275816972589382,0.000198109942630253,665.533650336881,380.641609252977,300.000040855567,300.000016700569,0.00582680342495223,0.000865314295424469,300.000005028754,300.000027357854,0.00924870299968461,300.000002732373,5.59205086574366e-05,0.000243968223458069,0.0044772095297958,400.000001973161,300.000011093498,300.000008411134,0.000704845496329654,151.075121067327,0.000332661620177532,0.000138648299980559,0.000545717278328084,0.000587416770940763,300.000008060091,300.000006791998,300.000005353178,300.000002625653
400.000000000102,300.000000000008,1.02954800240695e-09,3.83806764148176e-10,209.802119187258,178.311445065258,300.000000000071,300.000000000082,1.30517037177924e-08,2.03181116376072e-09,300.000000000016,300.000000000101,2.24540599447209e-08,300.000000000006,1.45973899634555e-10,9.10858943825588e-10,1.8152150005335e-08,400.000000000008,300.00000000003,300.000000000021,1.50703272083774e-09,151.075121065057,7.82620190875605e-10,2.91493051918224e-10,3.75393938156776e-09,1.13141140900552e-09,300.00000000003,300.00000000001,300.000000000006,300.000000000006
400,300,4.54747350886464e-13,4.54747350886464e-13,151.594850998398,151.451911548022,300,300,4.54747350886464e-13,4.54747350886464e-13,300,300,4.54747350886464e-13,300,4.54747350886464e-13,4.54747350886464e-13,4.54747350886464e-13,400,300,300,4.54747350886464e-13,151.075121065057,4.54747350886464e-13,4.54747350886464e-13,4.54747350886464e-13,4.54747350886464e-13,300,300,300,300
400,300,4.54747350886464e-13,4.54747350886464e-13,150.532971239345,150.533871514953,300,300,0,4.54747350886464e-13,300,300,0,300,4.54747350886464e-13,4.54747350886464e-13,0,400,300,300,4.54747350886464e-13,151.075121065057,0,0,4.54747350886464e-13,4.54747350886464e-13,300,300,300,300
400,300,0,0,150.427624239419,150.427358108863,300,300,0,0,300,300,0,300,4.54747350886464e-13,4.54747350886464e-13,0,400,300,300,4.54747350886464e-13,151.075121065057,0,0,0,4.54747350886464e-13,300,300,300,300
400,300,0,0,150.427164263776,150.427164008311,300,300,0,0,300,300,0,300,0,0,0,400,300,300,0,151.075121065057,0,0,0,4.54747350886464e-13,300,300,300,300
400,300,0,0,150.427163814155,150.427163809781,300,300,0,0,300,300,0,300,0,0,0,400,300,300,0,151.075121065057,0,0,0,0,300,300,300,300
400,300,0,0,150.427163809589,150.427163809589,300,300,0,0,300,300,0,300,0,0,0,400,300,300,0,151.075121065057,0,0,0,0,300,300,300,300
