19.5859264573874,21.9550541319381,17.4976386204266,20.9119274532568,339.537540877272,14.6067491820127,15.0142772970153,331.996340810019,339.853873583685,17.3744330206073,19.5984479750127,21.1392135307146,16.8013005907742,20.4919776313841,16.245119541752,17.5834856117631,15.4756289828219,19.2093616167135,20.7224304026854,334.391276727073,17.943068726272,332.354518207479,16.4511543206381,17.9848652320634,330.679353923936,13.3471981951357,14.9032988040394,18.00118394931,20.2438717499949,19.0798635640513
19.5859264573874,21.9550541319381,17.4976386204266,20.9119274532568,339.537540877272,14.6067491820127,15.0142772970153,331.996340810019,339.853873583685,17.3744330206073,19.5984479750127,21.1392135307146,16.8013005907742,20.4919776313841,16.245119541752,17.5834856117631,15.4756289828219,19.2093616167135,20.7224304026854,334.391276727073,17.943068726272,332.354518207479,16.4511543206381,17.9848652320634,330.679353923936,13.3471981951357,14.9032988040394,18.00118394931,20.2438717499949,19.0798635640513
19.5859264573874,21.9550541319381,17.4976386204266,20.9119274532568,339.537540877272,14.6067491820127,15.0142772970153,331.996340810019,339.853873583685,17.3744330206073,19.5984479750127,21.1392135307146,16.8013005907742,20.4919776313841,16.245119541752,17.5834856117631,15.4756289828219,19.2093616167135,20.7224304026854,334.391276727073,17.943068726272,332.354518207479,16.4511543206381,17.9848652320634,330.679353923936,13.3471981951357,14.9032988040394,18.00118394931,20.2438717499949,19.0798635640513
19.5859264573874,21.9550541319381,17.4976386204266,20.9119274532568,339.537540877272,14.6067491820127,15.0142772970153,331.996340810019,339.853873583685,17.3744330206073,19.5984479750127,21.1392135307146,16.8013005907742,20.4919776313841,16.245119541752,17.5834856117631,15.4756289828219,19.2093616167135,20.7224304026854,334.391276727073,17.943068726272,332.354518207479,16.4511543206381,17.9848652320634,330.679353923936,13.3471981951357,14.9032988040394,18.00118394931,20.2438717499949,19.0798635640513
19.5859264573874,21.9550541319381,17.4976386204266,20.9119274532568,339.537540877272,14.6067491820127,15.0142772970153,331.996340810019,339.853873583685,17.3744330206073,19.5984479750127,21.1392135307146,16.8013005907742,20.4919776313841,16.245119541752,17.5834856117631,15.4756289828219,19.2093616167135,20.7224304026854,334.391276727073,17.943068726272,332.354518207479,16.4511543206381,17.9848652320634,330.679353923936,13.3471981951357,14.9032988040394,18.00118394931,20.2438717499949,19.0798635640513
3.78349345757579,5.93175218632132,6.23854205821681,4.07395397595565,310.516320196734,5.24725824170491,5.54062340349856,305.018967102202,314.658216764579,5.29473433834619,4.78393129225742,5.61486106367556,4.98868554238197,3.88319232682397,5.80676374881659,4.48475941202605,4.93646859725959,6.57860395415082,4.97503080028719,309.163863153668,4.40648084096074,309.315819563502,6.91839443919434,5.0833647698546,312.343163296451,5.96108413095817,3.73445212507977,6.1296676369343,4.61578575778321,5.37301385401179
0.554222171830133,0.727019293133253,0.752987945572386,0.56409941308857,301.114326033411,0.538543514762296,0.528259241427804,300.747247481308,301.40104407749,1.26403691011865,0.763345389934329,0.855352477334691,0.877033302697782,0.457782310643324,0.714670032057711,0.648223746265558,1.12183430391997,0.58874088978655,0.704466832262824,301.3430396161,0.692219271578779,300.861889592,0.846169517789804,0.705473734923544,301.034604915898,0.77328914726786,0.55011232323568,0.806592435229049,0.650238764750156,0.643160577848903
0.078621261896842,0.119211403490681,0.148207129928323,0.0807693464353179,300.111457577781,0.123658450426774,0.0976069455841753,300.077974109766,300.289207602624,0.166874333138367,0.0865038835877385,0.0983538873279031,0.161286998576088,0.134834141628744,0.116751469245173,0.0920851060709538,0.132993893073944,0.104193662676607,0.12556280427998,300.198048438635,0.116546798428772,300.065230723527,0.133147527685196,0.0985415714226292,300.164499789599,0.0880352478720852,0.0638209685644142,0.149762164272943,0.0746843701531361,0.096585850565134
0.012533124561287,0.00826114064057037,0.0321710406619786,0.0134252138877855,300.020960153089,0.021758651093478,0.0135097809652507,300.01034630266,300.018894946304,0.0161513937323434,0.0148680382558268,0.016180718509986,0.0173123434137779,0.0138858515533684,0.0163389937874854,0.0148263328510438,0.0231651142871669,0.0243274023159756,0.0139702969013342,300.037084001333,0.0251222708143359,300.018670861328,0.0131734536539625,0.015081216884937,300.031550615957,0.0152128603958772,0.010116511663,0.0171030241108383,0.0150104951771937,0.012295555206947
0.00151561968732494,0.00181407315312754,0.00220175359709174,0.00161187983667332,300.004671757915,0.00305397780493877,0.00165122276303009,300.001416256381,300.004469831151,0.00387658459567319,0.00232290999065299,0.00185878853426402,0.00315430560794994,0.00159839364960135,0.00203983782785144,0.002151596674139,0.00344049733485008,0.00238287450156349,0.0018332582299081,300.00454338299,0.00225312681550349,300.001673122973,0.00182062941621552,0.00231905541704691,300.004178426401,0.00257642407041203,0.00215270867965955,0.00244624242850477,0.00169377157953932,0.00240708761612041
0.000319945879709849,0.000307471727410302,0.000370757437849534,0.00025520260032863,300.000508193687,0.000351845041222987,0.000250014484663552,300.00036385291,300.000487589881,0.00032370579219787,0.000314553211865132,0.000370066939012759,0.000228383936700993,0.000373127460079559,0.000415210457049398,0.000391420927826402,0.000350376855294598,0.000444755073658598,0.000304855620470335,300.000469165167,0.000355330324055103,300.000389032629,0.000358495232376299,0.000231095156323136,300.000580497949,0.000304551081626414,0.000238197694670816,0.000222752710214991,0.000282156178400328,0.000237136371652014
3.13365158035595e-05,4.37387930105615e-05,3.7984934351698e-05,2.57164670074417e-05,300.000070020635,4.72564470328507e-05,4.16547231907316e-05,300.000056693845,300.000074163193,6.42924183011928e-05,5.39024931640597e-05,4.04994580094353e-05,5.33064071532863e-05,3.47456802956003e-05,5.14018424837559e-05,5.76283168811642e-05,4.57089231531427e-05,5.67798892916471e-05,3.96779755647003e-05,300.000067436852,5.45891020919953e-05,300.000064129745,2.3791383682692e-05,4.75797833132674e-05,300.000071744079,4.60871424365905e-05,3.25094970321516e-05,4.63547107756312e-05,3.96567552343186e-05,4.72659230581485e-05
8.12986354503664e-06,5.3743174248666e-06,5.03073033542023e-06,6.47120350549812e-06,300.000005746064,8.02407976152608e-06,6.66881351207849e-06,300.000007689022,300.000009982398,4.22646917286329e-06,6.04347951593809e-06,7.15475425749901e-06,7.02999295754125e-06,7.82718097980251e-06,6.72567011861247e-06,5.47290846952819e-06,6.50746005703695e-06,6.65491143081454e-06,9.30800433707191e-06,300.000009035059,6.67765198159032e-06,300.00000920695,8.00492534835939e-06,6.91078321324312e-06,300.000008944549,8.22656556920265e-06,5.11147936776979e-06,6.69941437081434e-06,6.39422114545596e-06,5.33629599885899e-06
9.71594090515282e-07,9.26350821828237e-07,7.37104073778028e-07,1.11244980871561e-06,300.000001285041,8.02074737293879e-07,9.39861820370425e-07,300.000001018676,300.000001719961,1.13696205517044e-06,1.0551175364526e-06,1.15347120299703e-06,1.02827107184567e-06,1.08583253677352e-06,8.90760929905809e-07,1.53487599163782e-06,1.07732103060698e-06,1.21926768770209e-06,1.40216707222862e-06,300.000000837862,1.04969922176679e-06,300.00000166302,9.54519691731548e-07,1.02589365269523e-06,300.000001489705,1.0802032193169e-06,8.68801180331502e-07,1.02914600574877e-06,1.0157200449612e-06,9.05490196601022e-07
