4.32104291199096,0.279813678693813,4.5042099359701,0.480435548833839,9.47113934814593,0.289878263977414,0.239132052560365,0.699723424552758,0.578722563968199,0.387203113283306,0.525432526291866,4.57029741350925,0.726785353222454,9.54904664858407,4.57554384016231,0.290772874814365,0.179401204420401,9.47665491709154,0.379077613410118,0.43330743065269,4.40318641080478,0.452103882089034,9.61815246101605,0.530281030514573,4.29816307892122,0.480562681431707,0.667163762522648,4.37649800420928,0.407623227400904,0.645535887900849
4.32104291199096,0.279813678693813,4.5042099359701,0.480435548833839,9.47113934814593,0.289878263977414,0.239132052560365,0.699723424552758,0.578722563968199,0.387203113283306,0.525432526291866,4.57029741350925,0.726785353222454,9.54904664858407,4.57554384016231,0.290772874814365,0.179401204420401,9.47665491709154,0.379077613410118,0.43330743065269,4.40318641080478,0.452103882089034,9.61815246101605,0.530281030514573,4.29816307892122,0.480562681431707,0.667163762522648,4.37649800420928,0.407623227400904,0.645535887900849
4.32104291199096,0.279813678693813,4.5042099359701,0.480435548833839,9.47113934814593,0.289878263977414,0.239132052560365,0.699723424552758,0.578722563968199,0.387203113283306,0.525432526291866,4.57029741350925,0.726785353222454,9.54904664858407,4.57554384016231,0.290772874814365,0.179401204420401,9.47665491709154,0.379077613410118,0.43330743065269,4.40318641080478,0.452103882089034,9.61815246101605,0.530281030514573,4.29816307892122,0.480562681431707,0.667163762522648,4.37649800420928,0.407623227400904,0.645535887900849
4.32104291199096,0.279813678693813,4.5042099359701,0.480435548833839,9.47113934814593,0.289878263977414,0.239132052560365,0.699723424552758,0.578722563968199,0.387203113283306,0.525432526291866,4.57029741350925,0.726785353222454,9.54904664858407,4.57554384016231,0.290772874814365,0.179401204420401,9.47665491709154,0.379077613410118,0.43330743065269,4.40318641080478,0.452103882089034,9.61815246101605,0.530281030514573,4.29816307892122,0.480562681431707,0.667163762522648,4.37649800420928,0.407623227400904,0.645535887900849
4.32104291199096,0.279813678693813,4.5042099359701,0.480435548833839,9.47113934814593,0.289878263977414,0.239132052560365,0.699723424552758,0.578722563968199,0.387203113283306,0.525432526291866,4.57029741350925,0.726785353222454,9.54904664858407,4.57554384016231,0.290772874814365,0.179401204420401,9.47665491709154,0.379077613410118,0.43330743065269,4.40318641080478,0.452103882089034,9.61815246101605,0.530281030514573,4.29816307892122,0.480562681431707,0.667163762522648,4.37649800420928,0.407623227400904,0.645535887900849
4.32104291199096,0.279813678693813,4.5042099359701,0.480435548833839,9.47113934814593,0.289878263977414,0.239132052560365,0.699723424552758,0.578722563968199,0.387203113283306,0.525432526291866,4.57029741350925,0.726785353222454,9.54904664858407,4.57554384016231,0.290772874814365,0.179401204420401,9.47665491709154,0.379077613410118,0.43330743065269,4.40318641080478,0.452103882089034,9.61815246101605,0.530281030514573,4.29816307892122,0.480562681431707,0.667163762522648,4.37649800420928,0.407623227400904,0.645535887900849
4.32104291199096,0.279813678693813,4.5042099359701,0.480435548833839,9.47113934814593,0.289878263977414,0.239132052560365,0.699723424552758,0.578722563968199,0.387203113283306,0.525432526291866,4.57029741350925,0.726785353222454,9.54904664858407,4.57554384016231,0.290772874814365,0.179401204420401,9.47665491709154,0.379077613410118,0.43330743065269,4.40318641080478,0.452103882089034,9.61815246101605,0.530281030514573,4.29816307892122,0.480562681431707,0.667163762522648,4.37649800420928,0.407623227400904,0.645535887900849
4.32104291199096,0.279813678693813,4.5042099359701,0.480435548833839,9.37818085888125,0.289878263977414,0.239132052560365,0.699723424552758,0.578722563968199,0.387203113283306,0.525432526291866,4.57029741350925,0.726785353222454,9.4000457012844,4.57554384016231,0.290772874814365,0.179401204420401,9.47665491709154,0.379077613410118,0.43330743065269,4.40318641080478,0.452103882089034,9.25459794206614,0.530281030514573,4.29816307892122,0.480562681431707,0.667163762522648,4.37649800420928,0.407623227400904,0.645535887900849
4.32104291199096,0.279813678693813,4.5042099359701,0.480435548833839,9.09107110774113,0.289878263977414,0.239132052560365,0.699723424552758,0.578722563968199,0.387203113283306,0.525432526291866,4.57029741350925,0.726785353222454,9.09582894308403,4.57554384016231,0.290772874814365,0.179401204420401,9.06052617922177,0.379077613410118,0.43330743065269,4.40318641080478,0.452103882089034,9.10659295511198,0.530281030514573,4.29816307892122,0.480562681431707,0.667163762522648,4.37649800420928,0.407623227400904,0.645535887900849
4.32104291199096,0.279813678693813,4.5042099359701,0.480435548833839,8.9400878687054,0.289878263977414,0.239132052560365,0.699723424552758,0.578722563968199,0.387203113283306,0.525432526291866,4.57029741350925,0.726785353222454,8.93846214706332,4.57554384016231,0.290772874814365,0.179401204420401,8.93883439452549,0.379077613410118,0.43330743065269,4.40318641080478,0.452103882089034,8.93360569948891,0.530281030514573,4.29816307892122,0.480562681431707,0.633588950954731,4.37649800420928,0.407623227400904,0.645535887900849
4.17624177380236,0.24582345936318,4.37186995923696,0.086624953541218,8.91719235195836,0.0537528124843902,0.153031100080341,0.248114463851039,0.578722563968199,0.17935158415554,0.525432526291866,4.17399670592977,0.53152882389179,8.91690720187808,4.09047056814853,0.290772874814365,0.179401204420401,8.91747397160782,0.379077613410118,0.43330743065269,4.31897234159197,0.404779921565819,8.91738754103284,0.317340106209031,4.21383050319992,0.209248334712356,0.204855687764848,4.37649800420928,0.158350923073272,0.312900260006018
3.99735532422329,0.00839779797831852,3.99472996539589,0.0105682577714674,8.91610669175128,0.0038697199491935,0.00593786276004948,0.0117561921243805,0.0480704124206568,0.00894126068840251,0.080208695324643,3.99687068215331,0.0241724120248819,8.91610780886896,3.9921630291937,0.0178185407236811,0.0140207052737082,8.91610423447855,0.0291292695797551,0.0299171315465969,3.99831231488542,0.0153064302930375,8.91610640997243,0.00841619745352773,3.99419341156937,0.022039331513497,0.00553598144699663,3.99739146365857,0.00790738042917383,0.0259057356519179
3.98916847290803,0.000688633880372436,3.98733376600501,0.000278246289269646,8.91610217029529,0.000312362981162551,0.000550590225998349,0.000722247028420497,0.000635321681613732,0.000522145699108023,0.00173116451946953,3.98665008007168,8.83961985778114e-05,8.91610195554097,3.98824021516185,0.000123880039666346,0.00565638053001294,8.91610197371602,0.000533331316887597,0.000255743173170231,3.9877370853946,0.000389578256260847,8.91610205920597,0.000338082785958704,3.98697443256015,0.00128808287769289,0.000604614559449601,3.98683922586332,0.000307966040963947,0.000417517742448581
3.98882373476317,0.000584163062683274,3.98724160426696,0.000197139468468777,8.91610202014067,0.000247802985654744,0.000466352843943696,0.000569302475582845,8.66673371433535e-05,0.000414631623186779,8.16261439240407e-06,3.98662377495401,5.16451909788884e-05,8.91610195554097,3.98799967126001,2.15579397035981e-05,0.00449944995619944,8.91610194762961,0.000266379844106268,1.4408930837817e-05,3.98740830032114,8.46264634333238e-05,8.91610204913002,0.000262785416794031,3.9869009511221,1.03396316717408e-05,0.000419052055349312,3.98662215685351,0.000255649670123148,2.47585842316767e-05
3.98666476914161,3.03356060840088e-05,3.98670183926339,1.83582168915564e-05,8.91610199513929,7.00862074154429e-06,6.33765855582169e-05,2.38066354540933e-06,4.58924777717584e-05,1.53892218577312e-05,2.4635765498715e-06,3.98658421328577,2.05616090056537e-05,8.91610195554097,3.98663034404501,6.11107100212394e-06,9.85067768510817e-05,8.91610194762961,2.99459178449979e-05,5.36953541541152e-06,3.98667482307513,1.60663431074681e-05,8.91610204913002,1.93640368024717e-05,3.9866178345045,3.55026077158982e-06,6.2725315501666e-06,3.98659240231365,9.96397602648358e-06,8.69238550649243e-06
3.98657911234721,5.6843418860808e-14,3.98657911234824,5.6843418860808e-14,8.91610194660427,5.6843418860808e-14,4.54747350886464e-13,5.6843418860808e-14,1.75077730091289e-11,0,6.25277607468888e-13,3.98657911234716,7.95807864051312e-13,8.91610195554097,3.98657911234721,2.21689333557151e-12,5.6843418860808e-14,8.91610194762961,1.76214598468505e-12,1.08002495835535e-12,3.98657911235097,1.4210854715202e-12,8.91610193073842,5.6843418860808e-14,3.98657911234744,2.55795384873636e-12,5.6843418860808e-14,3.98657911234784,0,9.2086338554509e-12
