1.64048685577609,1.33481884690673,1.12591860902467,1.04173893884706,1.29773679052698,1.18106898505107,1.15456429332255,1.47117860615981,1.23236887334906,1.1139086511148,1.518481822495,1.33001758492526,1.54245019572033,0.857174831043608,1.08996893671326,1.162613151306,1.56535385431596,1.0670858669057,1.10059233453751,1.1662612851552,0.867408362194283,1.06684886309358,1.4867841184232,1.50534513974628,1.51098267763427,1.08201073525424,1.21294621955508,1.12338654964083,1.15921429983734,0.868711243621419
1.64048685577609,1.33481884690673,1.12591860902467,1.04173893884706,1.29773679052698,1.18106898505107,1.15456429332255,1.47117860615981,1.23236887334906,1.1139086511148,1.518481822495,1.33001758492526,1.54245019572033,0.857174831043608,1.08996893671326,1.162613151306,1.56535385431596,1.0670858669057,1.10059233453751,1.1662612851552,0.867408362194283,1.06684886309358,1.4867841184232,1.50534513974628,1.51098267763427,1.08201073525424,1.21294621955508,1.12338654964083,1.15921429983734,0.868711243621419
1.64048685577609,1.33481884690673,1.12591860902467,1.04173893884706,1.29773679052698,1.18106898505107,1.15456429332255,1.47117860615981,1.23236887334906,1.1139086511148,1.518481822495,1.33001758492526,1.54245019572033,0.857174831043608,1.08996893671326,1.162613151306,1.56535385431596,1.0670858669057,1.10059233453751,1.1662612851552,0.867408362194283,1.06684886309358,1.4867841184232,1.50534513974628,1.51098267763427,1.08201073525424,1.21294621955508,1.12338654964083,1.15921429983734,0.868711243621419
1.64048685577609,1.33481884690673,1.12591860902467,1.04173893884706,1.29773679052698,1.18106898505107,1.15456429332255,1.47117860615981,1.23236887334906,1.1139086511148,1.518481822495,1.33001758492526,1.54245019572033,0.857174831043608,1.08996893671326,1.162613151306,1.56535385431596,1.0670858669057,1.10059233453751,1.1662612851552,0.867408362194283,1.06684886309358,1.4867841184232,1.50534513974628,1.51098267763427,1.08201073525424,1.21294621955508,1.12338654964083,1.15921429983734,0.868711243621419
0.699280263207697,1.03741348787548,1.12591860902467,1.04173893884706,0.626594488563001,1.00449415456274,0.708196187308317,1.10873530788615,1.16101702051981,1.1139086511148,0.967447167805858,1.33001758492526,0.807709185286512,0.857174831043608,1.08996893671326,1.162613151306,1.26040368570398,1.0670858669057,0.573795395616344,1.1662612851552,0.867408362194283,1.06684886309358,1.39200978204553,1.20903530979649,1.20230004969824,0.262638155768059,0.490094531664113,1.12338654964083,1.06965668483861,0.848529989506801
0.101956206690602,0.0827800064038229,0.239591000464429,0.22193682586942,0.0948954044768016,0.150656650804422,0.0851344923554507,0.0967633376234289,0.0900517275445054,0.0858513764817417,0.129440998997552,0.205594883117215,0.228661715134763,0.151607264558947,0.407263170062151,0.183696475190231,0.170153143952916,0.101167308695608,0.124472629424076,0.156976349702745,0.12745679297268,0.0845211254019205,0.155144161056114,0.10924154574252,0.189805301889464,0.0090457372509718,0.0634182084808117,0.192549207314187,0.140038876234485,0.173497573679469
0.0234996086078354,0.017129305171693,0.029216202716043,0.0521321223984614,0.00600847393832282,0.0301671201519866,0.00523611124503987,0.0159997966894707,0.0245136971543616,0.0127909314142016,0.0569099604795156,0.0270451297534464,0.0551207170731232,0.0161383231996979,0.0375540761808679,0.0346757799850366,0.034453133818829,0.00778852985274625,0.0157988356971828,0.0289006427907452,0.0120375845407352,0.0130736835743619,0.0236435021338366,0.016011900117519,0.0353470516546395,0.000494782804253191,0.0123309749060354,0.0389625351626819,0.0214668178394959,0.026747804632123
0.0143958942699101,0.00207271933925313,0.00452515385006791,0.0124938767881986,0.00160040914931869,0.00389596205945963,0.0010996730052284,0.00889419487066334,0.0031676920729069,0.00176053464804227,0.00619983538069846,0.00441961106673716,0.00716646757484796,0.00399451614578084,0.00496204512762688,0.00501662172803208,0.00265425748352754,0.00101273331972607,0.0033274770562457,0.00273167629859472,0.00467913573265832,0.00433205415436078,0.00471292665110923,0.00429676758358255,0.00452045409542734,5.54774088641352e-05,0.00201684182525241,0.00508284112913771,0.00171731526506846,0.00755887806178634
0.00962590066762914,0.000257637026152224,0.00035089573748337,0.00150485036260761,0.000367608689543886,0.000730037509356407,0.000309122005432982,0.00105719660598425,0.000551911958041273,0.00017504660911527,0.000991826121207851,0.000635881224980039,0.00080540882186142,0.000822104443159333,0.000489693989038642,0.00115026694345488,0.000804396247872319,0.000191620681448512,0.000648938660674503,0.000666494135657558,0.000478400105066612,0.000357667698381192,0.000538503407824464,0.000518294339713066,0.000586743130952527,3.00166362876553e-05,0.000376116992015341,0.000669369581032697,0.000203701697046199,0.00208266315814853
0.00748511826373033,4.07790350891446e-05,6.56249328585545e-05,0.000188763576602469,0.000136996078595075,0.000150794089222472,0.000209189210863769,0.000190374034787055,0.000163295546144582,0.000174497969510412,0.000365622194522075,0.000193013428088307,0.000161633918651205,0.000206979630092974,8.43629703695115e-05,9.6920827672875e-05,0.000154886887344219,4.94001253628085e-05,0.000186534105864666,0.00016671035575655,6.75097079465559e-05,8.26572393179958e-05,0.000138333163363313,0.000190648151942696,0.000406000847533505,3.00166362876553e-05,9.99841723796635e-05,0.000211002202604504,2.54721925330159e-05,0.000212495888831654
0.00712831429405014,1.80393558366632e-05,2.10178687893858e-05,3.13977704990975e-05,5.24475670999891e-05,2.35217057706905e-05,0.000103105594462249,1.92077139899993e-05,3.30052862409502e-05,4.72719777917519e-05,2.26828358336206e-05,2.57573419730761e-05,4.81883390648363e-05,4.4682412635666e-05,2.22438507080369e-05,2.23277415898337e-05,2.68273242909345e-05,1.65343328717427e-05,4.58927514728202e-05,2.24900527427963e-05,2.1385013269537e-05,2.24802068942154e-05,3.68126378589295e-05,3.18628231070761e-05,5.59918834142081e-05,2.44799900883663e-05,5.47883927310977e-05,2.56761568380171e-05,1.76162533307433e-05,3.38023049835101e-05
0.00704249633361087,5.7582101362641e-06,5.92903393226152e-06,4.74679177386861e-06,2.98159925478103e-05,1.72332438523881e-05,9.65948609064071e-05,1.18860986049185e-05,1.41074760904303e-05,1.10443219227818e-05,7.10419101324078e-06,1.07197545275994e-05,3.94979151678854e-05,1.4405065144274e-05,7.23765083421313e-06,2.5309270768048e-06,1.54612448568514e-05,1.23311484685473e-05,1.5503463373534e-05,1.02533642802882e-05,9.97490496956743e-06,1.34407564473804e-05,9.23969923860568e-06,1.53850847937065e-05,1.50735013448866e-05,2.38243278545269e-05,1.5774434928062e-05,1.81761098474453e-05,9.11759650534805e-06,9.71969404872652e-06
0.00666144981971684,5.81419044465292e-07,5.7430020206084e-07,4.81174993183231e-07,2.19224261854833e-06,9.45994202083966e-07,4.7407405645572e-05,6.170118922455e-07,7.87231556387269e-07,3.17228136736958e-06,5.60974285690463e-07,2.95308973363717e-06,2.06823306143633e-05,1.77185404481861e-06,6.70113422529539e-07,6.52787548460765e-07,6.23768301011296e-07,1.72943759935151e-06,5.85013242471177e-06,5.34374407834548e-07,7.16082467988599e-07,7.93918957242568e-07,1.66289498793049e-06,5.83701080358878e-07,2.03380443508649e-06,7.9377264228242e-06,9.23329480428947e-07,2.38629922932887e-06,1.79527637556021e-06,6.52531184641703e-07
0.00659275668112969,1.62174615070398e-07,1.32113427753211e-07,1.6118656276376e-07,1.66847144100757e-07,9.77129275270272e-08,4.15872236771975e-05,2.00837462216441e-07,2.0584775484167e-07,2.31792159866018e-06,1.93514324564603e-07,2.35664003866987e-06,1.79128695663167e-05,9.2049515387771e-07,1.61946672960767e-07,2.56021280620189e-07,1.80329834620352e-07,1.00296824712132e-06,4.63197409317218e-06,1.51296035255655e-07,1.21853872769861e-07,1.36469680001028e-07,8.20244849819574e-07,1.78204572875984e-07,1.06812160538539e-06,1.58369857672369e-07,1.18394154924317e-07,1.01371358596225e-06,1.13642443011486e-06,1.07254095382814e-07
