494.809155568395,2704.50382928907,1676.66567443408,324.60660154697,1566.67248147292,1615.52837166235,848.488603874245,1216.53624603554,566.295426299801,2197.36193467844,994.649864798343,849.495176621126,707.279163430435,992.976722463835,649.954089629122,859.78235782396,702.864427305315,462.609033617521,669.432236596295,456.974484840497,1255.68079742921,1430.79271447341,1060.83400157105,919.263029383062,1063.24322489563,1084.83727946758,891.02527352721,1583.43776678045,1040.49662289005,672.033883088732
494.809155568395,1327.92351016274,1676.66567443408,324.60660154697,874.69115938045,1180.12623760823,848.488603874245,1087.80521296545,566.295426299801,1461.58890776737,994.649864798343,849.495176621126,707.279163430435,880.618697339482,649.954089629122,859.78235782396,702.864427305315,462.609033617521,669.432236596295,456.974484840497,577.856748451148,852.024913831877,1060.83400157105,496.057657044292,742.668570821987,1084.83727946758,891.02527352721,1583.43776678045,494.844034359889,672.033883088732
494.809155568395,838.066449401405,1020.64212189649,324.60660154697,874.69115938045,594.809056936281,848.488603874245,821.91008809276,566.295426299801,750.991560001336,994.649864798343,423.137342559067,707.279163430435,880.618697339482,649.954089629122,769.410037926317,702.864427305315,462.609033617521,669.432236596295,456.974484840497,577.856748451148,583.737716295107,927.562506091643,496.057657044292,742.668570821987,1003.94144531468,529.032300320027,708.433622357734,494.844034359889,672.033883088732
494.809155568395,704.212177939304,744.779499471223,324.60660154697,586.133157272954,594.809056936281,377.3786262109,821.91008809276,566.295426299801,611.019283879587,592.874338754386,423.137342559067,707.279163430435,839.310690669795,537.426217252182,588.334788611729,488.484719734715,462.609033617521,669.432236596295,456.974484840497,568.655827047232,482.454484845013,77.9339020300577,496.057657044292,605.324657931534,430.53071569929,495.669101085959,559.57158560637,494.844034359889,364.908733320868
134.553160318554,314.862406657514,400.065900080542,324.60660154697,577.615519144363,594.809056936281,377.3786262109,305.414146773978,440.692086113215,611.019283879587,513.36490372846,423.137342559067,436.763852296127,823.203901577387,406.93543004309,588.334788611729,488.484719734715,266.87746547982,599.194335122382,456.974484840497,316.883862183997,187.034325333555,77.9339020300577,293.362814498693,343.05705730302,430.53071569929,495.669101085959,137.73800653492,494.844034359889,364.908733320868
134.553160318554,314.862406657514,277.309149787228,240.197615950658,342.161862227397,191.952512023988,356.37173410569,70.7662087385884,417.408607667283,318.755691422248,401.382023375583,76.138640693508,170.61769751821,385.465423054477,325.094201125986,236.311827554463,116.261118336432,266.87746547982,102.575513642968,325.901760806371,147.725561615158,187.034325333555,77.9339020300577,226.682429005822,123.754823701579,430.53071569929,495.669101085959,137.73800653492,419.225871934325,112.604938177704
87.2017425846261,67.4634497883549,51.5089530741179,97.7980361661712,74.2433670581559,50.8417627965641,57.488886733785,70.7662087385884,50.0227067141127,36.4555068459513,43.1230504875571,70.3586753760173,143.402171249634,99.1537978738593,62.4705241589481,53.271173142969,59.8633483102853,126.779502710134,54.5176624934952,48.0524153675296,55.3970461816125,85.1174295434394,77.9339020300577,68.5585869055021,87.6976624708141,189.672179793001,70.4159678322808,137.73800653492,56.7599174960128,112.604938177704
39.5405233783426,35.0499306932079,42.8213470221153,50.2991084503033,52.0575354595489,50.161178219741,51.3808906291074,45.1765029019384,43.7657645203008,36.4555068459513,43.1230504875571,47.8791011770222,56.2929630289232,48.3914583649976,34.2044772122249,46.2788923629923,57.4712124943035,54.3666305207512,44.4476560860526,48.0524153675296,43.5169035278163,42.9227265788909,49.6332234719348,46.7448478791534,47.2441205880655,43.3131444277401,45.704614007655,54.6247166997091,40.9860687305604,47.9420450121966
36.6672326101166,35.0499306932079,39.9382096802951,42.1795739886165,37.1613226284435,36.9734324913074,38.7536837060115,45.1765029019384,42.3511460923401,36.4555068459513,39.0659555184352,40.5942815318658,41.1720603625536,42.9675419149403,34.2044772122249,39.6531987189701,39.5177006933823,41.564248503013,40.7212844665546,39.6443510817412,40.1288748452985,37.0627846474135,43.9593623166461,44.9737721090487,40.5861127872295,36.4311699224622,37.9314910848534,48.1795921884864,40.9860687305604,39.6648515797938
34.1198031332856,33.901245241309,36.1263567465699,38.9434458227147,34.8946393949814,36.9734324913074,30.5905086149596,37.449608491183,39.0432378244482,34.2224615701066,37.8634447135119,29.2130819985196,35.2517381941802,30.028345823629,28.9627660997021,32.3419277554931,36.835593128571,39.3655861011111,36.4933757268532,31.5858613428554,39.02475638436,37.0627846474135,37.7139443311557,37.0894719939329,39.8805015260887,35.0194528292445,37.9314910848534,39.0152823534941,40.9860687305604,31.5201899845847
31.0110711716179,26.9722387399452,30.960365257622,27.2168199729349,31.8141637085473,33.8797029622774,26.9765609918259,33.1934347128531,34.6857628147013,32.5445691925579,33.3291324039028,25.7954683985845,34.372464846057,26.1556191155937,27.0138310227521,27.1598536930096,30.6874717542973,26.4140423439094,31.2266201468533,26.4426683733673,30.5955290173347,30.1243361156394,32.0172413375649,33.956883889261,37.3825109501208,32.8595426305819,35.282789678095,27.9700685415673,28.0018017519092,26.6886422812254
30.9699082308503,26.05100167201,28.1471283365822,26.8031886046451,31.8141637085473,29.9617380460804,26.2295942035094,33.1934347128531,26.6609173140027,29.6168746494259,32.8186562550181,25.7954683985845,30.4708989476935,26.1556191155937,25.7436355992813,26.2545117475552,30.1564531101094,25.3963082314908,30.6021246171954,26.4426683733673,30.2556080683989,30.1243361156394,30.1614877643437,31.5450852346066,30.0864417812886,29.0248768202327,32.2163654589731,26.0118409380943,26.2998634150899,25.968801076745
29.80131169277,24.7774641265946,28.1471283365822,25.6221918501487,31.0240865610394,29.9617380460804,24.8285453958015,30.8948006509672,5.94005701151173,29.6168746494259,30.891840592677,24.5777607601358,30.3555335243768,25.5446067718708,24.6727973294587,25.2411850201847,30.1564531101094,25.3828077968578,30.6021246171954,24.8195758620595,28.9881717852813,30.1243361156394,30.1614877643437,30.0791311503572,30.0864417812886,29.0248768202327,31.5698589268895,25.6892929774303,25.7121161110754,25.0324473848023
29.80131169277,24.7774641265946,28.1471283365822,2.30025771688997,30.2880409958252,29.031746839717,24.8285453958015,30.0730089126419,5.45633588558076,29.1879991101182,29.227267413507,23.3511097053661,30.3555335243768,24.8182418041388,24.5648262635159,25.1314088835247,29.1161515827607,24.78169814179,30.6021246171954,23.5079903251612,28.8169915177141,30.1243361156394,29.1836315633459,29.3857889717738,28.5712327579936,29.0248768202327,25.4488725938281,25.0091586585563,24.2945232380785,22.9261181954075
28.1728474334295,24.4935144889196,28.1471283365822,2.04726647234338,29.4867831107294,29.031746839717,24.6762577968702,30.0235906380276,3.94597229861756,26.4991560695462,28.6720089030964,23.1328219912461,29.675977848633,24.7610688108607,21.2151702519382,24.9284395541431,26.6705663319276,23.3871799678591,25.0625187738833,23.1580468390289,27.1351601244896,30.0276401104334,28.0590453801774,29.2888051666532,28.5712327579936,29.0248768202327,24.6485849275678,24.1698304433453,24.2945232380785,22.0269378440107
25.0038848126769,24.3128976642502,24.8350172632622,2.04721976042174,28.5418567392603,29.031746839717,24.6762577968702,29.7706099576903,3.90008116165063,26.4991560695462,28.6720089030964,23.0626312311711,27.9628374092404,22.8171810303697,21.0631995247168,24.5735228909825,26.6705663319276,23.3871799678591,20.7701889509458,22.788497935288,25.1361240149422,27.0395154721405,28.0590453801774,25.105136420585,26.8421590823373,28.6741222389237,24.2983323397639,23.0072403450135,24.2945232380785,20.2198388770998
