191.512933270885,189.665610562704,207.253707886539,192.700817329843,193.490302945318,194.315208367768,200.249855302916,196.518962370476,192.383773685743,192.934448397233,194.210198437519,187.661090735301,196.168572876406,186.149774834366,194.175034574389,186.963767350884,195.850077284561,200.533696428281,193.686493794149,187.516302967964,193.122049656358,187.5306941521,197.763727807459,193.578474532961,189.39173156566,194.257480332995,188.838086550113,188.677070967213,192.650173794418,189.787561230916
181.044591967856,181.236503326355,181.456052204553,181.283127382926,181.246848718054,181.262695529362,181.102188892819,181.157998812078,181.224268085019,181.209415145024,181.365092056178,181.160368908664,181.492201348294,180.942063627194,181.085630657529,180.999566396815,181.195832883805,181.308082965758,181.272258116852,181.018227198542,181.317238830633,181.077206523542,181.02672790554,181.230694328388,181.276120376102,181.294473525251,181.030366727321,181.091275499725,181.072156443973,181.162724617127
180.791181387626,180.805737705661,180.827674086762,180.810918451055,180.807575340137,180.80221416228,180.803539638181,180.796760676065,180.80732421441,180.808559077919,180.818984329626,180.797771567607,180.820453120769,180.788878639068,180.795677970317,180.791997749947,180.810533073035,180.812688910249,180.814038326661,180.794734405578,180.816689020593,180.790872194996,180.79880990413,180.806901862872,180.809008804906,180.813246675218,180.799109794096,180.79013807027,180.795828506405,180.802466081912
180.781290562301,180.781378912664,180.781440655175,180.781427714134,180.781370734469,180.781373081412,180.781330742256,180.781318214018,180.781370727482,180.781373579726,180.781404948553,180.781301144589,180.781422079016,180.781285116305,180.781310427941,180.781292961465,180.78137283375,180.781402340317,180.781393527243,180.781304319423,180.781394548724,180.781293208865,180.781300411525,180.781366858285,180.781387842155,180.781420548707,180.781301380221,180.781298763386,180.781312041489,180.781338634872
180.781271677748,180.781271677889,180.781271677955,180.781271677853,180.781271677844,180.781271677863,180.78127167778,180.781271677776,180.781271677869,180.781271677838,180.781271677876,180.781271677756,180.781271677889,180.781271677749,180.781271677759,180.781271677751,180.781271677771,180.781271677894,180.781271677886,180.781271677753,180.781271677917,180.781271677758,180.781271677753,180.781271677875,180.781271677888,180.781271677861,180.781271677776,180.78127167775,180.78127167776,180.781271677784
180.781271677747,180.781271677747,180.781271677747,180.781271677747,180.781271677747,180.781271677747,180.781271677747,180.781271677747,180.781271677747,180.781271677747,180.781271677747,180.781271677747,180.781271677747,180.781271677747,180.781271677747,180.781271677747,180.781271677747,180.781271677747,180.781271677747,180.781271677747,180.781271677747,180.781271677747,180.781271677747,180.781271677747,180.781271677747,180.781271677747,180.781271677747,180.781271677747,180.781271677747,180.781271677747
180.781271677747,180.781271677747,180.781271677747,180.781271677747,180.781271677747,180.781271677747,180.781271677747,180.781271677747,180.781271677747,180.781271677747,180.781271677747,180.781271677747,180.781271677747,180.781271677747,180.781271677747,180.781271677747,180.781271677747,180.781271677747,180.781271677747,180.781271677747,180.781271677747,180.781271677747,180.781271677747,180.781271677747,180.781271677747,180.781271677747,180.781271677747,180.781271677747,180.781271677747,180.781271677747
180.781271677747,180.781271677747,180.781271677747,180.781271677747,180.781271677747,180.781271677747,180.781271677747,180.781271677747,180.781271677747,180.781271677747,180.781271677747,180.781271677747,180.781271677747,180.781271677747,180.781271677747,180.781271677747,180.781271677747,180.781271677747,180.781271677747,180.781271677747,180.781271677747,180.781271677747,180.781271677747,180.781271677747,180.781271677747,180.781271677747,180.781271677747,180.781271677747,180.781271677747,180.781271677747
180.781271677747,180.781271677747,180.781271677747,180.781271677747,180.781271677747,180.781271677747,180.781271677747,180.781271677747,180.781271677747,180.781271677747,180.781271677747,180.781271677747,180.781271677747,180.781271677747,180.781271677747,180.781271677747,180.781271677747,180.781271677747,180.781271677747,180.781271677747,180.781271677747,180.781271677747,180.781271677747,180.781271677747,180.781271677747,180.781271677747,180.781271677747,180.781271677747,180.781271677747,180.781271677747
180.781271677747,180.781271677747,180.781271677747,180.781271677747,180.781271677747,180.781271677747,180.781271677747,180.781271677747,180.781271677747,180.781271677747,180.781271677747,180.781271677747,180.781271677747,180.781271677747,180.781271677747,180.781271677747,180.781271677747,180.781271677747,180.781271677747,180.781271677747,180.781271677747,180.781271677747,180.781271677747,180.781271677747,180.781271677747,180.781271677747,180.781271677747,180.781271677747,180.781271677747,180.781271677747
180.781271677747,180.781271677747,180.781271677747,180.781271677747,180.781271677747,180.781271677747,180.781271677747,180.781271677747,180.781271677747,180.781271677747,180.781271677747,180.781271677747,180.781271677747,180.781271677747,180.781271677747,180.781271677747,180.781271677747,180.781271677747,180.781271677747,180.781271677747,180.781271677747,180.781271677747,180.781271677747,180.781271677747,180.781271677747,180.781271677747,180.781271677747,180.781271677747,180.781271677747,180.781271677747
180.781271677747,180.781271677747,180.781271677747,180.781271677747,180.781271677747,180.781271677747,180.781271677747,180.781271677747,180.781271677747,180.781271677747,180.781271677747,180.781271677747,180.781271677747,180.781271677747,180.781271677747,180.781271677747,180.781271677747,180.781271677747,180.781271677747,180.781271677747,180.781271677747,180.781271677747,180.781271677747,180.781271677747,180.781271677747,180.781271677747,180.781271677747,180.781271677747,180.781271677747,180.781271677747
180.781271677747,180.781271677747,180.781271677747,180.781271677747,180.781271677747,180.781271677747,180.781271677747,180.781271677747,180.781271677747,180.781271677747,180.781271677747,180.781271677747,180.781271677747,180.781271677747,180.781271677747,180.781271677747,180.781271677747,180.781271677747,180.781271677747,180.781271677747,180.781271677747,180.781271677747,180.781271677747,180.781271677747,180.781271677747,180.781271677747,180.781271677747,180.781271677747,180.781271677747,180.781271677747
180.781271677747,180.781271677747,180.781271677747,180.781271677747,180.781271677747,180.781271677747,180.781271677747,180.781271677747,180.781271677747,180.781271677747,180.781271677747,180.781271677747,180.781271677747,180.781271677747,180.781271677747,180.781271677747,180.781271677747,180.781271677747,180.781271677747,180.781271677747,180.781271677747,180.781271677747,180.781271677747,180.781271677747,180.781271677747,180.781271677747,180.781271677747,180.781271677747,180.781271677747,180.781271677747
