101.568216423816,3246.53028256297,461.840618852832,1040.94710785908,3478.16261194496,1149.84701155475,3720.17317244415,454.451638113736,908.150044287665,531.790041921532,308.854251300671,1660.08073464972,1131.05445443711,214.462446746705,432.567557397445,3771.31281848956,1182.09789918433,909.043032154876,664.398629086777,300.02622115645,2753.82212897984,3379.43891301131,117.522819190653,2643.82358417017,1425.49895337585,102.01636161224,332.906163994781,2756.83865045827,1268.25743958693,4903.63131718347
101.41931588619,495.109419002318,461.840618852832,1040.94710785908,2125.84445417386,503.88415311591,425.654297961768,454.451638113736,460.582934649266,531.790041921532,308.854251300671,102.054866552276,1131.05445443711,214.462443936528,334.966929620246,431.206908520659,1182.09789918433,909.043032154876,539.189768212805,300.02622115645,259.878156762163,3379.43891301131,101.738388417676,2567.2640902517,566.607388094522,101.602763149675,218.878347670477,2756.83865045827,101.938906995625,3540.5681687994
101.41931588619,399.308922841257,461.840618852832,602.733388880495,455.525585189679,503.88415311591,425.654297961768,454.451638113736,460.582934649266,531.790041921532,308.854251300671,101.689864535556,530.319767607562,214.462443936528,334.966929620246,431.206908520659,1182.09789918433,571.536937353131,426.783676418531,300.02622115645,259.878156762163,3379.43891301131,101.629941892878,2564.7497417837,101.585574182339,101.602763149675,218.878347670477,2756.83865045827,101.660911794836,2830.26490366296
101.173753584413,399.308922841257,461.840618852832,578.78581573278,299.087377029614,503.88415311591,101.577699432573,454.451638113736,460.582934649266,268.626380508445,170.405490201237,101.157161463078,368.334575602013,214.462443936528,101.625823572648,101.751164489313,264.285608932247,464.742047021332,101.458130690782,300.02622115645,259.878156762163,3379.43891301131,101.099568767592,2564.4101417437,101.218961230121,101.14909001757,218.878347670477,2756.83865045827,101.628126300569,1977.91395468263
101.173753584413,322.739681798766,311.378426860661,265.089358323581,299.087377029614,182.237581684543,101.411128071695,101.276533389617,101.568367557742,248.483523958167,101.217196619218,100.881961166296,101.418389782963,214.462443936528,101.203350205761,101.193973739095,237.851977435435,443.55931951012,101.458130690782,300.02622115645,259.878156762163,3379.43891301131,101.099568767592,2564.3898299008,101.01168358138,101.147653745383,218.878347670476,2756.83865045827,100.867664834052,1796.27689487615
101.115685206905,212.770596194374,245.304637419037,101.129882757654,101.336456652376,182.237581684543,101.19175296023,100.956003080123,101.003721187144,100.978255498203,101.142760247443,100.881961166296,100.915737991015,214.462443936528,101.016792179168,101.06284070584,217.639108995192,101.144245572841,101.172053737037,251.378136504862,253.198042264683,3379.43891301131,101.060938018157,2564.38982217866,101.01168358138,101.147653745383,218.878347670476,2756.83865045827,100.867664834052,1790.59608711656
101.007857380824,212.770596194374,101.649453775402,101.129882757654,101.099824143131,182.237581684543,101.19175296023,100.956003080123,101.003721187144,100.978255498203,101.142760247443,100.881961166296,100.915737991015,214.462443936528,101.016792179168,101.06284070584,217.639108995191,101.039808481603,101.103493780419,251.378136504862,232.283190688077,3379.43891301131,101.060938018157,2564.38981316863,101.01168358138,101.05316780697,218.878347670476,2756.83865045827,100.867664834052,1790.10033319764
101.007857380824,212.770596194374,101.215791253817,101.129882757654,101.099824143131,182.237581684543,101.014011807996,100.956003080123,101.003721187144,100.978255498203,101.142760247443,100.881961166296,100.784224825781,214.462443936528,100.983313682858,101.06284070584,217.639108995191,101.039808481603,101.103493780419,101.301859721172,100.989713868962,3379.43891301131,100.918843139026,2564.38981316863,101.01168358138,100.853860155153,218.878347670476,2756.83865045827,100.867664834052,1790.03874121491
100.866865702183,212.770596194374,101.215791253817,101.129882757654,100.881701415611,182.237581684543,101.014011807996,100.956003080123,101.003721187144,100.745127957448,101.087621391417,100.809886594058,100.784224825781,214.462443936528,100.983313682858,100.946284415018,217.639108995191,101.000813282337,100.875750983289,101.21802840292,100.971731345892,3379.43891301131,100.918843139026,2564.38981316863,101.01168358138,100.853860155153,218.878347670476,2756.83865045827,100.867664834052,1790.0267448807
100.866865702183,212.770596194374,100.893523702967,101.090706532598,100.881701415611,182.237581684543,101.014011807996,100.90469232236,101.003721187144,100.745127957448,100.904652147198,100.809886594058,100.784224825781,214.462443936528,100.983313682858,100.946284415018,217.639108995191,101.000813282337,100.875750983289,101.21802840292,100.971731345892,3379.43891301131,100.918843139026,2564.38981316863,101.01168358138,100.853860155153,218.878347670476,2756.83865045827,100.867664834052,1790.02151629962
100.866865702183,212.770596194374,100.893523702967,101.084883797831,100.881701415611,182.237581684543,101.014011807996,100.90469232236,101.003721187144,100.745127957448,100.904652147198,100.809886594058,100.784224825781,214.462443936528,100.983313682858,100.946284415018,217.639108995191,100.665405204887,100.875750983289,101.055764025126,100.913197374346,3379.43891301131,100.918843139026,2564.38981316863,100.895372779958,100.853860155153,218.878347670476,2756.83865045827,100.867664834052,1790.02060752472
100.866865702183,212.770596194374,100.893523702967,101.084883797831,100.881701415611,182.237581684543,101.014011807996,100.90469232236,101.003721187144,100.745127957448,100.904652147198,100.809886594058,100.784224825781,214.462443936528,100.983313682858,100.946284415018,217.639108995191,100.665405204887,100.875750983289,101.055764025126,100.913197374346,3379.43891301131,100.825413215344,2564.38981316863,100.895372779958,100.853860155153,218.878347670476,2756.83865045827,100.867664834052,1790.02037617663
100.847578304485,212.770596194374,100.893523702967,101.084883797831,100.881701415611,182.237581684543,101.010575880272,100.764994549877,101.003721187144,100.64382002516,100.904652147198,100.809886594058,100.784224825781,214.462443936528,100.983313682858,100.946284415018,217.639108995191,100.665405204887,100.875750983289,100.658939668092,100.913197374346,3379.43891301131,100.825413215344,2564.38981316863,100.895372779958,100.853860155153,218.878347670476,2756.83865045827,100.867664834052,1790.02036130745
100.847578304485,212.770596194374,100.893523702967,101.084883797831,100.881701415611,182.237581684543,100.990084369278,100.764994549877,101.003721187144,100.64382002516,100.904652147198,100.809886594058,100.784224825781,214.462443936528,100.983313682858,100.946284415018,217.639108995191,100.665405204887,100.875750983289,100.658939668092,100.913197374346,3379.43891301131,100.825413215344,2564.38981316863,100.895372779958,100.853860155153,218.878347670476,2756.83865045827,100.847815602066,1790.02035869553
