824.780570775761,824.718067325357,950.273507237056,956.374046486703,997.4451188001,681.894146153709,791.874265202752,748.793748401914,886.538854160686,765.877621124047,927.433209728967,882.692773464838,1004.79316848899,839.721987592484,777.490677791903,958.220518993559,989.031514442256,766.870566193622,398.530518156526,832.353643745909,877.907340287383,950.140958287118,798.501533378253,888.166789305908,867.727246899273,981.823522429908,711.480361263575,1064.29355283806,956.547278282234,815.095235928256
824.780570775761,824.718067325357,950.273507237056,956.374046486703,953.170623219798,681.894146153709,791.874265202752,744.595649524901,873.215732505066,765.877621124047,728.089302539529,857.370479878906,750.122744280896,806.41785636126,777.490677791903,844.27725996254,864.488497056817,766.870566193622,393.417416315632,832.353643745909,877.907340287383,771.347264090685,798.501533378253,888.166789305908,867.727246899273,961.832681570933,711.480361263575,752.691441749286,790.378151112423,815.095235928256
824.780570775761,763.550375674048,950.273507237056,931.192062273285,953.170623219798,681.894146153709,791.874265202752,744.595649524901,873.215732505066,765.877621124047,728.089302539529,624.110324726652,750.122744280896,806.41785636126,777.490677791903,844.27725996254,743.122788409187,766.870566193622,385.261884013138,832.353643745909,877.907340287383,771.347264090685,798.501533378253,888.166789305908,867.727246899273,874.854442267543,711.480361263575,752.691441749286,790.378151112423,815.095235928256
824.351419447607,763.550375674048,882.213040748205,724.30541594178,877.907758316699,681.894146153709,791.874265202752,744.595649524901,873.215732505066,765.877621124047,728.089302539529,624.110324726652,676.522207551643,806.41785636126,777.490677791903,759.285281774653,743.122788409187,766.870566193622,385.261884013138,832.353643745909,741.307197162076,771.347264090685,778.779438742485,888.166789305908,833.416401757664,735.240804769443,711.480361263575,752.691441749286,790.378151112423,815.095235928256
739.809604332771,757.27065651739,882.213040748205,641.014003318869,795.381900745659,549.107289381245,791.874265202752,744.595649524901,736.898383539131,733.988027531619,728.089302539529,583.49286417717,676.522207551643,806.41785636126,777.490677791903,759.285281774653,743.122788409187,702.765784043551,384.276688756156,832.353643745909,673.275045852388,658.370233915264,778.779438742485,753.55855183411,754.892254244141,670.191866424427,711.480361263575,752.691441749286,749.479706628955,753.959452946339
739.809604332771,645.538839886651,764.654302657808,641.014003318869,795.381900745659,549.107289381245,622.734066816287,744.595649524901,677.298054989812,733.988027531619,672.589076888683,583.49286417717,676.522207551643,612.293887746471,743.919000442665,723.51659217411,732.954735851423,646.510364136872,384.276688756156,755.798157438022,673.275045852388,658.370233915264,667.786939414668,753.55855183411,679.136954524392,670.191866424427,711.480361263575,719.062228750316,749.479706628955,753.959452946339
723.206864226254,645.538839886651,764.654302657808,641.014003318869,655.113023731876,549.107289381245,622.734066816287,728.681179332761,677.298054989812,733.988027531619,672.589076888683,583.49286417717,676.522207551643,612.293887746471,743.919000442665,723.51659217411,732.954735851423,646.510364136872,384.276688756156,737.528809399352,673.275045852388,658.370233915264,667.786939414668,741.332886780189,679.136954524392,670.191866424427,649.74811413341,719.062228750316,641.588257487245,635.309789627865
723.206864226254,645.538839886651,728.07383235026,641.014003318869,655.113023731876,549.107289381245,622.734066816287,728.681179332761,677.298054989812,728.624199519639,672.589076888683,583.49286417717,572.120302704994,612.293887746471,743.919000442665,723.51659217411,732.954735851423,646.510364136872,384.276688756156,653.845457514281,673.275045852388,658.370233915264,624.505371272417,741.332886780189,607.911985131895,670.191866424427,649.74811413341,648.871919773085,641.588257487245,635.309789627865
723.206864226254,645.538839886651,697.829639880696,641.014003318869,655.113023731876,549.107289381245,622.734066816287,728.681179332761,677.298054989812,728.624199519639,672.589076888683,583.49286417717,572.120302704994,612.293887746471,670.785577062757,627.442039791822,732.954735851423,646.510364136872,384.276688756156,653.845457514281,673.275045852388,658.370233915264,624.505371272417,741.332886780189,607.911985131895,670.191866424427,649.74811413341,648.871919773085,641.588257487245,635.309789627865
665.181094474732,645.538839886651,667.87220669498,605.812233444582,655.113023731876,549.107289381245,622.734066816287,728.681179332761,677.298054989812,700.21579213685,672.589076888683,583.49286417717,572.120302704994,612.293887746471,670.785577062757,627.442039791822,732.954735851423,646.510364136872,384.276688756156,653.845457514281,673.275045852388,658.370233915264,624.505371272417,741.332886780189,607.911985131895,670.191866424427,649.74811413341,648.871919773085,641.588257487245,635.309789627865
665.181094474732,645.538839886651,667.87220669498,605.812233444582,655.113023731876,549.107289381245,622.734066816287,686.4897671957,677.298054989812,679.849833527913,672.589076888683,583.49286417717,572.120302704994,612.293887746471,670.785577062757,627.442039791822,672.684260802985,623.402020041744,384.276688756156,653.845457514281,673.275045852388,649.546177414454,624.505371272417,717.785191540715,607.911985131895,615.290715056492,649.74811413341,648.871919773085,641.588257487245,635.309789627865
665.181094474732,645.538839886651,667.87220669498,605.812233444582,655.113023731876,549.107289381245,622.734066816287,686.4897671957,677.298054989812,679.849833527913,672.589076888683,583.49286417717,572.120302704994,612.293887746471,670.785577062757,627.442039791822,672.684260802985,623.402020041744,384.276688756156,653.845457514281,673.275045852388,644.122421096379,624.505371272417,717.785191540715,607.911985131895,615.290715056492,649.74811413341,648.871919773085,641.588257487245,635.309789627865
646.725642361313,645.538839886651,667.87220669498,605.812233444582,655.113023731876,549.107289381245,587.111653571264,686.4897671957,677.298054989812,679.849833527913,672.589076888683,583.49286417717,572.120302704994,612.293887746471,656.357956767213,627.442039791822,672.684260802985,623.402020041744,384.276688756156,653.845457514281,673.275045852388,644.122421096379,624.505371272417,717.785191540715,607.911985131895,615.290715056492,649.74811413341,648.871919773085,641.588257487245,635.309789627865
646.725642361313,616.690387092739,632.811252919465,605.812233444582,655.113023731876,549.107289381245,587.111653571264,686.4897671957,677.298054989812,679.849833527913,672.589076888683,583.49286417717,495.413546886305,612.293887746471,656.357956767213,627.442039791822,672.684260802985,545.110865696619,384.276688756156,653.845457514281,673.275045852388,644.122421096379,624.505371272417,717.785191540715,607.911985131895,615.290715056492,636.314163033234,636.932509683071,641.588257487245,635.309789627865
