21956.4479637196,49709.1671494442,20640.5653766331,37059.1504813084,34570.479880949,30576.0887510508,40063.6699785422,60303.0650518836,11625.3844883682,30849.7840088281,24590.365732687,54861.0407275175,16326.2615645198,25453.8974167574,6388.11903189631,34496.3343187693,17968.2453433451,12025.2667986699,20622.2141182905,66414.9731403485,48874.3382794979,22556.9980228381,22522.76431532,22806.4746091996,39600.6780989249,50667.0067948946,25290.4370990555,10616.4456808966,18604.7441349985,22038.529019869
12279.6447582384,42709.4031586964,15057.4216796946,35989.5066501684,28007.7761685571,27345.3977283382,23902.0353493074,56160.621003207,6880.40232219427,15409.9368750823,22614.0006595069,31966.6604519316,13297.0463940332,23364.3388131994,4135.60909152622,34496.3343187693,12378.1964499708,11004.2637002515,17253.3436249272,52868.5160615591,48492.3811407314,16782.8263421405,18381.3960207998,22806.4746091996,27752.7370967448,44514.1882961958,16482.7343244267,8558.30858469612,14642.1284102374,19529.7985927444
5081.45215135137,23496.0617376362,4565.99839671528,13594.1588785534,7223.90442560017,14734.6093908593,10713.0333080947,15822.4470598629,3175.87495482626,6243.68765141166,6971.83384027731,7932.49422800959,5871.62012276569,7887.02187133156,1904.18040374794,17460.909568118,4471.75975375001,5796.83183109127,8083.11796952409,13075.7723988257,18213.8621953946,5917.85304406202,6034.40912718686,12918.470422088,10140.3094695404,26267.0747740717,6278.7554376612,2864.60927337431,4188.57781690922,5655.54496230418
876.317823707219,3333.03249448204,2301.85869864254,5924.63603217501,1378.17185945746,5179.7288480308,2995.6157135649,9638.64121587448,1101.52639303753,1613.87919120051,3074.565956485,1618.02838202406,1141.77151710103,1704.17854015639,464.640318552746,6365.2292532619,1520.3601252614,1336.00424173119,2466.00033815443,4681.63110925267,5472.30953108455,2600.80590590147,2396.72904106413,6296.04854163111,3488.03707938053,5547.91869367537,964.242970576224,616.220064170621,1726.08031060117,1668.80631715108
174.617045798848,668.784634783453,231.473230058353,657.147475713472,410.085925086563,343.280903350474,329.894988567803,836.583288235601,203.296210803908,283.120356266086,218.426602054006,209.075775072267,308.493965217797,493.375885281317,114.247325283606,736.097070616505,158.1693530873,374.726936282941,279.797123063017,597.747659236675,528.19995171175,322.461608197589,243.079576658132,452.461349514199,447.030746660818,580.122963167271,210.097706930304,190.924871987902,159.148990165954,273.453433753016
74.3671913920356,128.410700281253,95.9655460019595,107.237756526255,94.4257492324796,77.2812494704256,91.5367127857053,89.4768415303719,85.4639496482581,153.812943950484,76.5238138717568,63.8501922392899,174.481492525331,194.705242037589,76.3794015199966,81.9631887995988,59.0844947608394,92.3970806474031,95.3200351967399,207.854143377707,100.231746964274,197.514238226727,74.8556673936871,102.353061295455,83.3911057339731,136.058396004875,74.079581111694,91.9933703119029,69.8564005650098,75.3053905434604
59.639683765785,72.1879732264105,73.388660584898,71.9877822163687,68.7693208300993,51.9084082098485,58.553141645231,72.754272887548,45.0865605632382,126.366059507326,60.8991191382854,49.9758211620008,140.018389063272,77.2237476270444,67.1081722717053,52.9542300640919,49.8707217386836,56.0560430420092,76.2244087444772,121.114012423056,50.8216812812544,66.3480595562276,56.1035089400022,51.619240699837,50.7255575487622,53.7876062664923,66.3076002144275,56.9201061717121,52.9217873953368,71.9255330649808
49.2310675492869,71.7676873671682,72.039566743471,70.6012109495882,49.8742981224169,49.1986151567465,49.2163574967584,70.8293871969574,26.6259232356325,49.7216586709039,49.237354655195,49.1509223196388,53.2437098187257,49.3360843409613,50.2667084307903,49.2097748526896,49.1732686022369,49.1777400655463,76.0931772468299,72.8973566874403,49.175694768557,33.4137829481177,49.2399781070332,49.3163166811794,49.218030054453,49.3436807610659,49.6745993147118,49.2751386579901,49.2084262759888,70.2614789109004
49.0848802448886,63.6263278837209,49.2443908199785,67.0145841657766,49.0863113143246,49.0846385382902,49.1050077770707,65.1373084410308,6.39699564880846,49.0850040987161,49.0850134558467,49.0845500904309,45.0230362500072,49.0873516823409,49.0852336199968,49.0845771998027,49.0849712128813,49.0849213404492,73.9753275351992,36.9808250796247,49.0847597956263,28.9481431249345,49.0848107415259,49.0892708938352,49.0846246128212,49.0847014327978,49.0857233394079,49.0846733959592,49.0849850597714,57.9302960785616
49.0844791743559,49.0844825332956,49.0844806307039,1.81305864543901e-06,49.0844792782526,49.084479180199,49.0844790915337,9.16770659387112e-10,1.25234631208804,49.0844791015402,49.0844790524021,49.0844790660375,44.8954699150847,49.0844791942787,49.0844791922262,49.0844792073538,49.0844790671517,49.0844790979738,69.6938427972894,4.03026022953469,49.0844790630232,28.9356064237163,49.0844790543331,49.0844803247993,49.0844792440779,49.084479417428,49.0844793137026,49.0844793275137,49.0844790265419,0.00478159771193987
49.0844790490336,49.0844791095313,49.0844791667748,0,49.0844791411998,49.0844790687254,49.084478991172,0,0,49.0844790892365,49.0844790022304,49.0844790260716,44.8954694570273,49.084479050387,49.0844790203507,49.08447900961,49.0844789914987,49.0844790314047,2.19570318904516e-06,4.0302601581414,49.0844790630232,28.9356064237163,49.0844790543331,49.08447912038,49.0844790604939,49.0844790577841,49.0844790916831,49.0844790475434,49.0844790079466,0
49.0844790148069,49.0844790218144,49.0844790180118,0,49.0844790237954,49.0844789903858,49.084478991172,0,0,49.0844790053796,49.0844790022304,49.0844790260716,44.8954693721777,49.0844790474982,49.0844790132321,49.08447900961,49.0844789914987,49.0844790245948,0,4.03026015813799,49.08447903491,28.9356062849865,49.0844790099279,49.0844790871985,49.084479034809,49.0844790403644,49.0844789953182,49.0844790475434,49.0844790079466,0
49.0844790148069,49.084478999579,49.0844790180118,0,49.0844790237954,49.0844789903858,49.0844789879715,0,0,49.0844790053796,49.0844790022304,49.0844790260716,44.8954693721777,49.0844790075499,49.0844790132321,49.0844789968244,49.0844789914987,49.0844789992154,0,4.03026015813799,49.0844790345247,28.9356062849865,49.0844790099279,49.0844790029047,49.0844790193644,49.084479022975,49.0844789953182,49.0844790227536,49.0844790079466,0
49.0844790148069,49.0844789925245,49.084479000497,0,49.0844790055096,49.0844789834931,49.0844789879715,0,0,49.0844789922658,49.0844790022304,49.0844790260716,44.8954693307305,49.0844790075499,49.0844790132321,49.0844789968244,49.0844789914987,49.0844789992154,0,4.03026015813765,49.0844790345247,28.9356062849865,49.0844790099279,49.0844790029047,49.0844790193644,49.084479022975,49.0844789953182,49.0844790227536,49.0844789921964,0
49.0844790091984,49.0844789925245,49.0844789918439,0,49.08447899275,49.0844789834931,49.0844789879715,0,0,49.0844789826584,49.0844790022304,49.0844789975758,44.8954693248264,49.0844790075499,49.084478990694,49.0844789968244,49.0844789914987,49.0844789992154,0,4.03026015813765,49.0844790054677,28.9356062849865,49.0844789836769,49.0844789914179,49.0844790193644,49.0844790084111,49.0844789953182,49.0844789913307,49.0844789921964,0
49.0844790011349,49.0844789925245,49.0844789918439,0,49.08447899275,49.0844789834931,49.0844789879715,0,0,49.0844789826584,49.0844789991451,49.0844789799458,44.8954693248264,49.0844789913033,49.084478990694,49.0844789968244,49.0844789914987,49.0844789928501,0,4.03026015813742,49.0844790015016,28.9356062849865,49.0844789836769,49.0844789796743,49.0844789935853,49.0844790084111,49.0844789953182,49.0844789913307,49.08447898978,0
