125.269269096985,147.6441990334,127.24831079517,289.522901588253,125.300590162824,142.08028274902,125.293118879781,138.458691403292,136.385338531206,120.382286102757,112.459155276139,107.455026621784,115.420617529992,132.655620646924,150.105355858867,290.523030958957,135.748114804223,123.492345242372,117.955268791601,227.841727658138,127.491938372666,137.727341497296,119.400699275096,123.588193149651,142.401441282311,144.901353877236,129.049186317782,126.717163536346,133.343839410527,322.361965813715
125.269269096985,122.679603465019,127.24831079517,289.522901588253,125.300590162824,97.439946916862,125.293118879781,132.704261084786,130.092370894212,120.382286102757,112.459155276139,107.455026621784,115.420617529992,10.2848739526588,131.674033625027,290.523030958957,135.748114804223,123.492345242372,117.955268791601,227.841727658138,127.491938372666,124.373548320679,119.400699275096,123.588193149651,132.857208679081,142.154682706058,129.049186317782,112.103453820002,124.178921604916,322.361965813715
125.269269096985,122.679603465019,9.5244520944583,289.522901588253,125.300590162824,97.439946916862,114.920192063729,115.025661340307,130.092370894212,120.382286102757,112.459155276139,107.455026621784,115.420617529992,9.94958553311392,131.674033625027,290.523030958957,126.339574839338,123.492345242372,117.955268791601,227.841727658138,127.491938372666,124.373548320679,117.916290342976,123.588193149651,125.692743455519,124.063992301164,112.362796951173,112.103453820002,121.738040152747,322.361965813715
120.713193268875,119.92462120306,8.95463151383967,289.522901588253,125.300590162824,97.439946916862,114.920192063729,115.025661340307,120.182721943683,120.382286102757,109.30345470021,107.455026621784,115.420617529992,9.94958553311392,130.054669651789,290.523030958957,126.339574839338,122.906502008416,117.944054613201,227.841727658138,127.491938372666,117.677486850218,117.916290342976,123.588193149651,116.623480481473,118.272746372997,112.362796951173,112.103453820002,121.738040152747,322.361965813715
114.300954122364,107.503149866715,8.95463151383967,289.522901588253,116.570716105739,97.439946916862,107.799868834638,88.2784409291926,78.2729341048718,120.382286102757,109.30345470021,107.455026621784,115.420617529992,9.94958553311392,105.286390667972,290.523030958957,116.526065244263,117.136916970875,117.944054613201,227.841727658138,104.71223597124,114.454063571538,117.916290342976,114.692412714261,84.5504541427032,107.452859302826,112.362796951173,112.103453820002,119.470686137253,322.361965813715
114.300954122364,105.385958430345,8.95463151383967,289.522901588253,116.570716105739,97.439946916862,100.941852875364,88.2784409291926,78.2729341048718,111.015849323531,109.30345470021,107.455026621784,96.7916723962535,9.9495855331138,105.286390667972,290.523030958957,116.526065244263,4.97479528546648,11.9395036473004,227.841727658138,7.95967245674638,87.9879926806508,113.165953313415,7.95967245674638,84.5504541427032,107.452859302826,112.362796951173,12.9344677422129,112.917263304418,322.361965813715
105.261271740216,7.95967245674638,8.95463151383967,289.522901588253,116.570716105739,97.439946916862,8.95463151383967,8.95463452740569,9.94959057093297,86.5273103406732,96.8734889458258,107.455026621784,96.7916723962535,9.9495855331138,105.286390667972,290.523030958957,9.94958553311392,4.97479528546648,11.9395036473004,227.841727658138,7.95967245674638,87.9879926806508,111.463984632401,7.95967245674638,84.5504541427032,107.452859302826,112.362796951173,12.9344677422129,112.177761085879,322.361965813715
105.261271740216,7.95967245674638,8.95463151383967,289.522901588253,103.009550181978,97.439946916862,8.95463151383967,8.95463151383967,9.94959057093297,86.5273103406732,96.8734889458258,107.455026621784,96.7916723962535,9.9495855331138,105.286390667972,290.523030958957,9.94958553311392,4.97479528546648,11.9395036473004,227.841727658138,7.95967245674638,87.9879926806508,97.0071886512579,7.95967245674638,84.5504541427032,107.452859302826,110.10428227792,12.9344677422129,9.94959057093297,322.361965813715
105.261271740216,7.95967245674638,8.95463151383967,289.522901588253,103.009550181978,97.439946916862,8.95463151383967,8.95463151383967,9.94959057093297,69.6723632418485,96.8734889458258,107.455026621784,96.7916723962535,9.9495855331138,105.286390667972,290.523030958957,9.9495855331138,4.97479528546648,11.9395036473004,227.841727658138,7.95967245674638,87.9879926806508,94.8942786434405,7.95967245674638,84.5504541427032,105.525915822432,96.9463638338397,12.9344677422129,9.94959057093297,322.361965813715
105.261271740216,7.95967245674638,8.95463151383967,289.522901588253,103.009550181978,11.9395086851196,8.95463151383967,8.95463151383967,9.94959057093297,69.6723632418485,96.8734889458258,107.455026621784,96.7916723962535,9.9495855331138,99.6468118308545,290.523030958957,9.9495855331138,4.97479528546648,11.9395036473004,227.841727658138,7.95967245674638,87.9879926806508,91.0323285774746,7.95967245674638,84.5504541427032,105.525915822432,96.9463638338397,12.9344677422129,9.94959057093297,322.361965813715
105.261271740216,7.95967245674638,8.95463151383967,289.522901588253,103.009550181978,11.9395086851196,8.95463151383967,8.95463151383967,9.94959057093297,69.6723632418485,8.95463151383967,107.455026621784,5.96975434255978,9.9495855331138,99.6468118308545,290.523030958957,9.9495855331138,4.97479528546648,11.9395036473004,227.841727658138,7.95967245674638,87.9879926806508,4.97479528546648,7.95967245674638,84.5504541427032,105.525915822432,96.9463638338397,12.9344677422129,9.94959057093297,322.361965813715
5.96975434255978,7.95967245674638,8.95463151383967,289.522901588253,103.009550181978,11.9395086851196,8.95463151383967,8.95463151383967,9.94959057093297,69.6723632418485,8.95463151383967,107.455026621784,5.96975434255978,9.9495855331138,99.6468118308545,290.523030958957,9.9495855331138,4.97479528546648,11.9395036473004,227.841727658138,7.95967245674638,87.9879926806508,4.97479528546648,7.95967245674638,84.5504541427032,105.525915822432,96.9463638338397,12.9344677422129,9.94959057093297,322.361965813715
5.96975434255978,7.95967245674638,8.95463151383967,289.522901588253,103.009550181978,11.9395086851196,8.95463151383967,8.95463151383967,9.94959057093297,3.97983622837319,8.95463151383967,107.455026621784,5.96975434255978,9.9495855331138,9.94959057093297,290.523030958957,9.9495855331138,4.97479528546648,11.9395036473004,227.841727658138,7.95967245674638,87.9879926806508,4.97479528546648,7.95967245674638,84.5504541427032,105.525915822432,8.95463151384013,12.9344677422129,9.94959057093297,322.361965813715
5.96975434255978,7.95967245674638,8.95463151383967,289.522901588253,103.009550181978,11.9395086851196,8.95463151383967,8.95463151383967,9.94959057093297,3.97983622837319,8.95463151383967,107.455026621784,5.96975434255978,9.9495855331138,9.94959057093297,290.523030958957,9.9495855331138,4.97479528546648,11.9395036473004,227.841727658138,7.95967245674638,87.9879926806508,4.97479528546648,7.95967245674638,84.5504541427032,105.525915822432,8.95463151383967,12.9344677422129,9.94959057093297,322.361965813715
