723950162.749748,238735.389960231,91436.3007670039,204968424.983127,253156.004748399,69929097.5518701,78135612.292637,2757315.01068349,17017.6522634197,1385407.99296913,10086.7284485604,7947248.32825841,230932111.060491,1865771.10170693,24082010.8281354,48326923.0382026,187636.103379817,45900666.6620402,1699604.63914924,117930878.156159,165071742.014836,122034562.635103,50122.8206192424,6068.55046663424,8670522.76598185,1802222.99937334,20823080.1052559,11746314.6682012,245103003.36357,9643002.09275699
175227692.542276,21524.9675452612,9981.38042337444,8684706.75837338,84130.407434901,28891902.7812715,18749083.7732769,881468.071749083,6469.87630981715,109773.979180383,2697.16826802337,2140501.28933528,62712529.7937494,1385519.4424621,10791408.227395,16065316.8507878,51837.6489273535,3082091.02598294,597110.588882336,32210332.5293571,51646025.8031628,75826441.8876804,5363.68146531335,422.897963464351,892231.770684352,673846.96635297,438522.088420388,3688204.1143305,104294919.118557,3507620.46835685
171649.187803363,518.727424345554,686.062287223182,76075.3156250188,817.860416274097,199524.586126771,161975.311954549,1430.15829538014,699.670975126832,1030.06122579787,601.72878350586,190044.91443733,6689980.75919002,1975.79789784216,15073.1634871225,279704.171601095,1424.00712872706,56820.2146109763,839.045945078016,44153.4144714479,425046.54052943,17977.599288342,1020.41426113424,422.897963464351,6492.73942546187,698.195342590086,2200.35822033473,5124.98299035719,1672.71934522348,70380.6593657685
1014.65150416871,356.872876492841,206.999840012555,859.645967896246,289.022909244963,961.856903402749,465.425449661831,316.190906578452,350.915927228283,87.8643539827708,367.367831254097,888.980618723094,6166.7424093016,830.567824233618,715.161307472939,19092.9948916344,522.617252772143,665.799748119353,283.789316438283,1210.00378441507,647.090959695139,205.826569469038,338.348151785793,182.27406363312,248.597294624389,554.332508137927,356.518920257919,968.443901977459,857.799758870229,635.61406350602
83.9099310973993,148.104893185609,153.148764952171,283.582760954366,289.022909244963,116.367849131206,75.5798326563759,264.855200454151,241.714366119771,87.8643539827708,123.500712778913,104.636387824085,343.397503297914,115.991689869647,223.563948400016,133.60887750365,174.710442531615,282.337814160739,283.789316438283,309.923376015238,289.121984432508,77.671002013868,99.1576447789434,182.27406363312,248.597294624389,242.352746359072,306.333624900314,286.189088134612,332.253372573277,313.828143558374
83.9099310973993,69.9585566222022,51.2888048175346,143.208994771504,58.2809611544139,61.2834904127535,75.5798326563759,127.454095880905,89.9017902488322,77.0356256082678,61.7007427367862,86.0195695171255,193.552320863853,84.2035753429986,68.6311393704646,64.315365749143,117.891786844001,111.185003039207,114.858859830719,118.326176054355,145.292637525195,77.671002013868,96.9701734736386,182.27406363312,220.415023813042,131.035888469836,196.405717644548,162.740296356607,78.5126338893283,304.362692288978
83.9099310973993,61.3894119625634,51.2888048175346,61.6230912484484,57.2374406963067,61.2834904127535,52.377651330838,68.2304216219072,54.6513306468109,77.0356256082678,53.6582784828465,75.337984918423,107.039703536526,84.2035753429986,58.103520741955,56.7424996677596,73.7886806193851,104.532139081983,114.858859830719,118.326176054355,77.2902505586862,67.7895655949328,96.9701734736386,136.13723403423,83.0373687283277,79.2086819001443,67.7821212651111,89.078818128999,78.0459925476748,109.325037825939
83.9099310973993,52.0511182105847,51.2888048175346,53.7139697867187,57.2374406963067,61.2834904127535,52.377651330838,51.9424808937224,51.0645461600475,46.4695195650334,53.6582784828465,68.1127807411158,44.7254342635329,43.9101595667676,58.103520741955,56.7424996677596,43.3515449975594,82.8630062223442,62.7353097554956,93.7909210419139,49.0003486614019,66.8566172734177,56.2693458186895,53.5026711916676,50.188486788606,47.4206696113397,50.6080766104828,57.4076285672513,56.8822446788749,64.893864097498
43.7837817161758,52.0511182105847,46.810369923664,53.7139697867187,57.2374406963067,48.4425127671993,52.377651330838,43.1479317519161,51.0645461600475,46.4695195650334,53.6582784828465,58.0581970045241,44.7254342635329,43.9101595667676,58.103520741955,39.0623587560171,42.248633771449,50.1900381927512,39.4094399714836,50.3712624171503,49.0003486614019,49.3289020987854,42.6262609749724,53.5026711916676,50.188486788606,47.4206696113397,50.6080766104828,57.4076285672513,56.8822446788749,64.893864097498
43.7837817161758,52.0511182105847,46.810369923664,53.7139697867187,48.8790379370544,48.4425127671993,52.377651330838,43.1479317519161,51.0645461600475,46.4695195650334,45.9421671944292,48.9243074246215,44.7254342635329,43.9101595667676,58.103520741955,39.0623587560171,42.248633771449,48.5797834853693,39.4094399714836,43.124250830127,41.2800029962964,49.3289020987854,42.6262609749724,53.5026711916676,38.3352232615639,47.4206696113397,41.5223404675689,55.3692757959957,55.0903957947039,64.893864097498
43.7837817161758,37.8900319762761,45.6759780249013,41.3370580099881,47.4192966997357,48.4425127671993,52.377651330838,43.1479317519161,36.0907212368952,46.4695195650334,45.8586709179481,48.9243074246215,44.7254342635329,43.9101595667676,58.103520741955,39.0623587560171,42.248633771449,48.5797834853693,39.4094399714836,43.124250830127,41.2800029962964,49.3289020987854,42.6262609749724,53.5026711916676,38.3352232615639,47.4206696113397,41.5223404675689,46.9160022702144,43.2842176567638,47.3477348999841
43.7837817161758,37.8900319762761,45.2344599444218,41.3370580099881,47.4192966997357,48.4425127671993,52.377651330838,43.1479317519161,36.0907212368952,41.196499841788,39.7213210032819,48.9243074246215,44.7254342635329,43.9101595667676,58.103520741955,39.0623587560171,42.248633771449,48.5797834853693,35.2898344512105,41.3860603132839,41.2800029962964,49.3289020987854,42.6262609749724,53.5026711916676,38.3352232615639,47.4206696113397,41.5223404675689,43.7850474092329,41.3829557753279,47.3477348999841
42.444838740309,37.8900319762761,42.7124935614202,41.3370580099881,42.5427792360356,40.8840889398411,43.5018125937349,43.1479317519161,36.0907212368952,41.196499841788,39.7213210032819,38.7579774298806,44.7254342635329,43.9101595667676,40.6712027509197,39.0623587560171,40.5051553304902,45.7472705575246,35.2898344512105,41.3860603132839,41.2800029962964,44.1509305018144,42.6262609749724,48.8215103300513,38.3352232615639,47.4206696113397,41.5223404675689,43.7850474092329,39.2349469994692,39.7264538607683
42.444838740309,37.8900319762761,39.7754674273801,41.1193480488132,42.5427792360356,38.9904359775901,40.4867364443435,37.7752046359574,36.0907212368952,39.0042567842415,38.0727532241981,38.7579774298806,41.0331378569495,43.9101595667676,37.2696082670909,39.0623587560171,40.5051553304902,40.6729357830577,35.2898344512105,37.8504813822237,41.2028848842829,44.1509305018144,40.9603694762272,40.0512184144836,38.3352232615639,38.9212378211359,41.5223404675689,38.6089191698666,39.2349469994692,39.7264538607683
42.444838740309,36.1841426354099,39.7754674273801,41.1193480488132,40.1335803308734,38.9904359775901,39.9128578297514,37.7752046359574,36.0907212368952,39.0042567842415,38.0727532241981,38.7579774298806,40.5661551091548,39.3302214742002,37.2696082670909,39.0623587560171,40.5051553304902,40.6729357830577,35.2898344512105,37.8504813822237,41.2028848842829,41.9616155746667,36.7645116991557,40.0512184144836,38.3352232615639,38.9212378211359,41.0065535741005,38.6089191698666,39.2349469994692,38.4762072192534
36.9761908861874,36.1841426354099,39.7754674273801,39.6358224817486,35.6678171364647,38.2179777672955,39.9128578297514,37.7752046359574,36.0907212368952,37.4626236279514,38.0727532241981,38.7579774298806,39.7615056967543,32.614584122718,37.2696082670909,39.0623587560171,40.5051553304902,40.4376289469228,35.2898344512105,37.8504813822237,34.4355803428984,37.6015536663199,36.7645116991557,38.0890255853419,38.3352232615639,38.3189256097171,39.6870489528351,38.6089191698666,39.2349469994692,38.4762072192534
