346.54336566724,1028.04523688734,183.530203282043,363.817944757959,182.791514305497,181.702573922061,181.178485700752,284.957717781975,2213.35466197184,182.442286101981,249.692144791336,181.101022702821,208.312811754052,189.52290759804,315.124620707905,820.548395751383,224.986055608418,587.293746873163,238.430577612942,181.021904828817,325.796793932924,181.003560780235,180.958170278539,392.331286279357,228.334109898034,201.130681803074,180.924808513389,240.598614825627,182.451054216641,1534.15658302049
267.059448843508,367.113642828585,180.884057097547,202.901079518214,180.904075010132,180.790304837255,180.789710590146,187.552122290059,718.706624660305,180.805447155469,183.950069792885,180.789678499918,184.399881940988,180.965689347843,204.706092961821,359.84514003503,182.164882461253,226.971036292419,186.379382174107,180.790928262135,200.761820367066,180.786775900146,180.785575250372,270.045151297773,184.680194105908,182.185298846403,180.786457655338,183.906311708542,180.82870832192,428.724931072056
200.817447445096,241.895450963291,180.78616674654,185.928535652577,180.791440537405,180.781478691982,180.781336391252,181.647824756764,288.571172753883,180.782112416445,181.065787109705,180.781307692022,181.194903731546,180.816827194003,188.197115683975,267.988967330306,180.924249376696,189.699003452658,181.977135559676,180.781365848751,182.254808217829,180.781365339723,180.781359875579,207.188804532942,181.146879858336,180.998088585654,180.781338086243,181.273534888823,180.786130658772,290.372705770104
181.892307969809,189.322201235137,180.781272431952,181.045734162776,180.781354935196,180.781271678824,180.781271678903,180.8450989531,197.533371599166,180.781271682488,180.801534953582,180.781271678701,180.825837086614,180.782668127043,181.900272176914,192.838049135912,180.7905006944,181.420406684265,180.886421360364,180.781271680323,180.935747016681,180.781271678707,180.781271679378,183.869021335011,180.804341870093,180.796639396496,180.781271679185,180.801047122076,180.781293993261,211.695199010838
180.803687885649,180.975574614159,180.781271678439,180.788481533765,180.781271678405,180.781271677895,180.781271678143,180.781767903768,182.085897325115,180.781271677946,180.781327673893,180.781271677774,180.781471824293,180.781271678889,180.814631988381,180.936290908462,180.781271909565,180.791020559336,180.782388019799,180.781271678153,180.782351310352,180.78127167821,180.781271677962,180.839108444686,180.781301233496,180.781273420252,180.781271678345,180.781275237902,180.78127167867,181.510478560504
180.781274833244,180.785501248045,180.781271678267,180.781271685471,180.781271677938,180.781271677895,180.781271677847,180.781271678309,180.833217926554,180.781271677946,180.781271677975,180.781271677774,180.781271678698,180.78127167812,180.78131727675,180.78387616514,180.781271678332,180.781272865931,180.781271679894,180.781271677911,180.781271679371,180.781271678156,180.781271677962,180.781974554332,180.781271678785,180.781271678183,180.781271677848,180.781271678191,180.781271678005,180.799172243643
180.781271679286,180.78132142922,180.781271678083,180.781271678665,180.781271677938,180.781271677895,180.781271677847,180.781271677936,180.784508679748,180.781271677946,180.781271677975,180.781271677774,180.78127167862,180.781271678052,180.78127167911,180.781283600437,180.781271678,180.781271678889,180.781271678252,180.781271677911,180.78127167804,180.781271678024,180.781271677962,180.78127169126,180.78127167832,180.781271678068,180.781271677848,180.781271677917,180.781271678005,180.782272982675
180.781271678196,180.781271689809,180.781271678083,180.781271678399,180.781271677938,180.781271677895,180.781271677828,180.781271677936,180.781397747339,180.781271677929,180.781271677975,180.781271677774,180.781271678348,180.781271677934,180.781271678709,180.781271678236,180.781271678,180.781271677941,180.78127167805,180.781271677911,180.78127167804,180.781271677939,180.781271677962,180.781271678205,180.781271677898,180.781271677948,180.781271677848,180.781271677917,180.781271678005,180.781275167582
180.781271678196,180.781271679528,180.781271677981,180.781271678255,180.781271677844,180.781271677895,180.781271677828,180.781271677936,180.781272394566,180.781271677929,180.781271677975,180.781271677774,180.781271677928,180.781271677934,180.781271678709,180.781271678236,180.781271678,180.781271677941,180.78127167805,180.781271677841,180.781271677888,180.781271677897,180.781271677918,180.781271678205,180.781271677898,180.781271677948,180.781271677848,180.781271677917,180.781271678005,180.781271680883
180.781271678196,180.781271679523,180.781271677929,180.781271678105,180.781271677844,180.781271677895,180.781271677828,180.781271677936,180.78127167822,180.781271677929,180.781271677975,180.781271677774,180.781271677928,180.781271677934,180.781271678399,180.781271678226,180.781271678,180.781271677941,180.78127167805,180.781271677841,180.781271677888,180.781271677892,180.781271677918,180.781271678205,180.781271677898,180.781271677948,180.781271677848,180.781271677917,180.781271677952,180.781271678867
180.781271678103,180.781271678618,180.781271677929,180.781271678105,180.781271677844,180.781271677822,180.781271677828,180.781271677936,180.78127167822,180.781271677929,180.781271677975,180.781271677774,180.781271677928,180.781271677789,180.781271678399,180.781271678226,180.781271677951,180.781271677941,180.78127167805,180.781271677841,180.781271677888,180.781271677892,180.781271677918,180.781271678205,180.781271677898,180.781271677806,180.781271677848,180.781271677917,180.781271677882,180.78127167814
180.781271678053,180.781271678234,180.781271677929,180.781271678105,180.781271677844,180.781271677822,180.781271677828,180.781271677936,180.78127167822,180.781271677929,180.781271677975,180.781271677774,180.781271677928,180.781271677789,180.781271678399,180.781271678226,180.781271677951,180.781271677941,180.781271678004,180.781271677841,180.781271677888,180.781271677892,180.781271677911,180.781271678205,180.781271677898,180.781271677806,180.781271677848,180.781271677917,180.781271677882,180.78127167814
180.781271677889,180.781271678234,180.781271677929,180.78127167807,180.781271677776,180.781271677822,180.781271677828,180.781271677936,180.78127167822,180.781271677929,180.781271677975,180.781271677774,180.781271677928,180.781271677789,180.781271678399,180.781271678226,180.781271677951,180.781271677941,180.781271678004,180.781271677841,180.781271677888,180.781271677892,180.781271677911,180.781271678205,180.781271677898,180.781271677806,180.781271677848,180.781271677874,180.781271677882,180.78127167814
180.781271677855,180.781271677826,180.781271677929,180.781271677812,180.781271677776,180.781271677822,180.781271677828,180.781271677936,180.781271677891,180.781271677929,180.781271677779,180.781271677774,180.781271677928,180.781271677789,180.781271678036,180.781271677824,180.781271677904,180.781271677941,180.781271678004,180.781271677841,180.781271677888,180.781271677867,180.781271677758,180.78127167781,180.781271677898,180.781271677806,180.781271677848,180.781271677858,180.781271677882,180.781271678082
